1,20.0,20.0,20.0,20.0,20.0,20.0,20.0,20.0,20.0,20.0,20.0,20.0,20.0,20.0,20.0,20.0,20.0,20.0,20.0,20.0,20.0,20.0,20.0,20.0,20.0,20.0,20.0,20.0,20.0,20.0,20.0,20.0,20.0,20.0,20.0,20.0,20.0,20.0,20.0,20.0,20.0,20.0,20.0,20.0,20.0,20.0,20.0,20.0,20.0,20.0,20.0,20.0,20.0,20.0,20.0,20.0,20.0,20.0,20.0,20.0,20.0,20.0,20.0,20.0,20.0,20.0,20.0,20.0,20.0,20.0,20.0,20.0,20.0,20.0,20.0,20.0,20.0,20.0,20.0,20.0,20.0,20.0,20.0,20.0,20.0,20.0,20.0,20.0,20.0,20.0,20.0,20.0,20.0,20.0,20.0,20.0,20.0,20.0,20.0,20.0
2,20.0,21.0,21.0,20.0,20.0,18.0,21.0,18.0,20.0,20.0,20.0,21.0,21.0,20.0,21.0,20.0,21.0,21.0,20.0,19.0,20.0,20.0,21.0,21.0,21.0,21.0,21.0,21.0,21.0,20.0,20.0,21.0,21.0,21.0,20.0,20.0,21.0,20.0,20.0,21.0,20.0,22.0,20.0,21.0,20.0,21.0,21.0,21.0,20.0,21.0,20.0,20.0,20.0,20.0,20.0,20.0,20.0,21.0,20.0,20.0,21.0,21.0,20.0,19.0,21.0,18.0,21.0,21.0,21.0,20.0,20.0,20.0,20.0,21.0,21.0,22.0,21.0,21.0,20.0,21.0,21.0,20.0,20.0,21.0,21.0,20.0,21.0,21.0,21.0,21.0,20.0,20.0,20.0,19.0,21.0,20.0,20.0,20.0,21.0,20.0
3,22.0,15.0,19.0,17.0,20.0,16.0,20.0,26.0,21.0,18.0,25.0,13.0,16.0,26.0,17.0,22.0,16.0,19.0,25.0,17.0,17.0,16.0,24.0,20.0,17.0,25.0,16.0,15.0,25.0,18.0,26.0,15.0,16.0,18.0,14.0,18.0,19.0,17.0,20.0,16.0,25.0,17.0,25.0,17.0,17.0,19.0,25.0,18.0,17.0,17.0,16.0,24.0,25.0,25.0,17.0,25.0,19.0,25.0,17.0,19.0,19.0,21.0,18.0,25.0,21.0,22.0,15.0,19.0,21.0,18.0,25.0,22.0,17.0,20.0,18.0,20.0,18.0,18.0,17.0,14.0,17.0,18.0,17.0,19.0,24.0,23.0,17.0,14.0,18.0,22.0,24.0,17.0,19.0,18.0,16.0,25.0,17.0,20.0,25.0,23.0
4,8.0,14.0,3.0,6.0,7.0,6.0,3.0,1.0,0.0,15.0,0.0,5.0,8.0,5.0,8.0,0.0,1.0,1.0,0.0,5.0,11.0,0.0,8.0,0.0,6.0,0.0,7.0,0.0,2.0,6.0,2.0,2.0,4.0,2.0,4.0,6.0,1.0,4.0,0.0,4.0,7.0,6.0,3.0,10.0,0.0,0.0,4.0,2.0,1.0,16.0,6.0,5.0,6.0,6.0,4.0,6.0,8.0,0.0,6.0,4.0,1.0,0.0,0.0,0.0,2.0,0.0,0.0,0.0,4.0,13.0,4.0,6.0,0.0,0.0,1.0,1.0,3.0,9.0,6.0,5.0,4.0,0.0,9.0,2.0,7.0,2.0,4.0,7.0,18.0,0.0,11.0,9.0,0.0,3.0,0.0,4.0,0.0,7.0,0.0,0.0
5,4.0,4.0,11.0,6.0,11.0,22.0,14.0,11.0,5.0,17.0,2.0,5.0,3.0,0.0,6.0,0.0,12.0,1.0,0.0,5.0,14.0,0.0,1.0,12.0,6.0,0.0,6.0,0.0,9.0,12.0,6.0,7.0,6.0,11.0,9.0,15.0,17.0,1.0,0.0,9.0,4.0,12.0,7.0,0.0,0.0,0.0,6.0,20.0,9.0,2.0,7.0,5.0,6.0,4.0,12.0,3.0,6.0,4.0,7.0,17.0,0.0,0.0,0.0,0.0,0.0,0.0,0.0,0.0,0.0,8.0,0.0,0.0,0.0,0.0,2.0,1.0,4.0,6.0,0.0,4.0,2.0,0.0,3.0,0.0,0.0,0.0,2.0,0.0,1.0,0.0,0.0,0.0,0.0,5.0,0.0,0.0,0.0,0.0,0.0,0.0
6,28.0,0.0,3.0,0.0,25.0,30.0,21.0,0.0,29.0,23.0,41.0,32.0,35.0,0.0,12.0,0.0,0.0,0.0,0.0,40.0,32.0,17.0,0.0,26.0,31.0,35.0,0.0,16.0,20.0,36.0,24.0,0.0,40.0,0.0,26.0,0.0,25.0,37.0,38.0,23.0,0.0,22.0,26.0,0.0,0.0,0.0,30.0,20.0,0.0,0.0,0.0,24.0,22.0,38.0,25.0,24.0,38.0,0.0,13.0,0.0,0.0,26.0,37.0,41.0,0.0,0.0,30.0,0.0,0.0,35.0,0.0,0.0,34.0,0.0,30.0,26.0,40.0,0.0,0.0,40.0,0.0,27.0,40.0,0.0,0.0,0.0,27.0,0.0,0.0,0.0,0.0,0.0,23.0,40.0,33.0,0.0,37.0,0.0,25.0,27.0
7,15.0,27.0,11.0,14.0,10.0,22.0,16.0,22.0,11.0,14.0,6.0,5.0,8.0,0.0,2.0,9.0,4.0,5.0,7.0,8.0,8.0,9.0,7.0,10.0,5.0,8.0,9.0,15.0,9.0,11.0,5.0,21.0,4.0,27.0,14.0,17.0,8.0,0.0,10.0,17.0,6.0,9.0,15.0,12.0,4.0,12.0,26.0,18.0,6.0,13.0,18.0,7.0,20.0,2.0,14.0,23.0,4.0,8.0,6.0,15.0,3.0,0.0,0.0,3.0,5.0,4.0,0.0,10.0,0.0,6.0,0.0,8.0,8.0,6.0,21.0,7.0,1.0,6.0,9.0,1.0,11.0,11.0,1.0,1.0,12.0,8.0,0.0,0.0,2.0,0.0,9.0,11.0,9.0,0.0,1.0,0.0,1.0,0.0,14.0,22.0
8,21.0,25.0,0.0,0.0,31.0,0.0,0.0,28.0,23.0,0.0,21.0,0.0,30.0,0.0,33.0,24.0,0.0,0.0,0.0,0.0,0.0,33.0,2.0,21.0,32.0,30.0,0.0,32.0,0.0,11.0,0.0,0.0,0.0,22.0,29.0,0.0,24.0,0.0,26.0,17.0,37.0,33.0,0.0,0.0,34.0,33.0,0.0,27.0,0.0,5.0,10.0,0.0,0.0,0.0,29.0,26.0,0.0,33.0,0.0,31.0,32.0,0.0,0.0,29.0,33.0,0.0,42.0,31.0,0.0,30.0,0.0,0.0,0.0,0.0,0.0,33.0,31.0,35.0,0.0,30.0,29.0,0.0,0.0,0.0,29.0,34.0,10.0,0.0,28.0,33.0,0.0,24.0,0.0,0.0,33.0,0.0,2.0,36.0,20.0,0.0
9,26.0,0.0,21.0,28.0,0.0,22.0,33.0,15.0,26.0,22.0,27.0,22.0,21.0,0.0,22.0,0.0,26.0,19.0,21.0,0.0,22.0,21.0,0.0,28.0,0.0,0.0,0.0,0.0,0.0,22.0,27.0,21.0,27.0,21.0,20.0,23.0,0.0,0.0,0.0,0.0,0.0,19.0,21.0,24.0,22.0,22.0,21.0,0.0,22.0,0.0,17.0,21.0,22.0,22.0,20.0,0.0,22.0,0.0,0.0,0.0,22.0,29.0,0.0,0.0,22.0,20.0,26.0,0.0,21.0,0.0,27.0,22.0,0.0,0.0,0.0,19.0,21.0,0.0,0.0,20.0,0.0,19.0,21.0,0.0,24.0,22.0,19.0,22.0,29.0,25.0,23.0,22.0,0.0,0.0,0.0,10.0,18.0,24.0,26.0,21.0
10,21.0,13.0,0.0,22.0,0.0,0.0,0.0,0.0,0.0,23.0,0.0,21.0,21.0,22.0,22.0,23.0,23.0,31.0,0.0,22.0,21.0,18.0,24.0,20.0,21.0,23.0,23.0,0.0,22.0,0.0,0.0,22.0,22.0,22.0,19.0,24.0,0.0,21.0,21.0,20.0,23.0,20.0,22.0,24.0,22.0,22.0,23.0,21.0,0.0,24.0,21.0,0.0,0.0,24.0,0.0,0.0,0.0,0.0,22.0,21.0,0.0,20.0,0.0,21.0,22.0,21.0,25.0,0.0,22.0,21.0,24.0,25.0,0.0,24.0,20.0,19.0,0.0,22.0,22.0,0.0,0.0,20.0,22.0,22.0,23.0,22.0,19.0,0.0,23.0,0.0,0.0,0.0,0.0,0.0,20.0,21.0,20.0,21.0,19.0,14.0
11,20.0,23.0,0.0,22.0,22.0,24.0,0.0,0.0,0.0,0.0,20.0,21.0,0.0,23.0,22.0,23.0,23.0,23.0,0.0,22.0,23.0,19.0,12.0,20.0,0.0,23.0,0.0,21.0,23.0,22.0,22.0,23.0,21.0,0.0,0.0,24.0,0.0,22.0,0.0,0.0,23.0,21.0,0.0,24.0,22.0,22.0,23.0,21.0,23.0,20.0,22.0,23.0,23.0,23.0,0.0,0.0,24.0,24.0,22.0,22.0,0.0,20.0,24.0,21.0,0.0,22.0,24.0,22.0,22.0,23.0,24.0,0.0,0.0,22.0,21.0,0.0,21.0,1.0,0.0,0.0,2.0,20.0,22.0,0.0,24.0,22.0,0.0,24.0,22.0,23.0,0.0,22.0,21.0,0.0,20.0,21.0,0.0,14.0,19.0,22.0
12,20.0,0.0,0.0,22.0,0.0,24.0,22.0,23.0,21.0,0.0,22.0,21.0,21.0,23.0,22.0,23.0,23.0,23.0,0.0,23.0,24.0,19.0,21.0,20.0,0.0,24.0,0.0,22.0,23.0,23.0,22.0,0.0,0.0,0.0,0.0,24.0,23.0,22.0,23.0,21.0,0.0,21.0,24.0,24.0,0.0,22.0,23.0,22.0,24.0,21.0,22.0,23.0,0.0,23.0,22.0,0.0,24.0,23.0,0.0,0.0,23.0,20.0,22.0,23.0,14.0,0.0,0.0,0.0,0.0,0.0,8.0,0.0,24.0,22.0,22.0,0.0,22.0,23.0,24.0,0.0,23.0,0.0,0.0,23.0,24.0,22.0,21.0,23.0,0.0,23.0,22.0,23.0,23.0,25.0,12.0,22.0,21.0,0.0,12.0,22.0
13,0.0,0.0,23.0,0.0,24.0,24.0,0.0,25.0,22.0,22.0,22.0,0.0,22.0,24.0,23.0,25.0,24.0,0.0,21.0,1.0,24.0,20.0,20.0,20.0,0.0,24.0,22.0,0.0,23.0,25.0,23.0,23.0,0.0,24.0,20.0,23.0,0.0,23.0,25.0,0.0,0.0,0.0,0.0,24.0,24.0,23.0,24.0,23.0,24.0,22.0,22.0,0.0,25.0,0.0,24.0,0.0,24.0,0.0,23.0,24.0,0.0,21.0,23.0,23.0,25.0,23.0,18.0,0.0,23.0,24.0,0.0,22.0,23.0,23.0,22.0,0.0,22.0,0.0,25.0,23.0,0.0,22.0,24.0,25.0,24.0,0.0,22.0,0.0,10.0,0.0,18.0,23.0,24.0,21.0,21.0,23.0,22.0,0.0,0.0,24.0
14,22.0,0.0,0.0,23.0,23.0,24.0,24.0,7.0,23.0,19.0,23.0,4.0,0.0,24.0,0.0,24.0,24.0,23.0,17.0,24.0,0.0,20.0,21.0,20.0,25.0,24.0,18.0,23.0,25.0,24.0,23.0,24.0,0.0,0.0,22.0,23.0,25.0,23.0,24.0,23.0,0.0,22.0,0.0,24.0,23.0,23.0,24.0,23.0,0.0,22.0,0.0,24.0,22.0,0.0,24.0,21.0,0.0,0.0,16.0,0.0,0.0,21.0,0.0,23.0,23.0,6.0,25.0,0.0,0.0,0.0,0.0,18.0,23.0,23.0,23.0,23.0,23.0,24.0,24.0,8.0,21.0,22.0,0.0,0.0,0.0,24.0,22.0,23.0,23.0,0.0,19.0,25.0,24.0,22.0,22.0,23.0,23.0,23.0,21.0,23.0
15,23.0,19.0,0.0,23.0,24.0,23.0,24.0,0.0,23.0,0.0,0.0,0.0,23.0,24.0,23.0,0.0,24.0,23.0,19.0,21.0,25.0,0.0,21.0,2.0,22.0,24.0,20.0,24.0,0.0,24.0,13.0,23.0,25.0,22.0,0.0,23.0,21.0,23.0,24.0,24.0,21.0,0.0,21.0,24.0,23.0,0.0,25.0,23.0,25.0,0.0,23.0,22.0,0.0,22.0,0.0,17.0,24.0,0.0,24.0,24.0,21.0,22.0,23.0,0.0,23.0,0.0,25.0,20.0,20.0,24.0,20.0,0.0,0.0,23.0,24.0,0.0,23.0,20.0,24.0,24.0,18.0,0.0,25.0,25.0,0.0,25.0,0.0,19.0,0.0,22.0,20.0,24.0,24.0,0.0,22.0,23.0,23.0,24.0,23.0,23.0
16,23.0,16.0,18.0,25.0,23.0,23.0,25.0,22.0,18.0,21.0,24.0,25.0,0.0,12.0,4.0,24.0,24.0,23.0,19.0,22.0,20.0,0.0,22.0,11.0,23.0,24.0,21.0,24.0,24.0,24.0,24.0,9.0,21.0,19.0,25.0,23.0,22.0,0.0,23.0,0.0,18.0,0.0,18.0,23.0,0.0,23.0,24.0,24.0,21.0,0.0,24.0,22.0,23.0,19.0,24.0,16.0,19.0,17.0,23.0,0.0,15.0,0.0,19.0,24.0,22.0,23.0,25.0,17.0,0.0,20.0,16.0,0.0,23.0,23.0,0.0,0.0,23.0,21.0,0.0,0.0,19.0,0.0,21.0,21.0,21.0,24.0,23.0,21.0,22.0,0.0,21.0,24.0,24.0,23.0,22.0,0.0,23.0,0.0,23.0,23.0
17,0.0,18.0,0.0,23.0,23.0,23.0,24.0,19.0,24.0,18.0,23.0,0.0,24.0,24.0,23.0,20.0,24.0,11.0,20.0,22.0,21.0,23.0,0.0,23.0,23.0,24.0,22.0,23.0,0.0,22.0,0.0,23.0,22.0,20.0,22.0,23.0,22.0,0.0,23.0,0.0,19.0,25.0,20.0,22.0,23.0,0.0,24.0,24.0,0.0,20.0,24.0,23.0,20.0,20.0,0.0,20.0,21.0,15.0,22.0,0.0,19.0,23.0,21.0,22.0,0.0,14.0,25.0,0.0,22.0,21.0,18.0,19.0,20.0,23.0,24.0,22.0,24.0,22.0,0.0,0.0,0.0,23.0,22.0,22.0,0.0,24.0,24.0,21.0,19.0,21.0,0.0,24.0,24.0,20.0,19.0,18.0,24.0,24.0,23.0,24.0
18,24.0,18.0,4.0,23.0,23.0,23.0,24.0,0.0,0.0,0.0,23.0,23.0,19.0,23.0,20.0,12.0,23.0,23.0,21.0,22.0,21.0,23.0,0.0,24.0,23.0,23.0,22.0,0.0,22.0,23.0,24.0,21.0,22.0,21.0,23.0,23.0,23.0,24.0,22.0,21.0,20.0,21.0,20.0,23.0,0.0,23.0,23.0,23.0,23.0,17.0,0.0,23.0,0.0,21.0,22.0,20.0,0.0,17.0,23.0,7.0,19.0,23.0,21.0,23.0,23.0,20.0,25.0,20.0,18.0,21.0,19.0,16.0,0.0,23.0,0.0,19.0,0.0,18.0,20.0,20.0,21.0,19.0,22.0,0.0,20.0,0.0,24.0,22.0,0.0,18.0,22.0,24.0,24.0,21.0,24.0,23.0,24.0,20.0,23.0,20.0
19,21.0,20.0,17.0,0.0,23.0,23.0,24.0,21.0,24.0,21.0,23.0,19.0,21.0,23.0,21.0,21.0,23.0,21.0,0.0,22.0,22.0,24.0,20.0,25.0,23.0,23.0,0.0,23.0,19.0,2.0,20.0,0.0,22.0,21.0,23.0,23.0,5.0,21.0,22.0,18.0,21.0,22.0,21.0,22.0,21.0,20.0,0.0,25.0,20.0,19.0,23.0,22.0,22.0,21.0,19.0,21.0,22.0,18.0,23.0,17.0,20.0,23.0,22.0,23.0,19.0,21.0,25.0,9.0,20.0,23.0,20.0,7.0,22.0,22.0,22.0,21.0,24.0,22.0,18.0,17.0,0.0,0.0,10.0,23.0,17.0,24.0,24.0,22.0,0.0,19.0,19.0,0.0,0.0,21.0,24.0,21.0,24.0,0.0,24.0,23.0
20,22.0,20.0,15.0,5.0,23.0,23.0,0.0,18.0,21.0,18.0,14.0,20.0,0.0,22.0,21.0,20.0,23.0,21.0,21.0,22.0,22.0,24.0,0.0,25.0,23.0,23.0,23.0,20.0,20.0,23.0,21.0,0.0,23.0,22.0,23.0,23.0,23.0,21.0,22.0,19.0,21.0,23.0,21.0,22.0,19.0,21.0,23.0,24.0,21.0,20.0,20.0,23.0,7.0,21.0,21.0,0.0,19.0,19.0,23.0,16.0,21.0,25.0,22.0,23.0,20.0,21.0,25.0,19.0,19.0,23.0,20.0,19.0,0.0,23.0,19.0,21.0,21.0,0.0,19.0,19.0,20.0,21.0,22.0,20.0,19.0,20.0,23.0,22.0,8.0,20.0,20.0,23.0,25.0,22.0,0.0,22.0,23.0,22.0,24.0,0.0
21,0.0,21.0,17.0,20.0,23.0,22.0,23.0,20.0,22.0,20.0,23.0,21.0,22.0,23.0,21.0,21.0,22.0,4.0,0.0,0.0,22.0,25.0,20.0,24.0,23.0,23.0,10.0,21.0,21.0,20.0,0.0,20.0,23.0,23.0,23.0,23.0,20.0,0.0,22.0,20.0,22.0,23.0,0.0,22.0,20.0,22.0,19.0,24.0,21.0,21.0,21.0,22.0,20.0,22.0,21.0,21.0,20.0,20.0,23.0,18.0,22.0,24.0,22.0,22.0,21.0,22.0,26.0,19.0,21.0,23.0,21.0,18.0,21.0,22.0,0.0,22.0,21.0,23.0,20.0,20.0,16.0,19.0,21.0,21.0,19.0,21.0,23.0,23.0,17.0,0.0,21.0,20.0,21.0,22.0,24.0,22.0,16.0,19.0,24.0,23.0
22,22.0,23.0,18.0,18.0,23.0,21.0,21.0,19.0,22.0,20.0,0.0,23.0,20.0,22.0,23.0,21.0,24.0,23.0,20.0,0.0,22.0,24.0,19.0,25.0,24.0,24.0,22.0,22.0,22.0,21.0,22.0,18.0,23.0,24.0,23.0,23.0,22.0,23.0,22.0,22.0,23.0,25.0,23.0,23.0,21.0,23.0,22.0,24.0,22.0,23.0,21.0,23.0,19.0,23.0,3.0,18.0,21.0,22.0,7.0,19.0,22.0,25.0,15.0,22.0,22.0,20.0,26.0,21.0,21.0,23.0,20.0,20.0,0.0,24.0,0.0,24.0,23.0,21.0,21.0,22.0,0.0,20.0,21.0,22.0,21.0,22.0,23.0,0.0,18.0,14.0,20.0,21.0,22.0,22.0,0.0,22.0,22.0,20.0,24.0,19.0
23,21.0,16.0,17.0,16.0,22.0,19.0,21.0,28.0,23.0,19.0,27.0,15.0,16.0,29.0,19.0,24.0,18.0,19.0,23.0,18.0,20.0,20.0,23.0,23.0,20.0,28.0,1.0,17.0,27.0,10.0,25.0,14.0,19.0,21.0,17.0,21.0,21.0,17.0,22.0,18.0,28.0,20.0,24.0,19.0,18.0,21.0,26.0,21.0,19.0,17.0,17.0,27.0,25.0,15.0,19.0,25.0,20.0,24.0,0.0,19.0,20.0,25.0,21.0,28.0,22.0,24.0,20.0,18.0,23.0,21.0,26.0,21.0,17.0,23.0,17.0,22.0,20.0,18.0,18.0,16.0,16.0,19.0,19.0,20.0,0.0,25.0,20.0,17.0,16.0,22.0,25.0,18.0,21.0,21.0,18.0,27.0,19.0,21.0,28.0,23.0
24,8.0,15.0,2.0,6.0,10.0,9.0,5.0,3.0,2.0,15.0,0.0,8.0,9.0,7.0,10.0,2.0,3.0,1.0,0.0,3.0,14.0,3.0,9.0,3.0,9.0,3.0,9.0,2.0,4.0,8.0,3.0,2.0,7.0,5.0,7.0,9.0,3.0,5.0,2.0,6.0,10.0,9.0,4.0,12.0,2.0,3.0,6.0,5.0,3.0,17.0,8.0,8.0,8.0,9.0,4.0,6.0,10.0,0.0,7.0,5.0,2.0,4.0,2.0,3.0,4.0,2.0,5.0,0.0,6.0,16.0,5.0,6.0,0.0,2.0,0.0,3.0,5.0,10.0,8.0,7.0,1.0,1.0,11.0,4.0,10.0,4.0,6.0,7.0,17.0,0.0,12.0,11.0,2.0,6.0,0.0,6.0,2.0,9.0,3.0,0.0
25,5.0,5.0,13.0,6.0,13.0,25.0,16.0,12.0,7.0,18.0,2.0,8.0,4.0,2.0,8.0,2.0,14.0,2.0,0.0,4.0,16.0,3.0,1.0,15.0,9.0,3.0,6.0,2.0,12.0,12.0,7.0,7.0,9.0,14.0,11.0,18.0,19.0,2.0,2.0,11.0,7.0,15.0,9.0,2.0,2.0,3.0,8.0,23.0,11.0,3.0,9.0,8.0,8.0,6.0,12.0,4.0,8.0,5.0,6.0,17.0,2.0,3.0,2.0,3.0,2.0,2.0,6.0,0.0,2.0,11.0,2.0,0.0,0.0,3.0,0.0,4.0,6.0,7.0,2.0,5.0,0.0,2.0,6.0,2.0,0.0,2.0,4.0,0.0,0.0,0.0,1.0,2.0,2.0,8.0,0.0,2.0,1.0,2.0,2.0,1.0
26,29.0,1.0,4.0,0.0,28.0,33.0,0.0,2.0,31.0,24.0,42.0,0.0,0.0,3.0,14.0,2.0,2.0,1.0,0.0,39.0,15.0,20.0,0.0,30.0,34.0,38.0,0.0,15.0,0.0,37.0,0.0,0.0,43.0,0.0,24.0,2.0,27.0,38.0,40.0,25.0,3.0,25.0,28.0,2.0,3.0,3.0,0.0,4.0,2.0,1.0,2.0,0.0,0.0,39.0,26.0,26.0,41.0,1.0,12.0,0.0,2.0,30.0,39.0,6.0,2.0,2.0,37.0,0.0,2.0,38.0,2.0,1.0,34.0,2.0,29.0,29.0,42.0,2.0,1.0,41.0,0.0,29.0,42.0,2.0,0.0,3.0,29.0,1.0,0.0,0.0,2.0,2.0,25.0,43.0,34.0,0.0,0.0,2.0,28.0,28.0
27,17.0,29.0,13.0,15.0,13.0,25.0,18.0,24.0,13.0,15.0,8.0,9.0,11.0,3.0,4.0,12.0,6.0,6.0,7.0,8.0,11.0,13.0,8.0,13.0,8.0,12.0,10.0,18.0,12.0,12.0,8.0,22.0,7.0,30.0,17.0,20.0,10.0,1.0,12.0,19.0,9.0,12.0,17.0,14.0,7.0,16.0,29.0,21.0,8.0,14.0,20.0,11.0,22.0,5.0,15.0,25.0,7.0,9.0,6.0,16.0,5.0,4.0,2.0,7.0,7.0,6.0,8.0,11.0,2.0,9.0,2.0,9.0,9.0,9.0,20.0,10.0,3.0,8.0,11.0,3.0,10.0,13.0,4.0,3.0,14.0,11.0,2.0,1.0,1.0,0.0,11.0,13.0,12.0,3.0,2.0,2.0,4.0,3.0,17.0,24.0
28,23.0,27.0,2.0,2.0,34.0,4.0,0.0,0.0,25.0,2.0,23.0,0.0,27.0,4.0,36.0,27.0,3.0,2.0,0.0,0.0,1.0,5.0,3.0,0.0,35.0,11.0,2.0,34.0,0.0,13.0,0.0,1.0,2.0,25.0,31.0,3.0,26.0,2.0,28.0,19.0,40.0,36.0,2.0,3.0,37.0,37.0,0.0,27.0,2.0,7.0,12.0,0.0,0.0,2.0,31.0,28.0,2.0,34.0,0.0,18.0,34.0,4.0,2.0,26.0,34.0,3.0,50.0,32.0,2.0,0.0,2.0,2.0,0.0,3.0,0.0,36.0,33.0,37.0,2.0,30.0,29.0,2.0,3.0,2.0,31.0,38.0,12.0,2.0,28.0,34.0,3.0,27.0,2.0,2.0,34.0,2.0,0.0,39.0,0.0,1.0
29,0.0,2.0,23.0,30.0,3.0,26.0,33.0,0.0,28.0,24.0,29.0,22.0,19.0,4.0,0.0,3.0,29.0,21.0,22.0,1.0,23.0,0.0,2.0,31.0,2.0,4.0,2.0,2.0,0.0,5.0,26.0,24.0,30.0,25.0,21.0,27.0,2.0,2.0,2.0,2.0,4.0,12.0,0.0,26.0,26.0,27.0,0.0,0.0,24.0,2.0,19.0,22.0,22.0,24.0,22.0,2.0,12.0,2.0,0.0,0.0,25.0,33.0,2.0,0.0,25.0,23.0,35.0,1.0,23.0,4.0,29.0,24.0,0.0,4.0,0.0,21.0,23.0,2.0,2.0,22.0,0.0,21.0,23.0,3.0,27.0,14.0,21.0,24.0,30.0,27.0,26.0,25.0,2.0,3.0,0.0,13.0,16.0,27.0,29.0,24.0
30,0.0,15.0,0.0,1.0,2.0,5.0,0.0,0.0,2.0,25.0,3.0,22.0,21.0,27.0,25.0,27.0,28.0,34.0,0.0,5.0,23.0,18.0,26.0,20.0,24.0,23.0,26.0,3.0,24.0,3.0,0.0,0.0,25.0,25.0,17.0,0.0,2.0,23.0,23.0,22.0,26.0,23.0,26.0,27.0,25.0,26.0,24.0,0.0,3.0,27.0,24.0,2.0,0.0,28.0,3.0,3.0,4.0,0.0,23.0,21.0,0.0,24.0,3.0,0.0,24.0,25.0,33.0,2.0,25.0,0.0,27.0,27.0,0.0,29.0,21.0,22.0,3.0,24.0,24.0,2.0,4.0,23.0,26.0,25.0,26.0,26.0,21.0,3.0,24.0,2.0,4.0,3.0,3.0,3.0,22.0,24.0,19.0,0.0,18.0,17.0
31,20.0,12.0,3.0,25.0,0.0,28.0,1.0,0.0,0.0,3.0,23.0,23.0,0.0,29.0,22.0,28.0,27.0,26.0,1.0,26.0,25.0,16.0,0.0,21.0,0.0,25.0,3.0,24.0,26.0,23.0,22.0,27.0,24.0,4.0,3.0,26.0,3.0,25.0,0.0,3.0,27.0,23.0,0.0,28.0,25.0,26.0,22.0,24.0,27.0,23.0,0.0,25.0,0.0,27.0,3.0,0.0,26.0,0.0,25.0,23.0,3.0,24.0,28.0,23.0,3.0,26.0,32.0,24.0,25.0,0.0,26.0,2.0,2.0,0.0,23.0,0.0,23.0,4.0,4.0,2.0,5.0,23.0,26.0,5.0,28.0,24.0,0.0,27.0,24.0,0.0,0.0,25.0,25.0,5.0,19.0,25.0,0.0,0.0,19.0,25.0
32,17.0,3.0,3.0,22.0,5.0,0.0,24.0,22.0,24.0,3.0,27.0,23.0,23.0,29.0,23.0,28.0,27.0,12.0,2.0,24.0,27.0,17.0,0.0,15.0,3.0,26.0,4.0,25.0,26.0,25.0,25.0,0.0,3.0,3.0,2.0,25.0,26.0,25.0,0.0,24.0,3.0,23.0,0.0,29.0,3.0,26.0,23.0,22.0,29.0,24.0,0.0,26.0,3.0,27.0,26.0,4.0,27.0,26.0,3.0,1.0,0.0,0.0,27.0,17.0,17.0,0.0,0.0,3.0,3.0,0.0,11.0,3.0,26.0,27.0,24.0,3.0,26.0,26.0,27.0,3.0,27.0,3.0,4.0,0.0,27.0,25.0,23.0,28.0,2.0,26.0,27.0,27.0,28.0,0.0,15.0,26.0,0.0,1.0,13.0,26.0
33,0.0,1.0,8.0,0.0,1.0,30.0,3.0,26.0,25.0,26.0,26.0,3.0,24.0,30.0,24.0,30.0,0.0,4.0,24.0,3.0,0.0,20.0,22.0,23.0,4.0,27.0,27.0,4.0,27.0,27.0,26.0,24.0,3.0,29.0,23.0,25.0,5.0,26.0,29.0,4.0,4.0,3.0,2.0,28.0,25.0,6.0,26.0,24.0,28.0,25.0,23.0,3.0,24.0,4.0,28.0,4.0,27.0,0.0,0.0,13.0,0.0,0.0,0.0,24.0,18.0,26.0,27.0,2.0,26.0,21.0,3.0,26.0,0.0,24.0,25.0,3.0,25.0,4.0,30.0,26.0,6.0,25.0,27.0,31.0,28.0,3.0,25.0,3.0,0.0,0.0,23.0,27.0,28.0,28.0,0.0,27.0,25.0,0.0,1.0,27.0
34,22.0,3.0,5.0,24.0,26.0,26.0,27.0,8.0,26.0,23.0,28.0,0.0,2.0,30.0,2.0,29.0,3.0,24.0,20.0,27.0,4.0,20.0,0.0,22.0,29.0,28.0,24.0,27.0,29.0,27.0,26.0,26.0,4.0,5.0,25.0,26.0,29.0,0.0,23.0,26.0,0.0,25.0,0.0,0.0,27.0,27.0,9.0,0.0,4.0,25.0,0.0,4.0,23.0,4.0,28.0,25.0,4.0,0.0,21.0,3.0,0.0,22.0,4.0,24.0,27.0,10.0,35.0,0.0,3.0,0.0,0.0,22.0,26.0,26.0,26.0,26.0,27.0,28.0,28.0,6.0,25.0,25.0,5.0,0.0,4.0,28.0,0.0,27.0,26.0,0.0,5.0,0.0,28.0,24.0,25.0,0.0,22.0,24.0,23.0,27.0
35,24.0,22.0,2.0,25.0,23.0,27.0,28.0,2.0,0.0,4.0,5.0,4.0,12.0,30.0,25.0,0.0,0.0,26.0,0.0,25.0,26.0,0.0,21.0,4.0,28.0,28.0,26.0,29.0,4.0,28.0,16.0,25.0,0.0,27.0,4.0,27.0,27.0,27.0,26.0,29.0,0.0,0.0,22.0,30.0,26.0,2.0,28.0,26.0,29.0,3.0,22.0,10.0,1.0,27.0,3.0,23.0,28.0,0.0,24.0,25.0,22.0,20.0,24.0,2.0,25.0,4.0,36.0,18.0,23.0,0.0,0.0,0.0,0.0,26.0,27.0,5.0,27.0,25.0,28.0,28.0,24.0,3.0,29.0,0.0,4.0,0.0,0.0,24.0,2.0,24.0,25.0,9.0,29.0,3.0,22.0,27.0,24.0,26.0,25.0,27.0
36,0.0,0.0,21.0,28.0,23.0,27.0,29.0,0.0,22.0,24.0,29.0,28.0,0.0,17.0,0.0,29.0,23.0,26.0,22.0,26.0,22.0,2.0,19.0,14.0,28.0,29.0,26.0,29.0,28.0,28.0,28.0,12.0,0.0,26.0,28.0,27.0,1.0,0.0,0.0,4.0,24.0,3.0,20.0,6.0,4.0,0.0,26.0,24.0,26.0,3.0,25.0,23.0,25.0,25.0,28.0,21.0,24.0,19.0,25.0,2.0,17.0,0.0,21.0,0.0,24.0,27.0,36.0,21.0,4.0,22.0,20.0,3.0,23.0,26.0,3.0,4.0,27.0,26.0,4.0,4.0,25.0,3.0,27.0,0.0,26.0,29.0,23.0,25.0,24.0,3.0,23.0,0.0,28.0,26.0,0.0,0.0,25.0,2.0,26.0,19.0
37,4.0,22.0,4.0,26.0,25.0,28.0,28.0,22.0,25.0,0.0,29.0,0.0,0.0,24.0,27.0,25.0,20.0,14.0,19.0,26.0,23.0,26.0,0.0,0.0,0.0,0.0,27.0,27.0,5.0,26.0,4.0,26.0,24.0,26.0,27.0,28.0,27.0,0.0,27.0,0.0,21.0,29.0,22.0,25.0,27.0,4.0,27.0,26.0,5.0,23.0,25.0,23.0,23.0,0.0,5.0,0.0,26.0,18.0,18.0,2.0,22.0,23.0,0.0,14.0,3.0,20.0,36.0,3.0,26.0,19.0,18.0,22.0,21.0,27.0,27.0,28.0,28.0,26.0,3.0,3.0,5.0,26.0,27.0,22.0,0.0,0.0,25.0,25.0,22.0,23.0,3.0,25.0,28.0,25.0,22.0,0.0,0.0,27.0,26.0,28.0
38,22.0,19.0,8.0,26.0,26.0,28.0,28.0,0.0,2.0,4.0,29.0,27.0,0.0,29.0,0.0,17.0,0.0,26.0,21.0,26.0,24.0,27.0,0.0,28.0,0.0,29.0,26.0,5.0,26.0,21.0,28.0,25.0,21.0,27.0,0.0,15.0,0.0,27.0,20.0,26.0,23.0,5.0,22.0,24.0,5.0,24.0,27.0,26.0,27.0,21.0,2.0,24.0,3.0,27.0,26.0,25.0,5.0,20.0,26.0,10.0,0.0,25.0,24.0,24.0,26.0,25.0,36.0,0.0,23.0,0.0,21.0,19.0,1.0,21.0,4.0,0.0,4.0,0.0,24.0,25.0,26.0,24.0,27.0,0.0,25.0,3.0,26.0,26.0,2.0,22.0,25.0,22.0,29.0,26.0,23.0,0.0,27.0,24.0,26.0,23.0
39,0.0,22.0,22.0,4.0,27.0,28.0,0.0,21.0,26.0,22.0,29.0,23.0,21.0,28.0,25.0,26.0,23.0,24.0,0.0,26.0,0.0,28.0,0.0,26.0,25.0,25.0,0.0,28.0,24.0,7.0,11.0,4.0,23.0,27.0,28.0,28.0,8.0,24.0,5.0,0.0,0.0,27.0,0.0,0.0,25.0,23.0,4.0,28.0,25.0,22.0,25.0,24.0,25.0,7.0,24.0,0.0,26.0,21.0,25.0,20.0,23.0,25.0,22.0,23.0,22.0,26.0,36.0,0.0,25.0,24.0,0.0,10.0,23.0,26.0,25.0,27.0,29.0,26.0,23.0,22.0,5.0,3.0,15.0,22.0,22.0,24.0,26.0,25.0,2.0,22.0,23.0,0.0,4.0,26.0,25.0,21.0,23.0,4.0,28.0,23.0
40,23.0,22.0,0.0,9.0,28.0,29.0,4.0,19.0,25.0,20.0,0.0,24.0,0.0,27.0,21.0,25.0,21.0,25.0,23.0,26.0,26.0,29.0,0.0,27.0,22.0,0.0,0.0,0.0,25.0,27.0,25.0,4.0,25.0,28.0,24.0,27.0,23.0,24.0,0.0,25.0,24.0,25.0,16.0,26.0,24.0,0.0,28.0,24.0,26.0,23.0,0.0,0.0,11.0,25.0,26.0,2.0,24.0,22.0,26.0,19.0,20.0,28.0,0.0,24.0,24.0,25.0,12.0,19.0,15.0,21.0,22.0,22.0,0.0,27.0,23.0,23.0,26.0,1.0,24.0,24.0,24.0,25.0,26.0,21.0,24.0,22.0,0.0,25.0,11.0,23.0,24.0,24.0,29.0,27.0,2.0,20.0,24.0,26.0,28.0,4.0
41,0.0,23.0,22.0,24.0,28.0,28.0,24.0,21.0,26.0,22.0,3.0,25.0,21.0,0.0,22.0,26.0,22.0,7.0,2.0,3.0,23.0,30.0,19.0,27.0,12.0,13.0,14.0,26.0,20.0,25.0,2.0,4.0,25.0,28.0,25.0,28.0,21.0,0.0,23.0,22.0,22.0,26.0,0.0,22.0,25.0,26.0,24.0,29.0,26.0,0.0,25.0,25.0,23.0,23.0,25.0,22.0,25.0,23.0,26.0,21.0,23.0,28.0,24.0,24.0,24.0,26.0,0.0,17.0,25.0,23.0,0.0,0.0,23.0,25.0,3.0,25.0,26.0,25.0,24.0,0.0,21.0,23.0,26.0,23.0,24.0,23.0,0.0,26.0,20.0,2.0,0.0,23.0,26.0,27.0,27.0,21.0,17.0,24.0,28.0,26.0
42,22.0,25.0,21.0,22.0,0.0,27.0,23.0,0.0,26.0,22.0,4.0,26.0,21.0,27.0,25.0,26.0,25.0,26.0,22.0,0.0,24.0,29.0,18.0,29.0,3.0,25.0,23.0,0.0,26.0,25.0,25.0,23.0,26.0,29.0,0.0,28.0,24.0,26.0,20.0,25.0,0.0,14.0,23.0,25.0,26.0,0.0,27.0,28.0,26.0,26.0,22.0,23.0,23.0,26.0,7.0,20.0,26.0,24.0,0.0,0.0,25.0,29.0,14.0,25.0,25.0,24.0,38.0,20.0,23.0,24.0,22.0,23.0,2.0,28.0,3.0,27.0,28.0,24.0,25.0,27.0,5.0,24.0,26.0,0.0,26.0,25.0,24.0,3.0,21.0,17.0,0.0,24.0,27.0,26.0,4.0,15.0,24.0,24.0,28.0,7.0
43,22.0,20.0,20.0,20.0,27.0,0.0,23.0,30.0,18.0,21.0,29.0,0.0,18.0,30.0,0.0,29.0,20.0,22.0,25.0,0.0,22.0,25.0,23.0,27.0,21.0,29.0,3.0,20.0,30.0,15.0,29.0,16.0,23.0,26.0,21.0,26.0,23.0,0.0,22.0,21.0,30.0,24.0,25.0,22.0,22.0,23.0,24.0,26.0,23.0,18.0,18.0,28.0,28.0,18.0,10.0,27.0,0.0,28.0,3.0,22.0,23.0,0.0,21.0,32.0,25.0,27.0,27.0,19.0,26.0,21.0,25.0,22.0,19.0,26.0,20.0,25.0,25.0,8.0,21.0,0.0,7.0,23.0,24.0,22.0,4.0,29.0,18.0,15.0,19.0,25.0,27.0,21.0,25.0,0.0,21.0,28.0,21.0,25.0,32.0,27.0
44,10.0,18.0,5.0,10.0,12.0,16.0,8.0,3.0,7.0,19.0,3.0,11.0,11.0,10.0,13.0,7.0,4.0,4.0,2.0,8.0,17.0,8.0,13.0,7.0,8.0,5.0,11.0,2.0,8.0,13.0,7.0,5.0,11.0,10.0,7.0,14.0,6.0,9.0,3.0,9.0,9.0,11.0,5.0,15.0,6.0,2.0,11.0,10.0,7.0,19.0,10.0,10.0,11.0,13.0,8.0,8.0,15.0,4.0,9.0,5.0,4.0,9.0,3.0,7.0,7.0,6.0,14.0,1.0,8.0,17.0,5.0,8.0,2.0,6.0,5.0,7.0,10.0,13.0,11.0,9.0,6.0,4.0,15.0,3.0,14.0,8.0,6.0,10.0,19.0,3.0,11.0,15.0,6.0,11.0,4.0,7.0,5.0,13.0,7.0,2.0
45,7.0,9.0,16.0,9.0,16.0,29.0,19.0,13.0,10.0,22.0,6.0,9.0,6.0,5.0,9.0,6.0,15.0,4.0,1.0,6.0,19.0,8.0,3.0,20.0,9.0,6.0,8.0,3.0,15.0,17.0,10.0,10.0,13.0,19.0,13.0,24.0,22.0,3.0,4.0,14.0,7.0,18.0,10.0,6.0,6.0,4.0,11.0,28.0,14.0,5.0,11.0,10.0,11.0,10.0,15.0,7.0,9.0,8.0,9.0,19.0,5.0,4.0,4.0,7.0,4.0,5.0,15.0,2.0,4.0,13.0,3.0,2.0,2.0,6.0,4.0,7.0,11.0,8.0,5.0,7.0,3.0,5.0,11.0,2.0,5.0,6.0,5.0,3.0,2.0,2.0,0.0,5.0,6.0,9.0,4.0,3.0,4.0,5.0,6.0,4.0
46,32.0,4.0,8.0,4.0,32.0,39.0,3.0,4.0,36.0,28.0,47.0,0.0,0.0,7.0,15.0,7.0,4.0,5.0,2.0,42.0,19.0,25.0,3.0,35.0,15.0,42.0,0.0,17.0,4.0,43.0,4.0,4.0,48.0,6.0,27.0,9.0,0.0,40.0,0.0,28.0,5.0,29.0,30.0,6.0,8.0,0.0,4.0,9.0,7.0,3.0,4.0,3.0,4.0,44.0,3.0,29.0,44.0,4.0,15.0,2.0,5.0,33.0,41.0,11.0,5.0,6.0,48.0,2.0,5.0,41.0,3.0,3.0,36.0,6.0,34.0,33.0,48.0,4.0,4.0,44.0,4.0,32.0,1.0,0.0,5.0,2.0,31.0,4.0,3.0,0.0,3.0,6.0,29.0,0.0,39.0,1.0,3.0,6.0,32.0,31.0
47,20.0,33.0,17.0,19.0,17.0,31.0,21.0,26.0,18.0,19.0,15.0,12.0,14.0,7.0,7.0,18.0,9.0,10.0,9.0,12.0,15.0,18.0,0.0,18.0,11.0,18.0,14.0,21.0,16.0,19.0,12.0,26.0,13.0,35.0,21.0,27.0,14.0,4.0,17.0,24.0,12.0,17.0,20.0,20.0,12.0,19.0,34.0,27.0,12.0,17.0,23.0,15.0,26.0,10.0,20.0,29.0,11.0,12.0,10.0,19.0,9.0,7.0,5.0,12.0,11.0,11.0,21.0,13.0,5.0,12.0,4.0,11.0,11.0,14.0,26.0,15.0,10.0,3.0,15.0,6.0,14.0,17.0,11.0,5.0,20.0,16.0,5.0,5.0,5.0,5.0,13.0,18.0,17.0,7.0,8.0,4.0,8.0,8.0,22.0,29.0
48,0.0,32.0,6.0,7.0,39.0,11.0,4.0,3.0,30.0,5.0,28.0,0.0,0.0,10.0,39.0,35.0,6.0,7.0,3.0,4.0,6.0,11.0,7.0,0.0,36.0,0.0,6.0,38.0,6.0,19.0,5.0,6.0,7.0,32.0,35.0,11.0,26.0,5.0,20.0,23.0,0.0,41.0,5.0,10.0,44.0,41.0,0.0,34.0,8.0,11.0,16.0,4.0,5.0,7.0,31.0,32.0,5.0,35.0,4.0,21.0,38.0,7.0,5.0,32.0,39.0,8.0,63.0,35.0,6.0,3.0,5.0,5.0,3.0,8.0,5.0,25.0,39.0,30.0,7.0,33.0,34.0,6.0,3.0,4.0,38.0,44.0,15.0,7.0,32.0,39.0,6.0,33.0,0.0,0.0,0.0,5.0,0.0,45.0,4.0,6.0
49,4.0,6.0,28.0,0.0,8.0,33.0,37.0,3.0,34.0,28.0,0.0,27.0,24.0,11.0,5.0,11.0,32.0,27.0,12.0,5.0,22.0,6.0,6.0,37.0,4.0,10.0,7.0,7.0,6.0,11.0,32.0,29.0,23.0,32.0,26.0,35.0,3.0,6.0,3.0,6.0,9.0,17.0,2.0,0.0,34.0,31.0,6.0,7.0,31.0,6.0,23.0,27.0,27.0,30.0,24.0,6.0,16.0,6.0,5.0,3.0,30.0,38.0,6.0,0.0,30.0,0.0,49.0,4.0,28.0,7.0,33.0,12.0,3.0,10.0,4.0,27.0,0.0,6.0,7.0,26.0,5.0,25.0,25.0,6.0,0.0,21.0,24.0,30.0,35.0,33.0,29.0,32.0,7.0,3.0,6.0,0.0,0.0,34.0,34.0,29.0
50,0.0,0.0,0.0,7.0,7.0,13.0,5.0,3.0,8.0,20.0,10.0,27.0,20.0,35.0,30.0,0.0,32.0,41.0,4.0,10.0,28.0,25.0,30.0,2.0,27.0,28.0,32.0,8.0,31.0,10.0,7.0,5.0,32.0,32.0,22.0,10.0,4.0,0.0,24.0,27.0,25.0,28.0,29.0,36.0,15.0,31.0,30.0,6.0,11.0,32.0,29.0,8.0,5.0,36.0,5.0,6.0,9.0,3.0,29.0,25.0,4.0,29.0,7.0,7.0,29.0,0.0,47.0,5.0,31.0,4.0,32.0,31.0,3.0,36.0,28.0,25.0,10.0,26.0,30.0,6.0,8.0,0.0,29.0,28.0,33.0,32.0,12.0,9.0,28.0,6.0,9.0,10.0,8.0,4.0,0.0,0.0,25.0,6.0,0.0,23.0
51,22.0,17.0,8.0,0.0,6.0,36.0,5.0,4.0,5.0,7.0,25.0,0.0,0.0,38.0,27.0,37.0,31.0,33.0,3.0,32.0,30.0,24.0,5.0,2.0,0.0,32.0,0.0,29.0,35.0,31.0,28.0,32.0,29.0,11.0,8.0,35.0,6.0,31.0,2.0,8.0,18.0,29.0,4.0,0.0,32.0,30.0,30.0,32.0,34.0,29.0,5.0,30.0,5.0,35.0,6.0,4.0,32.0,4.0,32.0,0.0,7.0,30.0,33.0,30.0,0.0,29.0,45.0,27.0,31.0,4.0,31.0,4.0,0.0,8.0,31.0,4.0,22.0,8.0,11.0,5.0,3.0,0.0,31.0,10.0,29.0,31.0,4.0,33.0,28.0,4.0,0.0,0.0,32.0,7.0,22.0,28.0,2.0,0.0,0.0,31.0
52,20.0,6.0,8.0,0.0,12.0,11.0,29.0,0.0,31.0,5.0,31.0,28.0,24.0,38.0,29.0,32.0,31.0,18.0,5.0,32.0,32.0,0.0,5.0,18.0,7.0,33.0,11.0,32.0,34.0,34.0,33.0,7.0,8.0,10.0,6.0,37.0,30.0,23.0,4.0,30.0,5.0,28.0,4.0,35.0,8.0,31.0,31.0,0.0,37.0,0.0,4.0,0.0,9.0,35.0,1.0,8.0,34.0,31.0,9.0,5.0,5.0,6.0,33.0,5.0,22.0,0.0,13.0,7.0,8.0,5.0,15.0,5.0,30.0,35.0,32.0,7.0,31.0,30.0,34.0,5.0,34.0,5.0,9.0,4.0,30.0,14.0,0.0,35.0,5.0,31.0,32.0,35.0,36.0,3.0,15.0,25.0,4.0,0.0,16.0,33.0
53,2.0,5.0,14.0,0.0,10.0,40.0,0.0,27.0,32.0,30.0,31.0,4.0,27.0,15.0,29.0,35.0,0.0,9.0,28.0,11.0,5.0,28.0,28.0,23.0,8.0,35.0,33.0,10.0,0.0,35.0,33.0,30.0,8.0,37.0,28.0,35.0,9.0,29.0,0.0,11.0,5.0,8.0,6.0,30.0,30.0,11.0,33.0,33.0,36.0,30.0,29.0,9.0,31.0,11.0,33.0,9.0,0.0,5.0,6.0,13.0,5.0,6.0,5.0,32.0,22.0,27.0,40.0,5.0,31.0,27.0,7.0,29.0,4.0,33.0,24.0,8.0,10.0,9.0,37.0,31.0,12.0,23.0,4.0,36.0,31.0,0.0,30.0,10.0,3.0,6.0,28.0,30.0,0.0,32.0,0.0,28.0,30.0,7.0,1.0,0.0
54,25.0,7.0,11.0,20.0,36.0,38.0,32.0,9.0,34.0,0.0,33.0,2.0,5.0,0.0,7.0,35.0,6.0,29.0,24.0,34.0,0.0,24.0,0.0,24.0,34.0,14.0,32.0,33.0,36.0,12.0,33.0,33.0,10.0,14.0,0.0,37.0,33.0,3.0,29.0,33.0,2.0,30.0,5.0,4.0,33.0,32.0,16.0,0.0,11.0,0.0,7.0,6.0,30.0,11.0,28.0,31.0,11.0,0.0,13.0,4.0,7.0,29.0,8.0,29.0,32.0,12.0,49.0,3.0,9.0,7.0,4.0,25.0,0.0,34.0,32.0,32.0,33.0,33.0,35.0,0.0,31.0,25.0,12.0,6.0,7.0,32.0,1.0,0.0,29.0,4.0,10.0,5.0,35.0,30.0,27.0,1.0,28.0,30.0,24.0,34.0
55,27.0,27.0,9.0,22.0,0.0,34.0,34.0,3.0,7.0,0.0,11.0,7.0,15.0,35.0,29.0,6.0,3.0,33.0,4.0,33.0,32.0,5.0,26.0,0.0,0.0,35.0,32.0,36.0,6.0,36.0,22.0,32.0,7.0,35.0,11.0,37.0,31.0,30.0,11.0,36.0,3.0,6.0,27.0,35.0,31.0,7.0,34.0,32.0,36.0,0.0,0.0,13.0,8.0,35.0,5.0,29.0,29.0,5.0,33.0,27.0,29.0,28.0,21.0,7.0,0.0,7.0,50.0,22.0,29.0,6.0,5.0,3.0,4.0,25.0,0.0,0.0,30.0,31.0,34.0,34.0,30.0,0.0,31.0,5.0,8.0,4.0,2.0,31.0,5.0,29.0,30.0,14.0,0.0,9.0,26.0,29.0,30.0,34.0,27.0,28.0
56,2.0,6.0,28.0,26.0,34.0,38.0,35.0,2.0,10.0,25.0,34.0,32.0,3.0,18.0,5.0,35.0,27.0,32.0,25.0,34.0,28.0,7.0,24.0,17.0,10.0,33.0,33.0,36.0,29.0,32.0,34.0,18.0,8.0,35.0,17.0,37.0,6.0,0.0,0.0,11.0,28.0,9.0,0.0,12.0,9.0,4.0,33.0,31.0,34.0,2.0,32.0,28.0,0.0,34.0,31.0,27.0,28.0,25.0,31.0,5.0,26.0,7.0,28.0,5.0,29.0,31.0,8.0,26.0,10.0,15.0,25.0,6.0,22.0,34.0,8.0,10.0,31.0,32.0,9.0,0.0,0.0,5.0,10.0,5.0,30.0,13.0,26.0,26.0,27.0,9.0,28.0,7.0,32.0,32.0,4.0,3.0,31.0,10.0,29.0,22.0
57,7.0,28.0,0.0,25.0,30.0,39.0,33.0,0.0,34.0,0.0,36.0,0.0,3.0,26.0,32.0,33.0,25.0,20.0,24.0,34.0,29.0,32.0,0.0,3.0,2.0,5.0,34.0,0.0,10.0,32.0,10.0,32.0,34.0,35.0,31.0,38.0,32.0,4.0,0.0,0.0,0.0,36.0,20.0,31.0,33.0,9.0,34.0,33.0,12.0,23.0,27.0,29.0,31.0,9.0,9.0,6.0,30.0,0.0,24.0,4.0,30.0,30.0,4.0,21.0,3.0,25.0,49.0,7.0,4.0,0.0,25.0,25.0,22.0,33.0,27.0,34.0,33.0,31.0,8.0,0.0,11.0,28.0,32.0,6.0,5.0,6.0,29.0,28.0,24.0,29.0,8.0,32.0,27.0,32.0,26.0,3.0,5.0,34.0,30.0,32.0
58,26.0,26.0,0.0,27.0,34.0,39.0,33.0,4.0,7.0,6.0,36.0,32.0,4.0,0.0,6.0,24.0,5.0,31.0,25.0,0.0,30.0,35.0,4.0,32.0,0.0,34.0,32.0,12.0,31.0,27.0,8.0,31.0,33.0,36.0,2.0,25.0,5.0,31.0,23.0,33.0,24.0,13.0,24.0,12.0,11.0,31.0,34.0,33.0,34.0,22.0,5.0,29.0,5.0,35.0,30.0,31.0,10.0,27.0,32.0,14.0,0.0,33.0,29.0,32.0,28.0,30.0,44.0,4.0,30.0,6.0,27.0,23.0,2.0,27.0,6.0,7.0,9.0,5.0,29.0,30.0,27.0,27.0,29.0,8.0,0.0,6.0,0.0,0.0,5.0,28.0,30.0,31.0,13.0,33.0,28.0,3.0,32.0,33.0,30.0,27.0
59,5.0,29.0,0.0,5.0,35.0,34.0,5.0,0.0,32.0,26.0,36.0,28.0,1.0,0.0,31.0,34.0,25.0,30.0,3.0,34.0,6.0,35.0,4.0,0.0,27.0,32.0,6.0,30.0,29.0,14.0,18.0,10.0,35.0,26.0,32.0,38.0,0.0,30.0,4.0,7.0,1.0,34.0,2.0,8.0,32.0,30.0,10.0,35.0,33.0,24.0,28.0,29.0,29.0,17.0,29.0,7.0,31.0,24.0,31.0,24.0,31.0,33.0,28.0,7.0,25.0,32.0,46.0,5.0,27.0,26.0,6.0,14.0,24.0,32.0,28.0,34.0,34.0,31.0,29.0,27.0,8.0,6.0,19.0,26.0,28.0,29.0,30.0,0.0,5.0,28.0,29.0,9.0,7.0,33.0,30.0,15.0,30.0,12.0,33.0,0.0
60,27.0,29.0,5.0,9.0,36.0,39.0,8.0,21.0,33.0,25.0,7.0,0.0,6.0,28.0,28.0,0.0,26.0,30.0,26.0,29.0,32.0,36.0,5.0,33.0,25.0,7.0,6.0,4.0,0.0,34.0,28.0,10.0,0.0,38.0,29.0,38.0,29.0,29.0,0.0,32.0,21.0,34.0,18.0,31.0,31.0,6.0,34.0,31.0,33.0,26.0,4.0,5.0,16.0,34.0,31.0,9.0,30.0,26.0,0.0,0.0,28.0,35.0,6.0,33.0,0.0,31.0,22.0,24.0,19.0,25.0,28.0,26.0,2.0,33.0,27.0,33.0,33.0,7.0,21.0,29.0,27.0,29.0,31.0,26.0,25.0,28.0,0.0,27.0,14.0,29.0,29.0,32.0,30.0,33.0,7.0,0.0,30.0,34.0,31.0,9.0
61,5.0,30.0,24.0,25.0,36.0,38.0,30.0,19.0,34.0,27.0,9.0,31.0,23.0,0.0,29.0,34.0,17.0,12.0,5.0,7.0,30.0,37.0,25.0,28.0,16.0,20.0,21.0,30.0,26.0,34.0,6.0,10.0,36.0,36.0,1.0,39.0,26.0,5.0,25.0,31.0,26.0,34.0,3.0,29.0,0.0,0.0,31.0,35.0,34.0,3.0,30.0,30.0,28.0,34.0,30.0,30.0,0.0,0.0,32.0,26.0,31.0,35.0,29.0,0.0,29.0,32.0,0.0,23.0,30.0,27.0,7.0,4.0,25.0,31.0,7.0,34.0,33.0,31.0,29.0,6.0,25.0,27.0,31.0,28.0,0.0,30.0,0.0,24.0,24.0,0.0,5.0,0.0,29.0,33.0,31.0,25.0,22.0,33.0,33.0,28.0
62,27.0,32.0,25.0,24.0,8.0,38.0,0.0,0.0,33.0,28.0,0.0,27.0,25.0,28.0,31.0,0.0,29.0,31.0,25.0,5.0,0.0,35.0,25.0,32.0,7.0,34.0,31.0,6.0,28.0,0.0,0.0,30.0,31.0,37.0,5.0,32.0,29.0,31.0,23.0,7.0,3.0,22.0,17.0,33.0,33.0,8.0,34.0,35.0,34.0,30.0,28.0,29.0,29.0,36.0,0.0,29.0,32.0,29.0,1.0,1.0,32.0,35.0,20.0,31.0,25.0,30.0,50.0,0.0,29.0,28.0,28.0,26.0,4.0,34.0,7.0,36.0,35.0,31.0,29.0,33.0,9.0,0.0,31.0,0.0,31.0,32.0,27.0,3.0,25.0,22.0,5.0,34.0,31.0,32.0,9.0,15.0,29.0,33.0,33.0,10.0
63,28.0,27.0,0.0,22.0,35.0,0.0,29.0,31.0,26.0,26.0,0.0,3.0,22.0,33.0,6.0,35.0,23.0,28.0,28.0,6.0,29.0,31.0,30.0,30.0,26.0,0.0,11.0,26.0,34.0,24.0,35.0,24.0,30.0,34.0,22.0,37.0,19.0,6.0,26.0,29.0,33.0,32.0,30.0,30.0,25.0,25.0,0.0,32.0,31.0,18.0,24.0,31.0,31.0,28.0,15.0,35.0,2.0,28.0,6.0,25.0,7.0,6.0,9.0,34.0,28.0,33.0,41.0,0.0,32.0,26.0,14.0,27.0,22.0,32.0,25.0,34.0,32.0,14.0,26.0,0.0,11.0,17.0,30.0,26.0,5.0,36.0,22.0,16.0,24.0,0.0,33.0,26.0,29.0,6.0,25.0,30.0,26.0,33.0,37.0,31.0
64,15.0,24.0,10.0,12.0,22.0,27.0,11.0,5.0,15.0,25.0,12.0,14.0,15.0,13.0,19.0,9.0,8.0,10.0,5.0,15.0,20.0,14.0,19.0,11.0,14.0,15.0,19.0,9.0,12.0,18.0,9.0,13.0,18.0,18.0,10.0,24.0,11.0,14.0,6.0,14.0,13.0,20.0,8.0,24.0,10.0,7.0,19.0,17.0,14.0,24.0,16.0,15.0,17.0,23.0,12.0,16.0,19.0,6.0,13.0,9.0,10.0,15.0,9.0,11.0,10.0,12.0,27.0,3.0,14.0,23.0,12.0,12.0,5.0,13.0,11.0,15.0,17.0,19.0,16.0,16.0,11.0,5.0,21.0,8.0,17.0,15.0,10.0,12.0,24.0,9.0,18.0,22.0,11.0,16.0,10.0,9.0,10.0,21.0,12.0,7.0
65,12.0,15.0,18.0,12.0,26.0,41.0,23.0,15.0,18.0,28.0,10.0,13.0,9.0,9.0,17.0,10.0,20.0,10.0,4.0,15.0,24.0,14.0,9.0,24.0,15.0,10.0,16.0,10.0,20.0,25.0,14.0,18.0,21.0,28.0,17.0,36.0,26.0,10.0,8.0,20.0,11.0,26.0,13.0,15.0,11.0,9.0,15.0,35.0,22.0,9.0,17.0,15.0,16.0,21.0,20.0,14.0,14.0,11.0,14.0,23.0,8.0,12.0,7.0,11.0,8.0,10.0,30.0,1.0,10.0,18.0,7.0,6.0,5.0,13.0,11.0,15.0,18.0,15.0,10.0,15.0,8.0,6.0,17.0,7.0,9.0,13.0,9.0,6.0,6.0,4.0,6.0,12.0,11.0,16.0,10.0,5.0,9.0,13.0,12.0,9.0
66,37.0,11.0,0.0,7.0,44.0,56.0,8.0,6.0,47.0,34.0,54.0,4.0,4.0,12.0,24.0,13.0,9.0,13.0,5.0,52.0,0.0,34.0,10.0,41.0,21.0,50.0,0.0,0.0,10.0,52.0,8.0,12.0,59.0,19.0,32.0,24.0,5.0,47.0,4.0,17.0,9.0,40.0,0.0,16.0,14.0,0.0,10.0,0.0,18.0,8.0,11.0,8.0,10.0,53.0,9.0,37.0,50.0,7.0,20.0,6.0,10.0,0.0,46.0,16.0,10.0,12.0,70.0,0.0,12.0,46.0,8.0,8.0,40.0,14.0,42.0,0.0,58.0,11.0,10.0,53.0,10.0,34.0,8.0,5.0,9.0,10.0,36.0,7.0,8.0,3.0,10.0,15.0,35.0,6.0,46.0,0.0,9.0,16.0,0.0,38.0
67,26.0,41.0,4.0,23.0,31.0,48.0,0.0,28.0,24.0,25.0,0.0,17.0,19.0,0.0,17.0,25.0,0.0,0.0,2.0,24.0,0.0,27.0,7.0,24.0,18.0,0.0,0.0,32.0,0.0,30.0,18.0,36.0,25.0,49.0,27.0,44.0,19.0,12.0,22.0,33.0,16.0,28.0,25.0,0.0,20.0,28.0,0.0,37.0,23.0,22.0,0.0,21.0,33.0,0.0,0.0,0.0,0.0,16.0,16.0,24.0,0.0,0.0,0.0,0.0,16.0,17.0,45.0,0.0,13.0,0.0,0.0,0.0,15.0,0.0,35.0,0.0,20.0,11.0,22.0,16.0,0.0,20.0,18.0,11.0,26.0,25.0,10.0,0.0,11.0,9.0,21.0,0.0,24.0,14.0,15.0,0.0,0.0,19.0,30.0,0.0
68,5.0,19.0,10.0,11.0,52.0,0.0,11.0,0.0,41.0,11.0,36.0,6.0,6.0,18.0,49.0,44.0,0.0,17.0,8.0,14.0,10.0,19.0,15.0,6.0,42.0,0.0,16.0,0.0,13.0,0.0,12.0,17.0,0.0,0.0,41.0,0.0,32.0,12.0,0.0,0.0,0.0,0.0,5.0,20.0,0.0,0.0,0.0,42.0,19.0,0.0,25.0,11.0,13.0,21.0,39.0,38.0,11.0,39.0,11.0,27.0,0.0,0.0,10.0,39.0,45.0,15.0,85.0,0.0,15.0,8.0,12.0,12.0,6.0,0.0,14.0,31.0,0.0,0.0,15.0,41.0,0.0,10.0,12.0,12.0,44.0,55.0,20.0,12.0,0.0,0.0,15.0,45.0,7.0,8.0,7.0,9.0,7.0,56.0,7.0,0.0
69,0.0,0.0,0.0,4.0,0.0,49.0,40.0,6.0,45.0,35.0,6.0,33.0,0.0,0.0,0.0,20.0,37.0,35.0,15.0,0.0,25.0,15.0,15.0,0.0,12.0,0.0,15.0,16.0,11.0,23.0,40.0,39.0,34.0,47.0,32.0,52.0,9.0,0.0,9.0,0.0,0.0,28.0,0.0,0.0,0.0,11.0,9.0,16.0,43.0,13.0,26.0,0.0,35.0,0.0,0.0,0.0,0.0,11.0,13.0,8.0,0.0,42.0,10.0,6.0,37.0,8.0,70.0,0.0,38.0,10.0,0.0,16.0,0.0,0.0,0.0,25.0,0.0,16.0,15.0,36.0,11.0,29.0,35.0,15.0,7.0,32.0,30.0,0.0,43.0,40.0,33.0,40.0,0.0,12.0,13.0,0.0,6.0,0.0,39.0,32.0
70,0.0,5.0,4.0,0.0,19.0,27.0,0.0,0.0,19.0,27.0,17.0,35.0,28.0,0.0,7.0,0.0,37.0,51.0,8.0,23.0,33.0,34.0,39.0,0.0,0.0,0.0,42.0,0.0,38.0,18.0,16.0,17.0,0.0,41.0,28.0,25.0,9.0,8.0,0.0,0.0,0.0,0.0,31.0,29.0,17.0,0.0,35.0,14.0,12.0,36.0,35.0,16.0,14.0,50.0,10.0,11.0,0.0,8.0,38.0,30.0,5.0,0.0,0.0,13.0,36.0,8.0,64.0,0.0,42.0,8.0,41.0,38.0,0.0,44.0,37.0,31.0,15.0,30.0,0.0,14.0,8.0,5.0,21.0,37.0,40.0,42.0,18.0,0.0,0.0,5.0,20.0,0.0,0.0,15.0,9.0,5.0,33.0,0.0,5.0,26.0
71,0.0,21.0,8.0,6.0,18.0,52.0,10.0,0.0,0.0,14.0,35.0,0.0,2.0,0.0,37.0,48.0,0.0,44.0,0.0,45.0,0.0,35.0,15.0,3.0,0.0,40.0,0.0,0.0,44.0,42.0,37.0,44.0,41.0,22.0,0.0,0.0,0.0,38.0,6.0,0.0,23.0,36.0,0.0,13.0,30.0,30.0,36.0,41.0,48.0,0.0,11.0,33.0,14.0,44.0,0.0,8.0,37.0,9.0,42.0,0.0,4.0,36.0,40.0,38.0,7.0,39.0,16.0,23.0,41.0,10.0,5.0,0.0,4.0,14.0,0.0,11.0,0.0,14.0,0.0,14.0,5.0,0.0,0.0,20.0,38.0,30.0,10.0,34.0,31.0,0.0,9.0,9.0,41.0,0.0,32.0,34.0,12.0,0.0,6.0,35.0
72,26.0,13.0,10.0,0.0,26.0,28.0,34.0,3.0,43.0,13.0,43.0,0.0,27.0,0.0,0.0,44.0,37.0,29.0,11.0,0.0,40.0,10.0,13.0,0.0,10.0,37.0,23.0,24.0,43.0,47.0,43.0,19.0,14.0,21.0,13.0,55.0,38.0,0.0,5.0,32.0,6.0,0.0,7.0,45.0,9.0,22.0,39.0,0.0,51.0,6.0,10.0,5.0,19.0,47.0,5.0,0.0,0.0,37.0,18.0,0.0,0.0,8.0,39.0,14.0,28.0,0.0,28.0,4.0,18.0,11.0,0.0,0.0,33.0,0.0,41.0,14.0,39.0,37.0,37.0,15.0,37.0,11.0,18.0,12.0,38.0,23.0,0.0,36.0,4.0,35.0,4.0,22.0,0.0,0.0,26.0,33.0,0.0,5.0,0.0,0.0
73,4.0,12.0,17.0,6.0,26.0,57.0,7.0,30.0,45.0,38.0,44.0,11.0,32.0,0.0,0.0,0.0,1.0,0.0,33.0,24.0,7.0,39.0,0.0,28.0,12.0,42.0,46.0,0.0,8.0,49.0,43.0,40.0,16.0,50.0,34.0,47.0,16.0,0.0,2.0,13.0,7.0,14.0,0.0,44.0,33.0,11.0,42.0,44.0,49.0,0.0,36.0,15.0,41.0,22.0,37.0,16.0,7.0,12.0,15.0,19.0,0.0,11.0,11.0,18.0,29.0,0.0,5.0,0.0,41.0,0.0,8.0,0.0,9.0,0.0,27.0,16.0,16.0,18.0,40.0,42.0,0.0,0.0,8.0,11.0,39.0,8.0,36.0,12.0,4.0,0.0,16.0,0.0,9.0,45.0,0.0,35.0,41.0,13.0,0.0,7.0
74,29.0,15.0,0.0,27.0,9.0,55.0,39.0,13.0,47.0,9.0,46.0,4.0,9.0,0.0,11.0,0.0,0.0,41.0,31.0,43.0,4.0,37.0,8.0,26.0,40.0,22.0,6.0,0.0,45.0,0.0,26.0,44.0,19.0,29.0,7.0,52.0,0.0,7.0,26.0,37.0,5.0,32.0,9.0,17.0,0.0,33.0,0.0,13.0,0.0,4.0,15.0,14.0,41.0,23.0,35.0,37.0,12.0,7.0,23.0,9.0,8.0,0.0,14.0,40.0,0.0,23.0,65.0,2.0,19.0,16.0,4.0,31.0,0.0,38.0,0.0,0.0,41.0,0.0,40.0,12.0,12.0,33.0,19.0,15.0,14.0,41.0,8.0,3.0,31.0,8.0,17.0,0.0,38.0,43.0,38.0,7.0,0.0,38.0,30.0,22.0
75,0.0,37.0,14.0,31.0,18.0,50.0,35.0,6.0,20.0,9.0,22.0,11.0,19.0,29.0,29.0,13.0,0.0,45.0,10.0,44.0,0.0,0.0,20.0,4.0,6.0,0.0,7.0,39.0,16.0,10.0,0.0,42.0,19.0,50.0,18.0,0.0,0.0,30.0,17.0,42.0,0.0,11.0,0.0,0.0,38.0,9.0,44.0,45.0,47.0,0.0,8.0,22.0,0.0,0.0,11.0,37.0,34.0,0.0,44.0,33.0,0.0,36.0,28.0,14.0,8.0,12.0,67.0,0.0,38.0,9.0,7.0,0.0,9.0,25.0,0.0,11.0,40.0,41.0,40.0,0.0,34.0,3.0,40.0,10.0,14.0,14.0,0.0,35.0,8.0,33.0,35.0,0.0,7.0,22.0,37.0,23.0,41.0,45.0,34.0,33.0
76,8.0,17.0,31.0,35.0,49.0,52.0,11.0,6.0,22.0,36.0,18.0,37.0,0.0,15.0,0.0,0.0,31.0,46.0,31.0,45.0,36.0,18.0,31.0,0.0,17.0,43.0,42.0,0.0,38.0,47.0,42.0,27.0,21.0,51.0,26.0,54.0,8.0,0.0,4.0,18.0,34.0,15.0,5.0,26.0,0.0,7.0,41.0,46.0,3.0,4.0,0.0,38.0,10.0,49.0,37.0,0.0,34.0,0.0,10.0,12.0,30.0,10.0,0.0,13.0,17.0,39.0,2.0,28.0,0.0,20.0,28.0,9.0,27.0,37.0,0.0,16.0,41.0,0.0,0.0,12.0,0.0,10.0,0.0,12.0,0.0,22.0,33.0,32.0,31.0,15.0,36.0,0.0,21.0,0.0,15.0,10.0,36.0,0.0,38.0,0.0
77,0.0,2.0,0.0,33.0,49.0,52.0,41.0,0.0,47.0,12.0,0.0,7.0,8.0,0.0,36.0,0.0,30.0,32.0,30.0,45.0,31.0,45.0,6.0,10.0,11.0,0.0,39.0,0.0,21.0,42.0,15.0,41.0,49.0,0.0,0.0,50.0,31.0,7.0,5.0,8.0,6.0,43.0,20.0,40.0,38.0,13.0,43.0,0.0,24.0,26.0,38.0,40.0,0.0,20.0,16.0,15.0,0.0,8.0,34.0,10.0,29.0,35.0,0.0,30.0,9.0,36.0,0.0,4.0,14.0,7.0,29.0,0.0,0.0,38.0,31.0,0.0,44.0,37.0,15.0,0.0,0.0,34.0,0.0,14.0,13.0,0.0,26.0,33.0,10.0,34.0,17.0,36.0,37.0,46.0,4.0,7.0,0.0,46.0,39.0,37.0
78,29.0,38.0,4.0,35.0,0.0,0.0,36.0,9.0,0.0,18.0,47.0,39.0,9.0,0.0,0.0,25.0,11.0,43.0,31.0,11.0,35.0,50.0,11.0,0.0,10.0,41.0,0.0,10.0,41.0,33.0,15.0,40.0,51.0,0.0,13.0,0.0,6.0,36.0,29.0,0.0,30.0,23.0,27.0,23.0,13.0,36.0,12.0,45.0,46.0,28.0,9.0,40.0,17.0,0.0,36.0,34.0,17.0,0.0,0.0,21.0,0.0,41.0,32.0,42.0,32.0,0.0,61.0,0.0,40.0,15.0,32.0,28.0,8.0,0.0,10.0,19.0,19.0,7.0,35.0,0.0,0.0,35.0,40.0,0.0,5.0,17.0,8.0,5.0,10.0,35.0,39.0,0.0,0.0,41.0,39.0,8.0,40.0,43.0,40.0,5.0
79,0.0,36.0,4.0,12.0,20.0,46.0,0.0,6.0,12.0,40.0,44.0,37.0,7.0,0.0,37.0,32.0,0.0,41.0,9.0,45.0,12.0,0.0,12.0,8.0,0.0,34.0,14.0,30.0,40.0,27.0,25.0,18.0,52.0,0.0,36.0,53.0,2.0,37.0,12.0,0.0,9.0,0.0,5.0,20.0,38.0,36.0,0.0,46.0,46.0,30.0,20.0,39.0,35.0,32.0,0.0,14.0,33.0,31.0,0.0,32.0,34.0,42.0,0.0,18.0,32.0,42.0,64.0,5.0,0.0,0.0,5.0,15.0,25.0,40.0,33.0,39.0,0.0,35.0,3.0,38.0,12.0,13.0,0.0,37.0,35.0,13.0,36.0,5.0,8.0,35.0,0.0,16.0,0.0,44.0,0.0,21.0,37.0,0.0,42.0,4.0
80,31.0,38.0,11.0,16.0,7.0,0.0,14.0,28.0,0.0,0.0,16.0,0.0,13.0,29.0,34.0,0.0,34.0,4.0,31.0,0.0,39.0,30.0,14.0,35.0,39.0,0.0,9.0,7.0,10.0,48.0,36.0,18.0,2.0,52.0,11.0,52.0,33.0,35.0,0.0,0.0,28.0,46.0,0.0,41.0,0.0,12.0,0.0,44.0,46.0,33.0,12.0,0.0,25.0,28.0,39.0,16.0,35.0,28.0,3.0,8.0,0.0,44.0,11.0,43.0,6.0,36.0,39.0,24.0,30.0,38.0,0.0,29.0,5.0,0.0,34.0,43.0,47.0,12.0,29.0,0.0,26.0,36.0,38.0,0.0,34.0,40.0,8.0,32.0,18.0,35.0,39.0,35.0,36.0,44.0,15.0,7.0,0.0,46.0,41.0,10.0
81,0.0,40.0,31.0,33.0,8.0,0.0,35.0,27.0,28.0,0.0,18.0,10.0,0.0,3.0,36.0,0.0,20.0,0.0,11.0,0.0,38.0,60.0,36.0,34.0,23.0,28.0,0.0,32.0,37.0,0.0,0.0,21.0,0.0,0.0,9.0,57.0,31.0,8.0,0.0,36.0,34.0,39.0,8.0,6.0,7.0,0.0,37.0,49.0,0.0,10.0,36.0,40.0,37.0,50.0,33.0,39.0,0.0,5.0,32.0,21.0,36.0,44.0,30.0,13.0,36.0,39.0,17.0,23.0,43.0,33.0,13.0,8.0,28.0,37.0,14.0,44.0,42.0,36.0,33.0,0.0,26.0,35.0,36.0,38.0,0.0,46.0,8.0,31.0,29.0,6.0,0.0,6.0,36.0,0.0,35.0,0.0,30.0,44.0,44.0,32.0
82,32.0,0.0,33.0,32.0,0.0,0.0,6.0,0.0,45.0,0.0,11.0,35.0,0.0,31.0,39.0,6.0,35.0,19.0,30.0,0.0,8.0,47.0,38.0,38.0,16.0,42.0,39.0,0.0,0.0,0.0,10.0,43.0,0.0,52.0,9.0,51.0,35.0,38.0,31.0,7.0,10.0,16.0,19.0,17.0,35.0,14.0,0.0,49.0,21.0,0.0,37.0,39.0,0.0,48.0,0.0,39.0,37.0,35.0,3.0,10.0,33.0,44.0,23.0,42.0,35.0,37.0,72.0,0.0,43.0,37.0,16.0,0.0,8.0,36.0,15.0,47.0,47.0,38.0,35.0,0.0,11.0,8.0,38.0,4.0,31.0,48.0,0.0,9.0,31.0,28.0,0.0,41.0,39.0,43.0,16.0,0.0,0.0,45.0,44.0,15.0
83,32.0,37.0,7.0,30.0,19.0,0.0,36.0,37.0,58.0,0.0,0.0,7.0,27.0,38.0,14.0,36.0,29.0,60.0,34.0,0.0,37.0,45.0,12.0,0.0,35.0,9.0,0.0,31.0,31.0,0.0,44.0,38.0,0.0,43.0,30.0,0.0,25.0,0.0,29.0,32.0,40.0,41.0,33.0,16.0,31.0,0.0,5.0,48.0,0.0,26.0,33.0,42.0,0.0,43.0,20.0,46.0,9.0,0.0,9.0,32.0,9.0,0.0,13.0,0.0,37.0,41.0,55.0,2.0,6.0,35.0,17.0,0.0,26.0,36.0,34.0,45.0,45.0,21.0,33.0,6.0,14.0,25.0,39.0,32.0,15.0,51.0,32.0,0.0,30.0,7.0,34.0,37.0,33.0,0.0,32.0,33.0,31.0,0.0,47.0,37.0
84,20.0,28.0,16.0,19.0,5.0,0.0,20.0,11.0,31.0,10.0,27.0,19.0,16.0,17.0,27.0,13.0,15.0,0.0,10.0,0.0,30.0,28.0,30.0,18.0,26.0,24.0,26.0,13.0,0.0,0.0,20.0,0.0,0.0,31.0,19.0,0.0,18.0,21.0,10.0,19.0,21.0,28.0,12.0,58.0,16.0,15.0,20.0,8.0,48.0,26.0,25.0,26.0,24.0,38.0,17.0,26.0,25.0,14.0,18.0,18.0,12.0,24.0,14.0,10.0,20.0,20.0,20.0,5.0,28.0,32.0,14.0,14.0,10.0,19.0,21.0,26.0,30.0,26.0,23.0,18.0,15.0,14.0,30.0,16.0,25.0,30.0,15.0,19.0,30.0,16.0,25.0,32.0,20.0,24.0,18.0,11.0,12.0,34.0,22.0,14.0
85,17.0,22.0,25.0,19.0,9.0,6.0,31.0,20.0,0.0,69.0,25.0,19.0,12.0,13.0,26.0,15.0,27.0,0.0,9.0,0.0,33.0,4.0,16.0,26.0,26.0,22.0,22.0,14.0,52.0,0.0,25.0,0.0,0.0,42.0,27.0,0.0,33.0,17.0,12.0,25.0,18.0,36.0,17.0,0.0,18.0,12.0,19.0,61.0,0.0,14.0,27.0,26.0,19.0,38.0,26.0,24.0,23.0,13.0,21.0,32.0,11.0,20.0,13.0,32.0,18.0,19.0,63.0,4.0,18.0,28.0,10.0,5.0,10.0,20.0,22.0,2.0,31.0,23.0,18.0,21.0,12.0,15.0,27.0,15.0,20.0,0.0,16.0,10.0,12.0,12.0,13.0,23.0,19.0,23.0,19.0,7.0,12.0,19.0,22.0,16.0
86,42.0,18.0,0.0,14.0,2.0,20.0,17.0,12.0,28.0,30.0,73.0,11.0,8.0,16.0,35.0,19.0,17.0,0.0,11.0,48.0,10.0,11.0,18.0,46.0,0.0,63.0,8.0,5.0,0.0,26.0,0.0,18.0,19.0,35.0,44.0,0.0,12.0,55.0,9.0,24.0,16.0,50.0,4.0,0.0,22.0,0.0,16.0,0.0,0.0,13.0,10.0,19.0,16.0,31.0,0.0,48.0,58.0,11.0,29.0,16.0,14.0,9.0,53.0,24.0,22.0,21.0,75.0,4.0,23.0,55.0,11.0,9.0,45.0,22.0,54.0,0.0,73.0,12.0,19.0,61.0,15.0,44.0,19.0,14.0,20.0,0.0,45.0,13.0,14.0,12.0,18.0,26.0,45.0,15.0,57.0,4.0,14.0,25.0,11.0,46.0
87,31.0,50.0,11.0,31.0,2.0,44.0,9.0,34.0,5.0,17.0,0.0,25.0,24.0,5.0,28.0,33.0,8.0,0.0,9.0,21.0,9.0,40.0,16.0,29.0,3.0,15.0,9.0,38.0,0.0,2.0,31.0,51.0,4.0,68.0,39.0,23.0,26.0,21.0,28.0,41.0,23.0,39.0,29.0,0.0,30.0,34.0,7.0,31.0,2.0,29.0,11.0,33.0,40.0,0.0,7.0,11.0,10.0,22.0,26.0,34.0,4.0,10.0,9.0,12.0,30.0,27.0,60.0,4.0,25.0,0.0,5.0,2.0,21.0,8.0,49.0,0.0,31.0,21.0,32.0,28.0,5.0,31.0,30.0,21.0,39.0,20.0,20.0,6.0,18.0,20.0,31.0,0.0,35.0,24.0,27.0,5.0,6.0,30.0,42.0,9.0
88,10.0,29.0,18.0,20.0,0.0,0.0,21.0,6.0,30.0,17.0,25.0,15.0,13.0,23.0,61.0,54.0,9.0,1.0,15.0,12.0,22.0,8.0,26.0,11.0,34.0,0.0,27.0,8.0,0.0,0.0,24.0,19.0,0.0,0.0,54.0,0.0,40.0,19.0,7.0,9.0,8.0,11.0,10.0,10.0,11.0,8.0,9.0,35.0,0.0,7.0,35.0,24.0,22.0,0.0,44.0,44.0,19.0,46.0,21.0,38.0,4.0,13.0,18.0,51.0,22.0,26.0,91.0,5.0,30.0,0.0,17.0,15.0,11.0,9.0,14.0,65.0,0.0,9.0,26.0,52.0,6.0,20.0,25.0,10.0,59.0,84.0,29.0,20.0,7.0,12.0,27.0,34.0,17.0,20.0,18.0,15.0,14.0,69.0,22.0,9.0
89,5.0,10.0,0.0,13.0,0.0,63.0,53.0,2.0,35.0,44.0,0.0,42.0,7.0,6.0,13.0,30.0,48.0,3.0,24.0,0.0,38.0,7.0,27.0,6.0,41.0,0.0,29.0,22.0,34.0,8.0,54.0,47.0,6.0,26.0,45.0,36.0,17.0,9.0,16.0,8.0,8.0,40.0,4.0,0.0,10.0,19.0,21.0,8.0,11.0,21.0,39.0,13.0,45.0,0.0,8.0,0.0,10.0,19.0,25.0,19.0,6.0,57.0,20.0,21.0,35.0,19.0,79.0,7.0,54.0,4.0,7.0,21.0,5.0,12.0,0.0,11.0,0.0,27.0,27.0,48.0,19.0,0.0,34.0,6.0,22.0,13.0,41.0,10.0,52.0,39.0,45.0,33.0,11.0,25.0,25.0,7.0,0.0,0.0,53.0,10.0
90,6.0,16.0,7.0,10.0,5.0,28.0,14.0,7.0,5.0,33.0,16.0,45.0,36.0,4.0,18.0,11.0,31.0,0.0,17.0,23.0,48.0,31.0,37.0,6.0,0.0,0.0,57.0,0.0,32.0,2.0,32.0,22.0,0.0,25.0,40.0,1.0,17.0,17.0,8.0,11.0,9.0,14.0,36.0,21.0,11.0,10.0,51.0,25.0,0.0,46.0,48.0,30.0,26.0,69.0,17.0,0.0,11.0,15.0,50.0,25.0,11.0,18.0,0.0,27.0,58.0,21.0,89.0,7.0,58.0,7.0,49.0,43.0,6.0,58.0,26.0,27.0,0.0,44.0,13.0,8.0,17.0,15.0,15.0,28.0,52.0,28.0,29.0,10.0,10.0,26.0,20.0,0.0,12.0,30.0,22.0,13.0,43.0,6.0,7.0,38.0
91,7.0,34.0,22.0,16.0,49.0,51.0,22.0,5.0,0.0,17.0,24.0,10.0,0.0,0.0,46.0,59.0,12.0,0.0,9.0,48.0,1.0,38.0,7.0,11.0,0.0,31.0,0.0,8.0,54.0,0.0,52.0,41.0,7.0,13.0,6.0,0.0,8.0,48.0,15.0,7.0,26.0,50.0,6.0,3.0,25.0,42.0,55.0,65.0,18.0,10.0,21.0,50.0,25.0,37.0,10.0,11.0,50.0,18.0,56.0,0.0,12.0,30.0,52.0,43.0,20.0,21.0,28.0,20.0,38.0,3.0,15.0,0.0,10.0,31.0,0.0,15.0,0.0,28.0,14.0,7.0,14.0,6.0,0.0,47.0,52.0,20.0,21.0,48.0,40.0,0.0,0.0,8.0,55.0,12.0,46.0,45.0,22.0,0.0,27.0,41.0
92,34.0,28.0,18.0,13.0,34.0,27.0,49.0,10.0,27.0,16.0,63.0,9.0,36.0,0.0,0.0,57.0,45.0,0.0,21.0,0.0,41.0,28.0,9.0,10.0,6.0,23.0,20.0,33.0,63.0,0.0,60.0,27.0,1.0,8.0,28.0,58.0,48.0,12.0,15.0,27.0,23.0,17.0,12.0,5.0,8.0,36.0,58.0,0.0,4.0,4.0,16.0,23.0,32.0,36.0,16.0,0.0,15.0,46.0,32.0,0.0,9.0,7.0,52.0,15.0,40.0,7.0,40.0,18.0,21.0,9.0,8.0,5.0,41.0,15.0,41.0,5.0,45.0,51.0,55.0,12.0,48.0,20.0,7.0,9.0,47.0,17.0,5.0,52.0,15.0,32.0,0.0,42.0,0.0,0.0,41.0,46.0,11.0,0.0,10.0,9.0
93,14.0,28.0,25.0,20.0,6.0,56.0,24.0,38.0,70.0,42.0,59.0,23.0,41.0,0.0,0.0,0.0,12.0,0.0,46.0,24.0,22.0,43.0,0.0,40.0,17.0,35.0,42.0,11.0,18.0,0.0,58.0,53.0,0.0,36.0,41.0,8.0,28.0,11.0,13.0,11.0,18.0,26.0,6.0,5.0,28.0,24.0,32.0,59.0,0.0,0.0,39.0,32.0,51.0,16.0,50.0,25.0,11.0,21.0,20.0,24.0,7.0,10.0,23.0,18.0,42.0,22.0,20.0,6.0,50.0,0.0,18.0,6.0,18.0,7.0,18.0,27.0,11.0,34.0,59.0,35.0,12.0,11.0,0.0,11.0,45.0,6.0,38.0,26.0,14.0,0.0,11.0,0.0,8.0,45.0,13.0,46.0,53.0,9.0,22.0,16.0
94,39.0,30.0,8.0,44.0,2.0,54.0,55.0,23.0,36.0,13.0,51.0,17.0,18.0,0.0,17.0,0.0,10.0,0.0,5.0,46.0,15.0,42.0,18.0,40.0,34.0,12.0,1.0,10.0,45.0,0.0,30.0,52.0,2.0,15.0,1.0,40.0,10.0,20.0,31.0,37.0,6.0,40.0,16.0,5.0,0.0,44.0,0.0,23.0,0.0,6.0,34.0,33.0,36.0,38.0,50.0,3.0,12.0,7.0,39.0,27.0,19.0,4.0,19.0,31.0,14.0,38.0,82.0,7.0,26.0,10.0,15.0,39.0,9.0,35.0,0.0,0.0,22.0,5.0,54.0,11.0,20.0,45.0,37.0,14.0,14.0,31.0,26.0,8.0,42.0,0.0,12.0,0.0,45.0,46.0,41.0,15.0,16.0,29.0,25.0,34.0
95,11.0,35.0,22.0,49.0,15.0,46.0,52.0,14.0,25.0,13.0,25.0,25.0,21.0,47.0,55.0,13.0,13.0,0.0,23.0,36.0,17.0,4.0,24.0,8.0,0.0,0.0,5.0,29.0,28.0,0.0,13.0,49.0,2.0,59.0,20.0,0.0,12.0,42.0,31.0,36.0,17.0,32.0,8.0,0.0,32.0,18.0,42.0,55.0,11.0,0.0,4.0,26.0,0.0,0.0,25.0,43.0,38.0,0.0,40.0,43.0,15.0,38.0,30.0,10.0,15.0,23.0,87.0,1.0,39.0,2.0,17.0,10.0,18.0,25.0,0.0,18.0,38.0,60.0,46.0,0.0,45.0,19.0,54.0,10.0,34.0,7.0,5.0,39.0,20.0,32.0,32.0,4.0,4.0,15.0,44.0,26.0,34.0,34.0,41.0,0.0
96,19.0,18.0,0.0,41.0,50.0,48.0,23.0,15.0,14.0,41.0,16.0,48.0,1.0,21.0,3.0,0.0,45.0,0.0,37.0,39.0,39.0,21.0,41.0,12.0,5.0,62.0,34.0,0.0,46.0,0.0,27.0,27.0,2.0,45.0,32.0,49.0,23.0,3.0,6.0,16.0,47.0,23.0,14.0,6.0,0.0,13.0,40.0,57.0,0.0,0.0,0.0,48.0,7.0,53.0,50.0,0.0,45.0,0.0,10.0,21.0,37.0,21.0,5.0,38.0,26.0,57.0,20.0,30.0,6.0,29.0,37.0,0.0,37.0,33.0,0.0,15.0,55.0,5.0,0.0,8.0,5.0,25.0,5.0,7.0,7.0,24.0,48.0,50.0,43.0,37.0,33.0,0.0,22.0,0.0,8.0,17.0,39.0,0.0,63.0,13.0
97,12.0,0.0,2.0,48.0,47.0,48.0,49.0,10.0,49.0,18.0,0.0,25.0,8.0,0.0,51.0,9.0,38.0,7.0,40.0,50.0,49.0,53.0,10.0,13.0,0.0,0.0,35.0,19.0,30.0,0.0,0.0,44.0,4.0,0.0,3.0,47.0,32.0,11.0,7.0,2.0,18.0,46.0,30.0,1.0,34.0,23.0,33.0,12.0,27.0,38.0,29.0,47.0,0.0,23.0,31.0,14.0,20.0,3.0,34.0,12.0,45.0,43.0,0.0,30.0,10.0,45.0,17.0,14.0,25.0,7.0,32.0,4.0,11.0,41.0,47.0,0.0,45.0,42.0,19.0,0.0,4.0,41.0,4.0,11.0,22.0,1.0,29.0,44.0,23.0,44.0,10.0,40.0,46.0,41.0,0.0,5.0,0.0,38.0,65.0,43.0
98,42.0,36.0,16.0,14.0,0.0,0.0,40.0,19.0,0.0,0.0,2.0,49.0,5.0,0.0,8.0,35.0,16.0,45.0,41.0,7.0,33.0,57.0,10.0,2.0,24.0,47.0,0.0,12.0,49.0,29.0,1.0,34.0,50.0,0.0,33.0,0.0,31.0,48.0,36.0,0.0,41.0,40.0,38.0,4.0,12.0,48.0,11.0,43.0,27.0,34.0,15.0,57.0,10.0,2.0,50.0,31.0,23.0,0.0,0.0,29.0,4.0,59.0,29.0,47.0,48.0,0.0,83.0,4.0,56.0,12.0,43.0,33.0,16.0,13.0,5.0,8.0,19.0,20.0,59.0,0.0,3.0,46.0,39.0,0.0,2.0,28.0,11.0,15.0,23.0,38.0,34.0,1.0,5.0,40.0,38.0,13.0,38.0,46.0,57.0,15.0
99,14.0,40.0,8.0,29.0,15.0,40.0,10.0,17.0,10.0,50.0,38.0,32.0,3.0,0.0,34.0,37.0,0.0,95.0,20.0,47.0,13.0,7.0,12.0,8.0,0.0,38.0,10.0,29.0,43.0,60.0,45.0,24.0,69.0,0.0,0.0,46.0,3.0,44.0,24.0,0.0,6.0,22.0,15.0,2.0,46.0,44.0,0.0,51.0,49.0,32.0,27.0,58.0,29.0,34.0,13.0,15.0,46.0,27.0,8.0,32.0,33.0,49.0,0.0,19.0,37.0,51.0,90.0,8.0,0.0,0.0,0.0,19.0,30.0,43.0,29.0,8.0,0.0,54.0,4.0,31.0,17.0,16.0,0.0,27.0,37.0,22.0,42.0,14.0,21.0,32.0,0.0,14.0,2.0,41.0,0.0,16.0,32.0,0.0,51.0,14.0
100,40.0,40.0,14.0,30.0,3.0,0.0,32.0,39.0,0.0,1.0,12.0,0.0,28.0,32.0,38.0,17.0,27.0,7.0,42.0,0.0,51.0,35.0,24.0,45.0,46.0,3.0,13.0,5.0,16.0,52.0,0.0,21.0,5.0,51.0,20.0,48.0,48.0,46.0,3.0,1.0,44.0,61.0,0.0,0.0,0.0,15.0,0.0,45.0,2.0,26.0,0.0,7.0,18.0,20.0,52.0,33.0,37.0,28.0,5.0,11.0,0.0,59.0,13.0,45.0,22.0,33.0,53.0,25.0,41.0,45.0,0.0,29.0,6.0,13.0,31.0,50.0,40.0,25.0,46.0,0.0,42.0,49.0,34.0,0.0,37.0,51.0,12.0,37.0,32.0,25.0,43.0,32.0,45.0,36.0,14.0,13.0,0.0,53.0,43.0,22.0
101,17.0,34.0,47.0,45.0,4.0,0.0,47.0,38.0,0.0,10.0,0.0,20.0,0.0,0.0,35.0,11.0,18.0,0.0,23.0,0.0,54.0,0.0,28.0,49.0,0.0,30.0,10.0,31.0,39.0,0.0,13.0,18.0,0.0,0.0,25.0,38.0,48.0,8.0,1.0,49.0,42.0,56.0,17.0,0.0,5.0,3.0,38.0,65.0,0.0,9.0,45.0,54.0,30.0,56.0,48.0,40.0,6.0,0.0,34.0,23.0,34.0,52.0,31.0,14.0,37.0,42.0,30.0,0.0,56.0,32.0,20.0,10.0,33.0,43.0,16.0,36.0,45.0,48.0,46.0,0.0,36.0,52.0,50.0,35.0,9.0,57.0,0.0,34.0,45.0,0.0,0.0,19.0,34.0,0.0,41.0,0.0,20.0,42.0,40.0,46.0
102,45.0,0.0,33.0,42.0,0.0,0.0,11.0,4.0,48.0,8.0,12.0,39.0,0.0,37.0,35.0,18.0,31.0,14.0,42.0,0.0,13.0,57.0,41.0,41.0,17.0,39.0,45.0,8.0,5.0,0.0,26.0,47.0,0.0,52.0,20.0,42.0,39.0,42.0,43.0,8.0,6.0,31.0,27.0,8.0,39.0,8.0,0.0,62.0,16.0,0.0,45.0,39.0,0.0,43.0,11.0,34.0,45.0,31.0,21.0,14.0,0.0,44.0,20.0,55.0,54.0,30.0,80.0,4.0,38.0,37.0,25.0,0.0,24.0,43.0,13.0,58.0,54.0,51.0,42.0,0.0,15.0,15.0,37.0,12.0,49.0,48.0,0.0,10.0,16.0,27.0,0.0,43.0,41.0,33.0,28.0,0.0,0.0,42.0,44.0,31.0
103,43.0,37.0,11.0,33.0,13.0,0.0,52.0,40.0,61.0,9.0,0.0,13.0,26.0,41.0,27.0,40.0,25.0,51.0,47.0,0.0,44.0,53.0,14.0,7.0,30.0,15.0,5.0,38.0,44.0,0.0,59.0,42.0,0.0,44.0,41.0,0.0,29.0,7.0,30.0,32.0,38.0,56.0,43.0,3.0,29.0,0.0,15.0,57.0,0.0,22.0,36.0,49.0,0.0,43.0,28.0,41.0,10.0,0.0,17.0,37.0,12.0,0.0,16.0,7.0,35.0,56.0,62.0,2.0,0.0,33.0,25.0,0.0,33.0,39.0,33.0,46.0,43.0,34.0,0.0,0.0,19.0,31.0,44.0,28.0,22.0,44.0,45.0,16.0,50.0,17.0,35.0,35.0,36.0,0.0,51.0,29.0,31.0,0.0,35.0,50.0
104,35.0,32.0,16.0,22.0,0.0,0.0,35.0,24.0,34.0,20.0,27.0,27.0,18.0,16.0,21.0,16.0,5.0,0.0,8.0,0.0,27.0,41.0,33.0,19.0,22.0,26.0,32.0,5.0,9.0,0.0,33.0,10.0,0.0,31.0,19.0,0.0,36.0,32.0,9.0,28.0,16.0,44.0,25.0,21.0,18.0,17.0,19.0,14.0,33.0,33.0,28.0,37.0,29.0,47.0,23.0,37.0,40.0,9.0,26.0,30.0,12.0,34.0,23.0,15.0,31.0,29.0,54.0,11.0,39.0,27.0,21.0,13.0,19.0,18.0,17.0,27.0,31.0,37.0,29.0,13.0,24.0,24.0,21.0,8.0,34.0,23.0,23.0,29.0,45.0,14.0,30.0,36.0,18.0,18.0,31.0,26.0,16.0,32.0,21.0,24.0
105,20.0,30.0,23.0,36.0,5.0,0.0,41.0,23.0,1.0,70.0,23.0,21.0,8.0,15.0,41.0,32.0,51.0,0.0,18.0,0.0,33.0,14.0,18.0,27.0,19.0,25.0,24.0,19.0,62.0,0.0,36.0,0.0,0.0,37.0,34.0,0.0,35.0,26.0,23.0,28.0,23.0,51.0,24.0,0.0,12.0,21.0,29.0,62.0,0.0,6.0,28.0,35.0,24.0,40.0,37.0,14.0,30.0,25.0,30.0,38.0,17.0,27.0,16.0,32.0,32.0,21.0,79.0,3.0,32.0,22.0,3.0,15.0,17.0,16.0,23.0,3.0,25.0,35.0,10.0,13.0,10.0,22.0,32.0,14.0,8.0,0.0,29.0,20.0,27.0,14.0,14.0,24.0,29.0,21.0,25.0,12.0,10.0,18.0,15.0,19.0
106,53.0,22.0,0.0,22.0,0.0,15.0,20.0,18.0,29.0,50.0,69.0,15.0,20.0,17.0,43.0,27.0,26.0,0.0,12.0,43.0,10.0,22.0,23.0,48.0,0.0,66.0,14.0,7.0,12.0,21.0,18.0,31.0,18.0,36.0,55.0,0.0,26.0,57.0,10.0,28.0,9.0,64.0,4.0,0.0,19.0,7.0,21.0,0.0,0.0,15.0,13.0,26.0,24.0,30.0,19.0,47.0,58.0,18.0,39.0,22.0,14.0,17.0,56.0,38.0,14.0,20.0,79.0,3.0,40.0,51.0,15.0,14.0,40.0,35.0,55.0,0.0,68.0,27.0,23.0,65.0,18.0,39.0,20.0,16.0,17.0,0.0,54.0,6.0,26.0,10.0,19.0,26.0,48.0,7.0,55.0,9.0,15.0,24.0,5.0,0.0
107,32.0,53.0,7.0,42.0,0.0,46.0,20.0,39.0,8.0,26.0,0.0,45.0,30.0,2.0,36.0,32.0,16.0,0.0,15.0,30.0,8.0,52.0,19.0,38.0,0.0,19.0,7.0,37.0,8.0,0.0,37.0,42.0,0.0,66.0,56.0,17.0,36.0,27.0,32.0,43.0,17.0,57.0,33.0,0.0,35.0,34.0,12.0,36.0,0.0,34.0,25.0,34.0,41.0,0.0,21.0,17.0,19.0,0.0,33.0,40.0,5.0,19.0,13.0,14.0,42.0,34.0,69.0,14.0,32.0,0.0,9.0,6.0,25.0,14.0,50.0,0.0,29.0,34.0,35.0,23.0,13.0,32.0,26.0,15.0,63.0,19.0,21.0,0.0,28.0,17.0,32.0,0.0,39.0,18.0,35.0,10.0,3.0,28.0,49.0,24.0
108,25.0,33.0,17.0,27.0,0.0,6.0,19.0,17.0,33.0,21.0,34.0,26.0,18.0,25.0,65.0,59.0,13.0,0.0,35.0,5.0,18.0,22.0,30.0,18.0,32.0,2.0,29.0,17.0,12.0,0.0,48.0,34.0,0.0,0.0,65.0,0.0,39.0,17.0,4.0,12.0,5.0,27.0,23.0,2.0,12.0,11.0,15.0,43.0,0.0,3.0,42.0,27.0,31.0,1.0,59.0,42.0,16.0,50.0,31.0,35.0,7.0,24.0,21.0,52.0,24.0,17.0,95.0,10.0,36.0,0.0,18.0,24.0,12.0,15.0,15.0,67.0,0.0,9.0,30.0,46.0,16.0,14.0,32.0,13.0,72.0,87.0,31.0,25.0,16.0,12.0,29.0,29.0,14.0,21.0,34.0,22.0,7.0,68.0,23.0,22.0
109,15.0,11.0,0.0,22.0,0.0,48.0,61.0,2.0,40.0,53.0,0.0,53.0,5.0,4.0,18.0,30.0,58.0,0.0,33.0,0.0,57.0,19.0,31.0,10.0,41.0,2.0,41.0,25.0,45.0,5.0,74.0,57.0,1.0,22.0,55.0,31.0,15.0,15.0,27.0,6.0,6.0,56.0,11.0,0.0,11.0,24.0,29.0,17.0,7.0,25.0,49.0,30.0,44.0,0.0,25.0,0.0,9.0,19.0,37.0,29.0,16.0,70.0,24.0,32.0,39.0,12.0,88.0,7.0,62.0,0.0,22.0,28.0,3.0,13.0,0.0,14.0,0.0,52.0,46.0,8.0,21.0,0.0,26.0,5.0,32.0,16.0,38.0,31.0,61.0,48.0,45.0,29.0,18.0,21.0,26.0,6.0,0.0,0.0,62.0,21.0
110,11.0,22.0,18.0,12.0,4.0,32.0,24.0,12.0,10.0,33.0,23.0,55.0,37.0,6.0,17.0,30.0,40.0,0.0,21.0,30.0,44.0,45.0,42.0,10.0,0.0,0.0,63.0,3.0,41.0,0.0,49.0,8.0,0.0,23.0,48.0,0.0,12.0,29.0,9.0,15.0,14.0,32.0,42.0,17.0,8.0,22.0,59.0,26.0,0.0,36.0,57.0,45.0,27.0,71.0,32.0,1.0,7.0,16.0,61.0,24.0,12.0,27.0,5.0,38.0,77.0,16.0,103.0,5.0,75.0,0.0,48.0,46.0,20.0,71.0,30.0,28.0,0.0,48.0,17.0,0.0,29.0,14.0,23.0,24.0,48.0,2.0,47.0,12.0,33.0,31.0,21.0,0.0,15.0,22.0,14.0,16.0,38.0,6.0,11.0,43.0
111,15.0,35.0,19.0,14.0,51.0,53.0,44.0,0.0,4.0,29.0,19.0,8.0,0.0,0.0,59.0,57.0,20.0,0.0,7.0,34.0,0.0,54.0,12.0,13.0,0.0,38.0,1.0,12.0,55.0,0.0,67.0,40.0,5.0,0.0,14.0,0.0,22.0,57.0,20.0,9.0,29.0,43.0,12.0,0.0,25.0,49.0,63.0,74.0,15.0,0.0,27.0,56.0,33.0,50.0,27.0,11.0,56.0,17.0,67.0,0.0,14.0,36.0,57.0,51.0,26.0,38.0,28.0,30.0,51.0,4.0,14.0,1.0,3.0,40.0,0.0,17.0,5.0,43.0,23.0,6.0,22.0,7.0,0.0,50.0,67.0,16.0,28.0,65.0,46.0,3.0,0.0,2.0,52.0,6.0,68.0,55.0,39.0,0.0,31.0,41.0
112,37.0,30.0,26.0,25.0,36.0,31.0,64.0,12.0,33.0,17.0,59.0,15.0,38.0,0.0,7.0,58.0,52.0,0.0,42.0,0.0,49.0,43.0,13.0,20.0,3.0,28.0,18.0,38.0,84.0,0.0,76.0,38.0,0.0,0.0,28.0,50.0,45.0,17.0,11.0,31.0,26.0,37.0,22.0,2.0,13.0,43.0,64.0,13.0,1.0,0.0,14.0,21.0,34.0,41.0,31.0,0.0,25.0,53.0,38.0,0.0,19.0,15.0,59.0,16.0,46.0,3.0,29.0,18.0,21.0,8.0,8.0,6.0,55.0,18.0,40.0,7.0,48.0,53.0,66.0,12.0,53.0,27.0,5.0,9.0,55.0,22.0,5.0,65.0,17.0,32.0,0.0,40.0,0.0,0.0,44.0,48.0,3.0,0.0,15.0,17.0
113,10.0,24.0,23.0,38.0,5.0,58.0,33.0,35.0,77.0,49.0,56.0,15.0,36.0,0.0,6.0,12.0,17.0,0.0,41.0,26.0,27.0,58.0,4.0,44.0,15.0,40.0,46.0,17.0,31.0,0.0,73.0,51.0,0.0,29.0,48.0,7.0,27.0,21.0,14.0,15.0,20.0,39.0,5.0,2.0,30.0,30.0,36.0,62.0,0.0,0.0,43.0,43.0,48.0,17.0,72.0,24.0,14.0,29.0,31.0,27.0,6.0,16.0,28.0,30.0,45.0,33.0,45.0,6.0,60.0,0.0,24.0,6.0,16.0,18.0,22.0,30.0,16.0,43.0,60.0,35.0,22.0,10.0,0.0,10.0,49.0,8.0,34.0,36.0,13.0,0.0,9.0,0.0,13.0,45.0,18.0,56.0,55.0,13.0,28.0,34.0
114,45.0,44.0,8.0,59.0,1.0,47.0,62.0,42.0,43.0,20.0,42.0,21.0,26.0,0.0,18.0,0.0,11.0,0.0,0.0,39.0,19.0,55.0,23.0,51.0,27.0,18.0,0.0,15.0,48.0,0.0,44.0,64.0,0.0,20.0,2.0,36.0,7.0,23.0,30.0,38.0,6.0,58.0,18.0,0.0,2.0,41.0,2.0,36.0,0.0,2.0,42.0,52.0,40.0,39.0,62.0,6.0,17.0,10.0,48.0,25.0,30.0,23.0,23.0,36.0,13.0,42.0,81.0,5.0,25.0,14.0,14.0,49.0,15.0,38.0,0.0,4.0,26.0,28.0,60.0,12.0,16.0,33.0,34.0,11.0,15.0,34.0,27.0,17.0,50.0,4.0,15.0,0.0,52.0,44.0,41.0,15.0,16.0,35.0,35.0,47.0
115,33.0,42.0,28.0,61.0,14.0,51.0,65.0,19.0,29.0,15.0,32.0,38.0,22.0,51.0,61.0,22.0,12.0,0.0,26.0,31.0,12.0,21.0,31.0,12.0,0.0,5.0,10.0,33.0,44.0,0.0,16.0,54.0,0.0,55.0,34.0,0.0,29.0,45.0,44.0,42.0,17.0,47.0,7.0,0.0,33.0,21.0,44.0,68.0,8.0,0.0,14.0,21.0,0.0,2.0,28.0,39.0,42.0,3.0,49.0,25.0,22.0,52.0,21.0,20.0,24.0,21.0,111.0,0.0,41.0,2.0,17.0,15.0,14.0,30.0,0.0,22.0,43.0,56.0,58.0,0.0,46.0,24.0,54.0,11.0,37.0,11.0,3.0,49.0,22.0,38.0,30.0,0.0,5.0,17.0,39.0,18.0,36.0,39.0,52.0,8.0
116,23.0,24.0,0.0,46.0,49.0,42.0,38.0,20.0,18.0,50.0,8.0,59.0,2.0,28.0,19.0,2.0,58.0,0.0,58.0,43.0,48.0,35.0,36.0,11.0,0.0,68.0,36.0,3.0,48.0,0.0,45.0,24.0,1.0,47.0,32.0,44.0,29.0,5.0,0.0,19.0,53.0,27.0,14.0,2.0,0.0,22.0,43.0,63.0,0.0,0.0,0.0,55.0,7.0,54.0,54.0,0.0,0.0,0.0,16.0,27.0,44.0,37.0,0.0,38.0,34.0,68.0,27.0,25.0,8.0,37.0,44.0,4.0,32.0,46.0,0.0,20.0,61.0,19.0,7.0,6.0,1.0,43.0,0.0,7.0,1.0,28.0,62.0,60.0,43.0,45.0,28.0,0.0,33.0,0.0,1.0,16.0,39.0,7.0,75.0,19.0
117,14.0,0.0,0.0,49.0,47.0,50.0,50.0,17.0,53.0,24.0,0.0,34.0,9.0,0.0,60.0,8.0,46.0,9.0,52.0,52.0,62.0,70.0,10.0,11.0,0.0,8.0,38.0,21.0,39.0,0.0,9.0,51.0,4.0,0.0,12.0,43.0,39.0,3.0,4.0,5.0,22.0,51.0,31.0,0.0,39.0,18.0,36.0,9.0,25.0,44.0,23.0,61.0,0.0,20.0,59.0,8.0,18.0,0.0,45.0,11.0,52.0,57.0,5.0,29.0,9.0,50.0,25.0,23.0,30.0,14.0,31.0,4.0,26.0,41.0,52.0,6.0,15.0,46.0,25.0,0.0,0.0,47.0,0.0,12.0,26.0,6.0,31.0,54.0,46.0,51.0,18.0,38.0,52.0,40.0,0.0,0.0,0.0,35.0,69.0,47.0
118,47.0,38.0,20.0,16.0,0.0,0.0,48.0,25.0,5.0,0.0,0.0,56.0,3.0,0.0,19.0,35.0,23.0,48.0,52.0,5.0,28.0,74.0,19.0,0.0,22.0,52.0,3.0,21.0,48.0,28.0,5.0,27.0,50.0,0.0,45.0,0.0,34.0,54.0,38.0,0.0,44.0,57.0,55.0,2.0,15.0,53.0,13.0,49.0,25.0,25.0,10.0,71.0,6.0,0.0,38.0,42.0,28.0,0.0,5.0,25.0,10.0,74.0,24.0,57.0,64.0,6.0,80.0,4.0,72.0,17.0,41.0,36.0,20.0,11.0,0.0,14.0,23.0,29.0,67.0,1.0,0.0,51.0,43.0,0.0,9.0,34.0,18.0,24.0,32.0,43.0,27.0,0.0,9.0,39.0,34.0,8.0,31.0,57.0,69.0,17.0
119,10.0,38.0,12.0,28.0,12.0,38.0,27.0,24.0,14.0,52.0,41.0,38.0,8.0,4.0,35.0,32.0,5.0,97.0,24.0,46.0,17.0,24.0,22.0,4.0,0.0,45.0,12.0,35.0,51.0,58.0,53.0,25.0,67.0,0.0,10.0,42.0,2.0,41.0,23.0,0.0,10.0,28.0,22.0,0.0,49.0,44.0,2.0,49.0,46.0,28.0,35.0,68.0,28.0,37.0,12.0,20.0,41.0,24.0,20.0,30.0,36.0,60.0,0.0,23.0,32.0,56.0,108.0,1.0,10.0,6.0,0.0,25.0,33.0,37.0,24.0,16.0,6.0,26.0,13.0,32.0,25.0,20.0,6.0,28.0,36.0,27.0,48.0,18.0,30.0,37.0,0.0,11.0,7.0,42.0,0.0,16.0,34.0,4.0,59.0,22.0
120,58.0,35.0,20.0,27.0,0.0,0.0,43.0,37.0,5.0,0.0,13.0,0.0,31.0,38.0,48.0,13.0,33.0,6.0,54.0,0.0,60.0,51.0,30.0,47.0,45.0,9.0,17.0,12.0,16.0,53.0,6.0,25.0,6.0,17.0,27.0,45.0,61.0,64.0,9.0,6.0,43.0,34.0,3.0,0.0,3.0,14.0,3.0,63.0,0.0,26.0,9.0,4.0,26.0,20.0,55.0,37.0,49.0,41.0,3.0,28.0,6.0,36.0,23.0,57.0,38.0,33.0,56.0,20.0,50.0,51.0,0.0,27.0,3.0,11.0,10.0,59.0,47.0,23.0,55.0,1.0,51.0,43.0,39.0,3.0,34.0,53.0,5.0,44.0,41.0,29.0,44.0,29.0,56.0,36.0,30.0,8.0,0.0,56.0,50.0,28.0
121,26.0,24.0,54.0,38.0,3.0,0.0,56.0,37.0,6.0,10.0,0.0,31.0,4.0,5.0,37.0,6.0,21.0,0.0,33.0,0.0,63.0,3.0,30.0,67.0,0.0,36.0,11.0,35.0,46.0,0.0,35.0,26.0,0.0,0.0,35.0,35.0,56.0,8.0,1.0,56.0,32.0,73.0,21.0,0.0,7.0,10.0,43.0,77.0,0.0,4.0,43.0,61.0,33.0,70.0,61.0,44.0,18.0,0.0,48.0,29.0,38.0,62.0,39.0,22.0,47.0,42.0,33.0,0.0,67.0,40.0,22.0,7.0,0.0,41.0,21.0,46.0,49.0,58.0,53.0,3.0,41.0,49.0,57.0,37.0,24.0,63.0,0.0,40.0,56.0,0.0,0.0,21.0,39.0,0.0,19.0,0.0,22.0,41.0,45.0,49.0
122,49.0,0.0,36.0,63.0,0.0,0.0,18.0,3.0,57.0,1.0,10.0,47.0,4.0,41.0,48.0,15.0,37.0,13.0,52.0,0.0,22.0,65.0,43.0,46.0,16.0,46.0,46.0,11.0,19.0,0.0,36.0,48.0,0.0,55.0,9.0,38.0,47.0,41.0,43.0,18.0,4.0,46.0,29.0,4.0,43.0,11.0,7.0,57.0,11.0,0.0,55.0,56.0,3.0,51.0,31.0,38.0,50.0,34.0,39.0,18.0,5.0,51.0,29.0,0.0,64.0,26.0,96.0,3.0,50.0,40.0,29.0,0.0,23.0,49.0,17.0,57.0,62.0,48.0,55.0,3.0,18.0,25.0,43.0,11.0,59.0,58.0,0.0,7.0,28.0,24.0,0.0,41.0,48.0,29.0,26.0,0.0,0.0,50.0,50.0,39.0
123,45.0,39.0,16.0,32.0,9.0,0.0,51.0,50.0,64.0,10.0,0.0,17.0,32.0,44.0,38.0,34.0,31.0,50.0,43.0,0.0,47.0,80.0,25.0,10.0,29.0,19.0,7.0,46.0,52.0,0.0,58.0,47.0,0.0,49.0,48.0,0.0,28.0,12.0,26.0,39.0,36.0,70.0,49.0,0.0,34.0,4.0,21.0,62.0,0.0,20.0,42.0,54.0,0.0,40.0,35.0,44.0,15.0,0.0,25.0,35.0,16.0,0.0,23.0,4.0,42.0,50.0,67.0,2.0,12.0,31.0,28.0,2.0,31.0,35.0,38.0,49.0,54.0,58.0,6.0,0.0,22.0,34.0,49.0,24.0,31.0,48.0,59.0,29.0,57.0,29.0,32.0,28.0,45.0,0.0,51.0,28.0,32.0,4.0,28.0,64.0
124,30.0,27.0,14.0,25.0,0.0,0.0,61.0,26.0,48.0,26.0,31.0,31.0,25.0,22.0,30.0,33.0,5.0,0.0,22.0,0.0,39.0,56.0,37.0,21.0,21.0,28.0,39.0,9.0,19.0,0.0,37.0,8.0,0.0,37.0,24.0,0.0,42.0,34.0,8.0,36.0,25.0,56.0,34.0,17.0,22.0,21.0,27.0,12.0,30.0,30.0,36.0,41.0,31.0,41.0,28.0,40.0,42.0,7.0,26.0,23.0,18.0,34.0,16.0,34.0,22.0,44.0,68.0,8.0,43.0,30.0,26.0,17.0,34.0,10.0,23.0,35.0,38.0,49.0,31.0,15.0,25.0,28.0,25.0,10.0,26.0,26.0,30.0,42.0,58.0,18.0,36.0,35.0,23.0,14.0,30.0,22.0,19.0,35.0,21.0,32.0
125,21.0,22.0,28.0,32.0,3.0,0.0,54.0,30.0,8.0,85.0,29.0,35.0,15.0,6.0,52.0,35.0,48.0,0.0,23.0,0.0,42.0,13.0,14.0,31.0,18.0,32.0,31.0,14.0,70.0,0.0,34.0,0.0,0.0,40.0,45.0,0.0,40.0,19.0,29.0,35.0,25.0,48.0,23.0,0.0,16.0,25.0,39.0,69.0,0.0,8.0,30.0,31.0,34.0,53.0,34.0,16.0,31.0,23.0,33.0,41.0,24.0,27.0,16.0,40.0,37.0,24.0,96.0,0.0,41.0,25.0,7.0,21.0,13.0,28.0,29.0,4.0,26.0,30.0,22.0,24.0,15.0,18.0,30.0,19.0,0.0,2.0,23.0,21.0,33.0,18.0,16.0,20.0,37.0,22.0,33.0,5.0,13.0,23.0,32.0,21.0
126,45.0,17.0,3.0,13.0,0.0,20.0,33.0,23.0,35.0,57.0,75.0,25.0,26.0,19.0,53.0,24.0,29.0,0.0,6.0,37.0,14.0,38.0,27.0,53.0,0.0,64.0,19.0,4.0,18.0,21.0,33.0,46.0,14.0,39.0,55.0,0.0,29.0,46.0,12.0,35.0,11.0,63.0,12.0,0.0,23.0,12.0,23.0,0.0,0.0,14.0,3.0,18.0,30.0,35.0,16.0,49.0,67.0,11.0,67.0,34.0,21.0,24.0,73.0,53.0,31.0,24.0,88.0,4.0,61.0,52.0,20.0,12.0,38.0,33.0,61.0,0.0,74.0,24.0,40.0,71.0,20.0,31.0,28.0,18.0,27.0,2.0,68.0,0.0,43.0,10.0,18.0,19.0,52.0,12.0,56.0,15.0,18.0,30.0,13.0,2.0
127,35.0,47.0,10.0,34.0,1.0,54.0,26.0,44.0,16.0,29.0,0.0,56.0,37.0,8.0,43.0,28.0,14.0,0.0,15.0,38.0,2.0,62.0,21.0,31.0,0.0,32.0,0.0,34.0,6.0,0.0,41.0,52.0,0.0,68.0,77.0,16.0,38.0,27.0,34.0,44.0,20.0,63.0,33.0,0.0,40.0,36.0,28.0,45.0,0.0,29.0,30.0,27.0,47.0,0.0,20.0,20.0,18.0,0.0,42.0,42.0,12.0,37.0,19.0,11.0,54.0,33.0,54.0,16.0,45.0,1.0,4.0,16.0,20.0,20.0,56.0,0.0,18.0,30.0,0.0,23.0,20.0,46.0,30.0,17.0,68.0,23.0,27.0,0.0,30.0,26.0,31.0,0.0,47.0,13.0,37.0,12.0,4.0,35.0,50.0,35.0
128,16.0,27.0,22.0,21.0,0.0,16.0,17.0,10.0,34.0,23.0,38.0,38.0,25.0,25.0,65.0,51.0,7.0,0.0,22.0,0.0,16.0,42.0,31.0,13.0,32.0,7.0,31.0,33.0,18.0,0.0,73.0,44.0,0.0,3.0,72.0,0.0,44.0,10.0,7.0,20.0,9.0,30.0,22.0,1.0,17.0,11.0,26.0,36.0,0.0,0.0,48.0,40.0,37.0,0.0,51.0,44.0,26.0,51.0,28.0,29.0,15.0,37.0,29.0,52.0,35.0,17.0,89.0,13.0,39.0,0.0,11.0,25.0,9.0,18.0,19.0,59.0,0.0,4.0,42.0,49.0,21.0,18.0,37.0,14.0,86.0,93.0,38.0,37.0,35.0,17.0,35.0,18.0,24.0,29.0,28.0,16.0,13.0,75.0,32.0,27.0
129,14.0,5.0,6.0,17.0,0.0,56.0,55.0,0.0,44.0,48.0,6.0,64.0,11.0,1.0,28.0,33.0,59.0,0.0,26.0,0.0,81.0,37.0,42.0,21.0,41.0,7.0,52.0,24.0,45.0,6.0,77.0,66.0,0.0,20.0,62.0,31.0,22.0,29.0,30.0,9.0,10.0,54.0,14.0,0.0,16.0,17.0,36.0,22.0,4.0,21.0,49.0,40.0,48.0,3.0,19.0,3.0,14.0,20.0,44.0,26.0,24.0,85.0,26.0,33.0,49.0,11.0,75.0,0.0,78.0,0.0,23.0,26.0,0.0,16.0,3.0,27.0,8.0,48.0,48.0,9.0,27.0,0.0,30.0,7.0,32.0,23.0,40.0,28.0,72.0,52.0,47.0,0.0,21.0,25.0,30.0,0.0,1.0,0.0,62.0,34.0
130,5.0,19.0,24.0,1.0,9.0,42.0,7.0,24.0,10.0,42.0,25.0,67.0,44.0,12.0,14.0,26.0,55.0,0.0,11.0,32.0,45.0,63.0,37.0,11.0,0.0,0.0,67.0,9.0,63.0,2.0,62.0,18.0,0.0,27.0,52.0,0.0,11.0,31.0,13.0,21.0,20.0,47.0,41.0,14.0,13.0,17.0,70.0,34.0,0.0,39.0,55.0,58.0,31.0,83.0,25.0,4.0,13.0,9.0,59.0,20.0,18.0,41.0,6.0,36.0,89.0,18.0,98.0,1.0,88.0,0.0,41.0,48.0,17.0,74.0,33.0,35.0,0.0,63.0,16.0,0.0,30.0,5.0,30.0,27.0,58.0,3.0,55.0,16.0,50.0,32.0,23.0,0.0,13.0,22.0,8.0,19.0,47.0,16.0,15.0,39.0
131,10.0,25.0,26.0,0.0,55.0,61.0,34.0,0.0,14.0,33.0,23.0,0.0,7.0,0.0,59.0,43.0,23.0,0.0,0.0,34.0,0.0,73.0,22.0,18.0,0.0,35.0,1.0,15.0,74.0,2.0,68.0,50.0,3.0,1.0,14.0,2.0,36.0,60.0,20.0,15.0,33.0,56.0,24.0,0.0,31.0,63.0,68.0,89.0,12.0,0.0,20.0,65.0,27.0,44.0,30.0,6.0,63.0,18.0,68.0,0.0,15.0,41.0,49.0,41.0,32.0,51.0,33.0,36.0,57.0,6.0,29.0,11.0,0.0,28.0,5.0,15.0,14.0,43.0,24.0,2.0,33.0,0.0,6.0,54.0,66.0,22.0,31.0,73.0,59.0,14.0,0.0,0.0,58.0,9.0,74.0,48.0,38.0,5.0,28.0,59.0
132,45.0,26.0,29.0,8.0,46.0,38.0,57.0,11.0,45.0,15.0,63.0,18.0,44.0,0.0,19.0,67.0,48.0,0.0,47.0,0.0,50.0,41.0,6.0,27.0,2.0,33.0,18.0,43.0,79.0,2.0,75.0,50.0,0.0,4.0,30.0,54.0,46.0,20.0,17.0,38.0,25.0,52.0,27.0,0.0,20.0,54.0,61.0,23.0,0.0,0.0,12.0,25.0,32.0,42.0,20.0,0.0,34.0,57.0,43.0,3.0,35.0,21.0,62.0,40.0,61.0,11.0,31.0,21.0,28.0,12.0,10.0,9.0,49.0,23.0,44.0,1.0,47.0,48.0,93.0,11.0,54.0,41.0,11.0,13.0,51.0,28.0,0.0,70.0,24.0,32.0,0.0,35.0,15.0,0.0,46.0,58.0,4.0,0.0,15.0,27.0
133,7.0,15.0,31.0,28.0,7.0,63.0,26.0,30.0,83.0,54.0,61.0,11.0,43.0,7.0,7.0,2.0,20.0,2.0,39.0,32.0,39.0,60.0,0.0,48.0,11.0,56.0,44.0,22.0,43.0,3.0,83.0,62.0,0.0,34.0,45.0,12.0,29.0,13.0,17.0,19.0,30.0,42.0,4.0,0.0,36.0,35.0,42.0,70.0,0.0,0.0,54.0,40.0,40.0,20.0,65.0,37.0,21.0,31.0,47.0,31.0,11.0,12.0,38.0,36.0,58.0,39.0,51.0,7.0,56.0,5.0,26.0,6.0,26.0,15.0,18.0,25.0,19.0,0.0,78.0,33.0,32.0,17.0,7.0,11.0,41.0,15.0,36.0,31.0,14.0,0.0,12.0,0.0,11.0,54.0,21.0,57.0,64.0,21.0,48.0,35.0
134,51.0,52.0,13.0,51.0,0.0,52.0,48.0,41.0,49.0,23.0,45.0,33.0,32.0,0.0,33.0,0.0,3.0,5.0,0.0,42.0,16.0,54.0,21.0,59.0,30.0,24.0,0.0,11.0,46.0,4.0,45.0,76.0,0.0,27.0,0.0,39.0,21.0,21.0,36.0,36.0,14.0,68.0,14.0,0.0,5.0,44.0,9.0,35.0,0.0,2.0,44.0,53.0,49.0,33.0,52.0,12.0,13.0,9.0,54.0,31.0,29.0,28.0,28.0,41.0,23.0,51.0,93.0,0.0,21.0,20.0,11.0,50.0,9.0,50.0,0.0,0.0,19.0,24.0,58.0,9.0,21.0,30.0,45.0,13.0,14.0,31.0,30.0,21.0,58.0,0.0,6.0,0.0,67.0,50.0,43.0,15.0,21.0,42.0,49.0,49.0
135,35.0,40.0,31.0,53.0,10.0,43.0,55.0,26.0,21.0,15.0,34.0,45.0,27.0,46.0,61.0,14.0,14.0,5.0,24.0,34.0,11.0,36.0,42.0,11.0,0.0,10.0,17.0,36.0,43.0,4.0,14.0,65.0,0.0,60.0,43.0,4.0,35.0,46.0,49.0,22.0,22.0,50.0,19.0,0.0,33.0,23.0,47.0,67.0,6.0,0.0,6.0,30.0,0.0,0.0,42.0,48.0,57.0,3.0,49.0,31.0,24.0,53.0,21.0,24.0,32.0,29.0,115.0,0.0,35.0,7.0,23.0,11.0,5.0,34.0,2.0,18.0,65.0,55.0,65.0,0.0,50.0,37.0,61.0,14.0,50.0,26.0,10.0,64.0,29.0,41.0,38.0,0.0,15.0,15.0,32.0,18.0,39.0,45.0,49.0,20.0
136,24.0,21.0,0.0,31.0,43.0,39.0,22.0,30.0,9.0,45.0,9.0,81.0,7.0,22.0,32.0,0.0,63.0,8.0,56.0,45.0,44.0,58.0,36.0,19.0,0.0,73.0,38.0,0.0,46.0,6.0,44.0,25.0,5.0,55.0,41.0,48.0,28.0,0.0,5.0,12.0,54.0,35.0,11.0,0.0,0.0,19.0,37.0,58.0,0.0,3.0,0.0,56.0,7.0,58.0,53.0,9.0,10.0,0.0,16.0,20.0,37.0,39.0,0.0,33.0,42.0,74.0,24.0,27.0,28.0,40.0,41.0,0.0,38.0,50.0,1.0,33.0,58.0,22.0,6.0,8.0,1.0,40.0,10.0,11.0,5.0,26.0,63.0,62.0,41.0,37.0,30.0,0.0,40.0,0.0,0.0,15.0,42.0,14.0,76.0,23.0
137,5.0,0.0,0.0,35.0,54.0,40.0,69.0,22.0,51.0,22.0,1.0,46.0,11.0,0.0,61.0,1.0,42.0,17.0,44.0,52.0,57.0,74.0,11.0,17.0,1.0,8.0,38.0,16.0,38.0,6.0,15.0,55.0,9.0,0.0,9.0,46.0,54.0,0.0,8.0,0.0,23.0,48.0,38.0,0.0,47.0,18.0,44.0,4.0,23.0,48.0,29.0,59.0,0.0,21.0,51.0,15.0,20.0,1.0,41.0,20.0,53.0,72.0,2.0,41.0,18.0,63.0,16.0,23.0,28.0,27.0,26.0,4.0,18.0,42.0,49.0,9.0,13.0,55.0,29.0,0.0,0.0,52.0,3.0,16.0,25.0,9.0,30.0,62.0,52.0,53.0,13.0,38.0,57.0,46.0,2.0,0.0,1.0,47.0,72.0,36.0
138,44.0,35.0,29.0,10.0,0.0,0.0,54.0,30.0,3.0,0.0,3.0,67.0,12.0,0.0,35.0,39.0,24.0,52.0,63.0,7.0,49.0,76.0,19.0,7.0,24.0,57.0,0.0,17.0,50.0,26.0,2.0,35.0,55.0,0.0,49.0,5.0,19.0,47.0,36.0,0.0,36.0,58.0,64.0,0.0,23.0,49.0,7.0,60.0,23.0,23.0,7.0,72.0,9.0,1.0,27.0,51.0,36.0,2.0,3.0,23.0,15.0,80.0,16.0,64.0,57.0,6.0,74.0,1.0,74.0,24.0,42.0,42.0,23.0,8.0,0.0,18.0,20.0,34.0,62.0,1.0,0.0,63.0,46.0,0.0,4.0,30.0,13.0,29.0,28.0,43.0,32.0,0.0,11.0,31.0,38.0,9.0,28.0,51.0,63.0,11.0
139,21.0,40.0,7.0,23.0,12.0,36.0,39.0,29.0,10.0,40.0,45.0,49.0,9.0,0.0,37.0,31.0,4.0,111.0,27.0,46.0,10.0,20.0,19.0,7.0,0.0,42.0,7.0,30.0,47.0,72.0,49.0,30.0,68.0,0.0,6.0,44.0,0.0,48.0,24.0,0.0,7.0,28.0,18.0,0.0,48.0,49.0,0.0,43.0,23.0,34.0,32.0,69.0,18.0,48.0,13.0,13.0,46.0,24.0,23.0,42.0,28.0,66.0,0.0,19.0,28.0,65.0,101.0,0.0,3.0,11.0,5.0,30.0,28.0,36.0,22.0,21.0,17.0,28.0,13.0,32.0,25.0,16.0,10.0,32.0,40.0,27.0,62.0,16.0,39.0,31.0,0.0,7.0,0.0,50.0,3.0,14.0,38.0,0.0,58.0,6.0
140,56.0,31.0,17.0,20.0,0.0,0.0,47.0,30.0,12.0,0.0,19.0,11.0,44.0,27.0,55.0,13.0,35.0,10.0,55.0,0.0,72.0,61.0,22.0,45.0,49.0,9.0,20.0,24.0,21.0,58.0,6.0,24.0,8.0,18.0,23.0,46.0,57.0,61.0,18.0,3.0,36.0,30.0,0.0,0.0,5.0,15.0,0.0,54.0,0.0,23.0,22.0,19.0,31.0,25.0,45.0,35.0,67.0,48.0,9.0,22.0,0.0,46.0,22.0,48.0,39.0,27.0,49.0,19.0,41.0,60.0,0.0,30.0,0.0,21.0,23.0,64.0,45.0,23.0,51.0,4.0,65.0,42.0,57.0,11.0,37.0,54.0,0.0,40.0,53.0,26.0,49.0,31.0,51.0,30.0,38.0,12.0,0.0,49.0,46.0,30.0
141,19.0,14.0,61.0,43.0,0.0,0.0,62.0,39.0,3.0,1.0,0.0,42.0,4.0,0.0,41.0,1.0,23.0,0.0,26.0,0.0,66.0,5.0,25.0,86.0,0.0,44.0,9.0,36.0,43.0,0.0,38.0,18.0,0.0,0.0,37.0,39.0,79.0,15.0,5.0,71.0,34.0,76.0,13.0,0.0,5.0,13.0,43.0,78.0,0.0,7.0,39.0,63.0,26.0,64.0,63.0,40.0,17.0,0.0,50.0,30.0,33.0,64.0,44.0,23.0,45.0,40.0,58.0,0.0,70.0,44.0,24.0,9.0,0.0,37.0,28.0,44.0,62.0,69.0,50.0,5.0,48.0,49.0,66.0,42.0,35.0,67.0,0.0,46.0,66.0,0.0,0.0,19.0,35.0,0.0,25.0,0.0,28.0,59.0,36.0,49.0
142,52.0,0.0,38.0,61.0,0.0,0.0,19.0,0.0,55.0,0.0,13.0,54.0,12.0,51.0,45.0,22.0,40.0,10.0,57.0,0.0,22.0,65.0,58.0,48.0,14.0,47.0,48.0,5.0,30.0,0.0,38.0,48.0,0.0,50.0,12.0,37.0,51.0,9.0,44.0,13.0,0.0,44.0,21.0,1.0,40.0,10.0,2.0,35.0,10.0,0.0,63.0,66.0,0.0,56.0,21.0,39.0,54.0,32.0,46.0,30.0,0.0,49.0,18.0,0.0,60.0,34.0,103.0,1.0,59.0,38.0,30.0,0.0,23.0,51.0,12.0,51.0,60.0,57.0,61.0,0.0,22.0,21.0,51.0,15.0,59.0,57.0,0.0,6.0,34.0,29.0,0.0,39.0,38.0,27.0,31.0,0.0,0.0,57.0,59.0,40.0
143,40.0,37.0,15.0,28.0,0.0,0.0,48.0,61.0,59.0,14.0,11.0,0.0,30.0,47.0,57.0,37.0,0.0,45.0,47.0,0.0,51.0,82.0,29.0,0.0,32.0,17.0,0.0,50.0,57.0,0.0,67.0,40.0,0.0,60.0,46.0,0.0,36.0,19.0,28.0,37.0,34.0,82.0,52.0,0.0,30.0,5.0,36.0,65.0,0.0,22.0,37.0,58.0,8.0,36.0,30.0,46.0,15.0,0.0,38.0,41.0,13.0,0.0,22.0,16.0,41.0,60.0,76.0,0.0,25.0,39.0,33.0,0.0,27.0,28.0,52.0,46.0,52.0,53.0,17.0,0.0,27.0,35.0,53.0,30.0,26.0,51.0,57.0,40.0,57.0,29.0,34.0,24.0,55.0,0.0,63.0,32.0,30.0,2.0,32.0,66.0
144,30.0,27.0,11.0,20.0,0.0,0.0,65.0,26.0,47.0,18.0,31.0,32.0,33.0,21.0,37.0,37.0,4.0,0.0,24.0,0.0,39.0,66.0,37.0,18.0,21.0,25.0,40.0,10.0,26.0,0.0,51.0,0.0,0.0,39.0,29.0,0.0,45.0,37.0,3.0,37.0,20.0,70.0,32.0,14.0,19.0,24.0,27.0,21.0,29.0,31.0,26.0,34.0,35.0,51.0,32.0,40.0,46.0,9.0,35.0,28.0,21.0,43.0,13.0,35.0,18.0,45.0,67.0,11.0,48.0,32.0,29.0,21.0,39.0,13.0,30.0,32.0,36.0,50.0,35.0,19.0,23.0,35.0,23.0,15.0,30.0,29.0,46.0,48.0,57.0,17.0,35.0,33.0,24.0,16.0,38.0,24.0,11.0,36.0,18.0,41.0
145,27.0,22.0,35.0,26.0,0.0,0.0,59.0,32.0,2.0,78.0,32.0,61.0,21.0,1.0,53.0,34.0,46.0,0.0,14.0,3.0,46.0,28.0,12.0,28.0,19.0,27.0,34.0,14.0,77.0,0.0,44.0,0.0,0.0,42.0,60.0,0.0,46.0,24.0,28.0,26.0,30.0,47.0,21.0,0.0,7.0,32.0,42.0,70.0,0.0,7.0,22.0,38.0,35.0,47.0,28.0,22.0,35.0,28.0,42.0,38.0,21.0,32.0,19.0,45.0,40.0,24.0,99.0,0.0,48.0,22.0,10.0,27.0,6.0,19.0,29.0,3.0,28.0,41.0,22.0,26.0,23.0,18.0,32.0,23.0,4.0,1.0,29.0,24.0,43.0,10.0,13.0,13.0,33.0,25.0,38.0,12.0,7.0,18.0,25.0,13.0
146,45.0,17.0,6.0,8.0,0.0,19.0,37.0,16.0,41.0,53.0,83.0,40.0,34.0,21.0,48.0,15.0,27.0,0.0,0.0,42.0,10.0,46.0,31.0,48.0,0.0,60.0,20.0,1.0,27.0,18.0,41.0,50.0,14.0,41.0,54.0,0.0,27.0,44.0,11.0,34.0,10.0,63.0,16.0,0.0,15.0,9.0,13.0,0.0,0.0,17.0,0.0,27.0,20.0,31.0,19.0,50.0,78.0,8.0,66.0,36.0,18.0,27.0,79.0,46.0,43.0,34.0,86.0,8.0,68.0,55.0,20.0,10.0,35.0,46.0,52.0,0.0,75.0,29.0,41.0,78.0,15.0,34.0,20.0,23.0,40.0,2.0,65.0,8.0,55.0,9.0,24.0,12.0,41.0,16.0,54.0,13.0,10.0,26.0,10.0,0.0
147,35.0,48.0,10.0,30.0,0.0,49.0,30.0,39.0,12.0,19.0,0.0,70.0,42.0,7.0,40.0,27.0,25.0,0.0,19.0,38.0,0.0,66.0,16.0,24.0,0.0,42.0,3.0,36.0,11.0,0.0,45.0,51.0,0.0,74.0,79.0,10.0,38.0,33.0,32.0,42.0,16.0,59.0,37.0,0.0,31.0,34.0,20.0,45.0,0.0,30.0,37.0,29.0,56.0,0.0,18.0,12.0,25.0,0.0,57.0,38.0,6.0,31.0,21.0,9.0,57.0,31.0,43.0,13.0,48.0,2.0,2.0,25.0,25.0,14.0,50.0,0.0,12.0,36.0,0.0,24.0,31.0,48.0,38.0,21.0,77.0,24.0,35.0,0.0,35.0,31.0,30.0,0.0,38.0,17.0,40.0,17.0,0.0,37.0,45.0,32.0
148,16.0,29.0,27.0,17.0,0.0,21.0,11.0,8.0,29.0,29.0,32.0,51.0,32.0,23.0,57.0,44.0,5.0,0.0,27.0,0.0,17.0,48.0,24.0,22.0,35.0,8.0,34.0,38.0,29.0,0.0,86.0,47.0,0.0,6.0,67.0,0.0,44.0,3.0,11.0,22.0,11.0,44.0,23.0,0.0,13.0,9.0,22.0,23.0,0.0,2.0,50.0,29.0,36.0,0.0,54.0,41.0,31.0,49.0,31.0,39.0,7.0,36.0,29.0,49.0,39.0,21.0,92.0,11.0,40.0,1.0,19.0,31.0,9.0,19.0,11.0,62.0,0.0,11.0,42.0,50.0,19.0,22.0,35.0,20.0,96.0,96.0,40.0,33.0,39.0,11.0,39.0,16.0,13.0,34.0,40.0,14.0,13.0,76.0,27.0,35.0
149,8.0,6.0,3.0,14.0,0.0,68.0,52.0,0.0,49.0,39.0,0.0,74.0,9.0,0.0,24.0,42.0,67.0,0.0,28.0,0.0,92.0,33.0,51.0,21.0,36.0,7.0,57.0,26.0,49.0,6.0,75.0,74.0,0.0,21.0,56.0,39.0,30.0,27.0,35.0,3.0,3.0,44.0,15.0,0.0,16.0,14.0,29.0,10.0,2.0,22.0,52.0,47.0,53.0,5.0,21.0,0.0,20.0,22.0,56.0,25.0,21.0,76.0,27.0,27.0,53.0,17.0,91.0,0.0,79.0,0.0,27.0,32.0,0.0,13.0,0.0,30.0,9.0,52.0,51.0,5.0,31.0,2.0,41.0,5.0,40.0,24.0,46.0,25.0,82.0,58.0,45.0,0.0,30.0,29.0,28.0,0.0,5.0,0.0,57.0,31.0
150,0.0,20.0,27.0,0.0,7.0,35.0,19.0,20.0,7.0,38.0,23.0,68.0,49.0,13.0,11.0,19.0,50.0,0.0,21.0,30.0,54.0,67.0,38.0,12.0,0.0,0.0,66.0,8.0,76.0,1.0,71.0,26.0,0.0,21.0,61.0,0.0,15.0,28.0,10.0,21.0,26.0,47.0,11.0,11.0,22.0,16.0,67.0,26.0,0.0,42.0,27.0,66.0,33.0,80.0,22.0,0.0,12.0,7.0,69.0,25.0,28.0,35.0,7.0,24.0,96.0,27.0,104.0,1.0,105.0,0.0,31.0,48.0,18.0,86.0,30.0,36.0,6.0,76.0,34.0,0.0,33.0,10.0,34.0,37.0,64.0,0.0,55.0,28.0,49.0,31.0,26.0,0.0,4.0,28.0,19.0,17.0,34.0,7.0,11.0,45.0
151,12.0,27.0,21.0,0.0,64.0,60.0,27.0,0.0,7.0,34.0,20.0,0.0,3.0,0.0,54.0,46.0,32.0,0.0,8.0,40.0,0.0,75.0,16.0,19.0,0.0,28.0,0.0,12.0,88.0,0.0,65.0,42.0,2.0,0.0,15.0,0.0,44.0,72.0,25.0,6.0,19.0,70.0,27.0,0.0,33.0,58.0,58.0,78.0,0.0,2.0,25.0,12.0,26.0,54.0,36.0,0.0,76.0,22.0,77.0,0.0,14.0,0.0,51.0,33.0,35.0,52.0,39.0,39.0,52.0,5.0,42.0,18.0,0.0,34.0,20.0,16.0,17.0,53.0,32.0,0.0,30.0,3.0,5.0,61.0,62.0,21.0,33.0,91.0,70.0,14.0,0.0,0.0,56.0,15.0,79.0,46.0,39.0,0.0,41.0,62.0
152,49.0,29.0,27.0,8.0,34.0,0.0,69.0,0.0,39.0,12.0,75.0,14.0,49.0,0.0,14.0,66.0,44.0,0.0,57.0,5.0,53.0,48.0,0.0,30.0,0.0,45.0,14.0,40.0,85.0,0.0,89.0,53.0,0.0,0.0,29.0,30.0,39.0,25.0,20.0,34.0,22.0,58.0,31.0,0.0,18.0,69.0,72.0,10.0,0.0,3.0,5.0,23.0,27.0,38.0,24.0,0.0,33.0,55.0,51.0,0.0,27.0,12.0,65.0,32.0,68.0,26.0,21.0,23.0,36.0,9.0,4.0,10.0,53.0,20.0,44.0,3.0,53.0,57.0,99.0,9.0,66.0,48.0,9.0,11.0,0.0,35.0,0.0,78.0,19.0,27.0,0.0,0.0,18.0,3.0,49.0,72.0,11.0,0.0,15.0,24.0
153,8.0,18.0,41.0,30.0,0.0,54.0,33.0,35.0,78.0,45.0,0.0,11.0,43.0,9.0,1.0,1.0,26.0,1.0,45.0,36.0,37.0,78.0,0.0,51.0,4.0,61.0,40.0,19.0,46.0,0.0,87.0,69.0,0.0,34.0,42.0,5.0,43.0,13.0,20.0,21.0,23.0,48.0,8.0,0.0,39.0,32.0,40.0,60.0,0.0,2.0,48.0,37.0,38.0,16.0,61.0,29.0,22.0,26.0,54.0,34.0,16.0,10.0,40.0,27.0,64.0,48.0,51.0,7.0,51.0,1.0,27.0,10.0,30.0,16.0,23.0,28.0,25.0,0.0,82.0,24.0,36.0,19.0,18.0,10.0,47.0,19.0,37.0,36.0,15.0,0.0,12.0,0.0,10.0,55.0,16.0,60.0,67.0,22.0,47.0,33.0
154,60.0,55.0,16.0,53.0,0.0,61.0,53.0,33.0,44.0,25.0,45.0,43.0,41.0,0.0,35.0,0.0,4.0,13.0,5.0,39.0,9.0,49.0,19.0,62.0,36.0,25.0,0.0,18.0,46.0,0.0,51.0,78.0,0.0,27.0,0.0,31.0,28.0,19.0,40.0,34.0,17.0,70.0,17.0,0.0,3.0,47.0,4.0,52.0,0.0,2.0,40.0,76.0,42.0,33.0,56.0,22.0,8.0,4.0,53.0,33.0,17.0,15.0,29.0,29.0,29.0,47.0,103.0,0.0,32.0,13.0,7.0,53.0,11.0,54.0,4.0,3.0,15.0,24.0,66.0,4.0,17.0,36.0,40.0,11.0,22.0,31.0,22.0,25.0,47.0,0.0,10.0,0.0,60.0,47.0,37.0,13.0,16.0,49.0,33.0,44.0
155,42.0,44.0,31.0,56.0,8.0,40.0,59.0,36.0,19.0,12.0,33.0,60.0,24.0,46.0,70.0,10.0,11.0,9.0,23.0,41.0,16.0,48.0,49.0,14.0,0.0,7.0,19.0,38.0,40.0,0.0,16.0,59.0,1.0,60.0,38.0,0.0,36.0,42.0,54.0,19.0,23.0,51.0,27.0,0.0,29.0,18.0,37.0,64.0,6.0,0.0,0.0,35.0,0.0,0.0,49.0,48.0,70.0,0.0,55.0,38.0,27.0,74.0,22.0,10.0,33.0,47.0,123.0,0.0,33.0,17.0,22.0,9.0,7.0,30.0,0.0,22.0,77.0,66.0,59.0,0.0,53.0,46.0,68.0,21.0,53.0,28.0,10.0,54.0,27.0,40.0,41.0,0.0,15.0,28.0,28.0,16.0,42.0,0.0,54.0,30.0
156,30.0,24.0,0.0,33.0,46.0,38.0,21.0,22.0,2.0,44.0,2.0,92.0,7.0,30.0,35.0,0.0,19.0,7.0,69.0,47.0,40.0,63.0,37.0,15.0,0.0,74.0,37.0,0.0,57.0,0.0,51.0,22.0,6.0,63.0,38.0,44.0,34.0,0.0,8.0,11.0,53.0,31.0,19.0,0.0,0.0,19.0,38.0,58.0,0.0,0.0,0.0,70.0,6.0,58.0,56.0,11.0,22.0,0.0,22.0,25.0,32.0,42.0,2.0,23.0,42.0,69.0,32.0,23.0,39.0,8.0,50.0,0.0,40.0,43.0,0.0,36.0,67.0,33.0,0.0,1.0,7.0,42.0,11.0,10.0,19.0,26.0,69.0,71.0,40.0,45.0,33.0,0.0,42.0,5.0,0.0,8.0,40.0,21.0,79.0,26.0
157,12.0,3.0,0.0,36.0,52.0,40.0,80.0,24.0,43.0,12.0,0.0,56.0,10.0,2.0,64.0,1.0,42.0,26.0,60.0,54.0,44.0,88.0,14.0,17.0,0.0,15.0,45.0,15.0,50.0,0.0,15.0,47.0,10.0,1.0,21.0,38.0,54.0,1.0,6.0,0.0,20.0,48.0,44.0,0.0,43.0,20.0,41.0,1.0,23.0,54.0,26.0,66.0,0.0,15.0,55.0,14.0,28.0,0.0,42.0,26.0,53.0,69.0,4.0,27.0,23.0,9.0,30.0,27.0,17.0,25.0,29.0,0.0,22.0,38.0,61.0,13.0,19.0,62.0,38.0,0.0,4.0,61.0,2.0,23.0,25.0,9.0,24.0,71.0,49.0,57.0,16.0,42.0,59.0,51.0,13.0,0.0,0.0,56.0,84.0,36.0
158,51.0,39.0,34.0,9.0,0.0,0.0,60.0,35.0,0.0,0.0,2.0,64.0,8.0,0.0,39.0,37.0,26.0,42.0,72.0,8.0,56.0,87.0,20.0,14.0,25.0,55.0,0.0,16.0,50.0,16.0,5.0,47.0,56.0,3.0,53.0,0.0,21.0,52.0,40.0,0.0,34.0,64.0,63.0,0.0,28.0,43.0,3.0,56.0,24.0,0.0,16.0,78.0,4.0,0.0,30.0,55.0,39.0,0.0,13.0,29.0,16.0,85.0,17.0,57.0,64.0,15.0,75.0,1.0,82.0,32.0,44.0,34.0,26.0,3.0,0.0,14.0,23.0,46.0,67.0,0.0,5.0,72.0,46.0,5.0,19.0,30.0,8.0,29.0,44.0,37.0,35.0,2.0,8.0,37.0,42.0,2.0,31.0,60.0,66.0,17.0
159,22.0,37.0,5.0,23.0,10.0,25.0,36.0,32.0,7.0,34.0,52.0,56.0,19.0,0.0,40.0,37.0,7.0,108.0,33.0,47.0,17.0,31.0,22.0,7.0,1.0,50.0,14.0,27.0,42.0,81.0,46.0,32.0,69.0,0.0,12.0,38.0,12.0,57.0,30.0,0.0,10.0,44.0,22.0,0.0,48.0,45.0,0.0,38.0,22.0,40.0,32.0,77.0,22.0,51.0,17.0,16.0,59.0,28.0,23.0,47.0,26.0,57.0,2.0,28.0,30.0,60.0,75.0,0.0,0.0,15.0,6.0,24.0,31.0,46.0,24.0,25.0,24.0,37.0,19.0,29.0,13.0,24.0,6.0,36.0,42.0,34.0,71.0,23.0,45.0,35.0,4.0,7.0,0.0,56.0,4.0,15.0,36.0,2.0,61.0,10.0
160,67.0,29.0,23.0,21.0,0.0,0.0,57.0,32.0,10.0,0.0,19.0,4.0,47.0,34.0,60.0,17.0,43.0,10.0,57.0,2.0,68.0,66.0,25.0,46.0,46.0,11.0,23.0,31.0,16.0,56.0,8.0,20.0,5.0,8.0,24.0,38.0,67.0,57.0,22.0,5.0,35.0,37.0,9.0,0.0,6.0,4.0,0.0,47.0,0.0,30.0,23.0,20.0,33.0,30.0,39.0,37.0,77.0,48.0,24.0,23.0,0.0,53.0,32.0,46.0,52.0,49.0,51.0,18.0,38.0,63.0,1.0,22.0,0.0,23.0,24.0,60.0,50.0,28.0,53.0,2.0,69.0,35.0,73.0,9.0,59.0,63.0,2.0,31.0,46.0,26.0,52.0,33.0,60.0,35.0,29.0,16.0,0.0,59.0,48.0,37.0
161,26.0,24.0,67.0,42.0,0.0,0.0,59.0,38.0,0.0,0.0,0.0,38.0,4.0,0.0,47.0,0.0,23.0,0.0,17.0,1.0,81.0,20.0,29.0,91.0,0.0,46.0,10.0,38.0,47.0,0.0,52.0,13.0,0.0,0.0,43.0,42.0,70.0,10.0,0.0,52.0,34.0,80.0,18.0,0.0,4.0,10.0,39.0,71.0,0.0,10.0,40.0,57.0,29.0,64.0,74.0,43.0,18.0,0.0,61.0,28.0,30.0,64.0,52.0,20.0,56.0,38.0,55.0,0.0,66.0,50.0,22.0,23.0,3.0,38.0,38.0,61.0,59.0,0.0,58.0,0.0,65.0,49.0,73.0,40.0,49.0,72.0,0.0,60.0,68.0,0.0,5.0,21.0,37.0,1.0,28.0,0.0,22.0,55.0,39.0,58.0
162,59.0,3.0,44.0,64.0,0.0,0.0,17.0,0.0,59.0,0.0,16.0,49.0,14.0,22.0,51.0,30.0,47.0,8.0,56.0,3.0,0.0,67.0,62.0,48.0,13.0,45.0,48.0,0.0,45.0,0.0,50.0,34.0,0.0,51.0,5.0,39.0,54.0,7.0,41.0,23.0,0.0,55.0,27.0,0.0,40.0,15.0,0.0,36.0,0.0,6.0,65.0,57.0,0.0,66.0,12.0,32.0,57.0,27.0,51.0,38.0,0.0,42.0,26.0,0.0,60.0,37.0,132.0,0.0,80.0,41.0,36.0,0.0,28.0,41.0,14.0,54.0,71.0,64.0,69.0,0.0,27.0,22.0,56.0,16.0,73.0,60.0,0.0,6.0,30.0,29.0,0.0,40.0,39.0,26.0,29.0,0.0,0.0,51.0,63.0,48.0
163,47.0,41.0,16.0,30.0,0.0,0.0,48.0,62.0,60.0,13.0,16.0,0.0,28.0,50.0,64.0,37.0,6.0,43.0,57.0,4.0,53.0,101.0,27.0,0.0,28.0,24.0,0.0,48.0,48.0,0.0,59.0,33.0,0.0,58.0,56.0,0.0,25.0,29.0,32.0,30.0,34.0,78.0,50.0,0.0,32.0,5.0,34.0,64.0,0.0,22.0,34.0,51.0,4.0,41.0,29.0,49.0,17.0,0.0,43.0,42.0,12.0,0.0,29.0,8.0,54.0,62.0,86.0,0.0,29.0,38.0,30.0,0.0,34.0,23.0,59.0,44.0,62.0,72.0,19.0,0.0,24.0,36.0,51.0,40.0,40.0,53.0,0.0,43.0,51.0,31.0,40.0,23.0,46.0,0.0,67.0,35.0,27.0,0.0,36.0,68.0
164,36.0,25.0,12.0,21.0,0.0,0.0,77.0,29.0,48.0,10.0,40.0,30.0,40.0,20.0,44.0,43.0,9.0,0.0,26.0,5.0,40.0,79.0,44.0,15.0,20.0,23.0,40.0,6.0,17.0,0.0,55.0,0.0,0.0,32.0,44.0,0.0,48.0,42.0,7.0,45.0,22.0,68.0,40.0,13.0,20.0,20.0,27.0,14.0,28.0,40.0,27.0,21.0,35.0,55.0,28.0,37.0,53.0,8.0,55.0,38.0,20.0,44.0,18.0,37.0,5.0,64.0,62.0,10.0,47.0,35.0,33.0,14.0,46.0,15.0,36.0,26.0,38.0,63.0,37.0,14.0,30.0,35.0,29.0,13.0,31.0,25.0,52.0,46.0,73.0,16.0,41.0,28.0,31.0,12.0,36.0,21.0,1.0,46.0,23.0,41.0
165,34.0,18.0,36.0,26.0,0.0,0.0,64.0,34.0,1.0,84.0,40.0,74.0,30.0,0.0,60.0,34.0,47.0,0.0,17.0,10.0,47.0,35.0,8.0,35.0,21.0,21.0,40.0,15.0,79.0,0.0,35.0,0.0,0.0,35.0,69.0,0.0,60.0,29.0,24.0,27.0,23.0,45.0,30.0,0.0,8.0,29.0,43.0,76.0,0.0,13.0,23.0,28.0,46.0,52.0,27.0,18.0,33.0,27.0,55.0,44.0,21.0,35.0,28.0,44.0,35.0,32.0,86.0,0.0,51.0,22.0,12.0,22.0,12.0,18.0,34.0,0.0,35.0,55.0,29.0,24.0,19.0,20.0,35.0,30.0,8.0,0.0,29.0,17.0,47.0,7.0,19.0,12.0,34.0,27.0,41.0,20.0,0.0,24.0,31.0,17.0
166,51.0,30.0,10.0,1.0,0.0,14.0,32.0,19.0,40.0,47.0,90.0,53.0,33.0,18.0,57.0,12.0,32.0,0.0,0.0,43.0,9.0,48.0,39.0,51.0,0.0,54.0,27.0,6.0,36.0,15.0,42.0,59.0,11.0,35.0,64.0,0.0,25.0,49.0,5.0,33.0,11.0,80.0,17.0,0.0,16.0,9.0,10.0,3.0,0.0,16.0,1.0,10.0,23.0,35.0,31.0,56.0,73.0,11.0,80.0,37.0,19.0,32.0,88.0,46.0,38.0,43.0,71.0,8.0,64.0,57.0,22.0,9.0,40.0,53.0,51.0,0.0,74.0,41.0,38.0,82.0,9.0,35.0,14.0,27.0,63.0,7.0,73.0,7.0,55.0,16.0,26.0,8.0,43.0,29.0,50.0,16.0,16.0,32.0,18.0,4.0
167,43.0,54.0,4.0,36.0,0.0,42.0,37.0,42.0,13.0,22.0,6.0,78.0,37.0,12.0,41.0,21.0,24.0,0.0,17.0,52.0,0.0,75.0,20.0,27.0,0.0,35.0,6.0,38.0,3.0,0.0,46.0,45.0,0.0,65.0,84.0,1.0,38.0,27.0,25.0,43.0,21.0,67.0,45.0,0.0,34.0,31.0,23.0,40.0,0.0,33.0,39.0,20.0,59.0,5.0,23.0,14.0,44.0,0.0,57.0,46.0,8.0,33.0,16.0,2.0,63.0,38.0,19.0,13.0,40.0,0.0,6.0,23.0,31.0,3.0,56.0,0.0,13.0,37.0,0.0,17.0,39.0,48.0,46.0,25.0,92.0,28.0,49.0,0.0,24.0,27.0,36.0,0.0,33.0,23.0,40.0,21.0,0.0,46.0,54.0,36.0
168,18.0,35.0,28.0,19.0,0.0,34.0,14.0,11.0,30.0,23.0,35.0,61.0,34.0,18.0,57.0,54.0,8.0,0.0,36.0,8.0,24.0,62.0,28.0,24.0,34.0,9.0,36.0,42.0,23.0,0.0,110.0,33.0,0.0,0.0,71.0,0.0,48.0,0.0,2.0,16.0,13.0,49.0,30.0,0.0,15.0,18.0,23.0,19.0,0.0,0.0,50.0,43.0,39.0,4.0,50.0,43.0,38.0,52.0,32.0,41.0,8.0,46.0,28.0,50.0,50.0,25.0,68.0,8.0,25.0,0.0,20.0,24.0,14.0,28.0,13.0,53.0,0.0,15.0,55.0,48.0,24.0,31.0,40.0,21.0,92.0,101.0,47.0,52.0,35.0,10.0,44.0,13.0,9.0,40.0,38.0,18.0,15.0,84.0,39.0,43.0
169,6.0,0.0,12.0,17.0,3.0,69.0,57.0,3.0,51.0,33.0,4.0,71.0,19.0,0.0,24.0,37.0,79.0,0.0,35.0,7.0,85.0,46.0,47.0,25.0,39.0,1.0,57.0,29.0,47.0,3.0,85.0,68.0,0.0,10.0,62.0,37.0,38.0,20.0,30.0,0.0,6.0,48.0,12.0,0.0,19.0,16.0,33.0,8.0,1.0,31.0,59.0,42.0,55.0,12.0,34.0,2.0,10.0,22.0,61.0,27.0,24.0,83.0,40.0,27.0,68.0,28.0,71.0,0.0,76.0,1.0,25.0,22.0,1.0,17.0,1.0,21.0,0.0,46.0,71.0,0.0,36.0,9.0,43.0,11.0,43.0,32.0,47.0,33.0,77.0,69.0,50.0,0.0,37.0,22.0,25.0,5.0,0.0,0.0,70.0,41.0
170,0.0,24.0,31.0,0.0,10.0,22.0,20.0,23.0,10.0,31.0,27.0,82.0,53.0,17.0,5.0,23.0,57.0,0.0,30.0,31.0,66.0,74.0,45.0,16.0,0.0,0.0,73.0,7.0,99.0,0.0,77.0,20.0,0.0,12.0,59.0,0.0,20.0,25.0,8.0,15.0,30.0,13.0,23.0,9.0,26.0,19.0,71.0,34.0,0.0,41.0,28.0,59.0,35.0,89.0,23.0,0.0,18.0,6.0,67.0,22.0,32.0,43.0,13.0,24.0,98.0,30.0,82.0,1.0,95.0,0.0,42.0,0.0,28.0,91.0,32.0,39.0,0.0,68.0,37.0,0.0,29.0,10.0,38.0,37.0,77.0,4.0,58.0,37.0,41.0,33.0,30.0,0.0,0.0,27.0,26.0,23.0,38.0,15.0,25.0,44.0
171,13.0,36.0,20.0,0.0,63.0,50.0,29.0,8.0,9.0,27.0,22.0,8.0,7.0,0.0,69.0,47.0,36.0,0.0,7.0,41.0,7.0,74.0,14.0,24.0,0.0,31.0,0.0,15.0,85.0,0.0,63.0,38.0,0.0,0.0,17.0,0.0,38.0,69.0,20.0,0.0,24.0,66.0,32.0,0.0,38.0,62.0,62.0,75.0,0.0,2.0,29.0,17.0,26.0,60.0,36.0,0.0,76.0,25.0,87.0,0.0,18.0,6.0,48.0,33.0,27.0,48.0,35.0,40.0,47.0,6.0,47.0,0.0,0.0,39.0,23.0,10.0,17.0,54.0,25.0,0.0,42.0,4.0,0.0,70.0,56.0,25.0,26.0,101.0,66.0,9.0,4.0,0.0,61.0,16.0,81.0,54.0,44.0,5.0,54.0,64.0
172,51.0,21.0,30.0,6.0,45.0,0.0,78.0,4.0,42.0,11.0,72.0,19.0,47.0,0.0,18.0,67.0,47.0,0.0,60.0,6.0,60.0,42.0,0.0,26.0,0.0,51.0,10.0,37.0,84.0,0.0,84.0,58.0,0.0,0.0,22.0,30.0,39.0,16.0,29.0,29.0,27.0,65.0,31.0,0.0,19.0,74.0,72.0,24.0,0.0,1.0,3.0,13.0,27.0,38.0,21.0,0.0,33.0,56.0,61.0,0.0,31.0,19.0,65.0,32.0,57.0,36.0,4.0,27.0,27.0,6.0,8.0,0.0,59.0,15.0,48.0,0.0,72.0,79.0,90.0,3.0,72.0,47.0,21.0,12.0,3.0,38.0,0.0,89.0,14.0,36.0,4.0,0.0,24.0,0.0,41.0,78.0,12.0,0.0,27.0,26.0
173,30.0,22.0,42.0,29.0,1.0,50.0,40.0,45.0,83.0,45.0,0.0,12.0,42.0,14.0,0.0,0.0,27.0,3.0,57.0,46.0,41.0,64.0,0.0,58.0,4.0,64.0,43.0,16.0,38.0,0.0,91.0,67.0,0.0,22.0,42.0,7.0,54.0,25.0,13.0,18.0,28.0,69.0,9.0,0.0,45.0,25.0,35.0,65.0,0.0,0.0,51.0,28.0,37.0,15.0,58.0,34.0,21.0,24.0,60.0,27.0,21.0,20.0,40.0,27.0,55.0,51.0,41.0,7.0,39.0,0.0,27.0,0.0,33.0,23.0,24.0,21.0,26.0,2.0,73.0,18.0,37.0,19.0,26.0,6.0,51.0,18.0,47.0,41.0,10.0,3.0,16.0,0.0,6.0,52.0,12.0,65.0,61.0,28.0,56.0,44.0
174,69.0,54.0,12.0,64.0,0.0,56.0,50.0,28.0,48.0,23.0,48.0,43.0,32.0,4.0,27.0,0.0,7.0,8.0,6.0,35.0,11.0,38.0,18.0,66.0,36.0,25.0,3.0,24.0,37.0,0.0,45.0,75.0,0.0,33.0,0.0,32.0,38.0,20.0,42.0,39.0,23.0,82.0,14.0,0.0,7.0,41.0,0.0,58.0,0.0,10.0,42.0,90.0,46.0,46.0,50.0,29.0,22.0,6.0,64.0,31.0,21.0,28.0,23.0,28.0,31.0,70.0,108.0,0.0,19.0,22.0,7.0,1.0,23.0,56.0,1.0,0.0,22.0,29.0,53.0,0.0,14.0,55.0,43.0,3.0,27.0,29.0,27.0,34.0,39.0,4.0,12.0,0.0,69.0,49.0,30.0,16.0,10.0,49.0,35.0,50.0
175,39.0,54.0,26.0,55.0,8.0,36.0,74.0,33.0,21.0,6.0,32.0,51.0,30.0,51.0,70.0,0.0,4.0,9.0,36.0,39.0,10.0,52.0,55.0,25.0,0.0,4.0,20.0,42.0,34.0,0.0,17.0,56.0,0.0,50.0,45.0,0.0,43.0,36.0,55.0,16.0,23.0,63.0,28.0,0.0,33.0,12.0,38.0,68.0,6.0,0.0,0.0,39.0,0.0,10.0,38.0,41.0,77.0,0.0,50.0,56.0,23.0,81.0,14.0,11.0,31.0,52.0,109.0,0.0,43.0,20.0,20.0,3.0,13.0,37.0,0.0,21.0,71.0,73.0,50.0,0.0,48.0,35.0,70.0,16.0,61.0,32.0,6.0,61.0,34.0,45.0,45.0,0.0,14.0,38.0,22.0,17.0,46.0,0.0,51.0,28.0
176,36.0,22.0,0.0,25.0,44.0,31.0,28.0,17.0,3.0,44.0,1.0,88.0,5.0,29.0,35.0,0.0,13.0,18.0,65.0,42.0,36.0,61.0,31.0,11.0,0.0,72.0,40.0,0.0,48.0,0.0,50.0,8.0,6.0,47.0,31.0,48.0,41.0,0.0,8.0,7.0,49.0,30.0,12.0,0.0,4.0,17.0,39.0,63.0,0.0,0.0,0.0,58.0,0.0,57.0,59.0,15.0,31.0,0.0,30.0,23.0,37.0,47.0,0.0,17.0,52.0,66.0,24.0,24.0,23.0,3.0,47.0,0.0,38.0,44.0,0.0,34.0,69.0,31.0,0.0,0.0,3.0,41.0,27.0,23.0,18.0,42.0,78.0,80.0,20.0,47.0,34.0,0.0,43.0,6.0,0.0,10.0,39.0,26.0,75.0,29.0
177,16.0,8.0,0.0,30.0,50.0,37.0,87.0,21.0,45.0,11.0,0.0,53.0,8.0,8.0,68.0,0.0,39.0,26.0,63.0,50.0,52.0,104.0,16.0,27.0,0.0,11.0,41.0,14.0,56.0,0.0,12.0,47.0,11.0,0.0,33.0,27.0,63.0,0.0,2.0,0.0,18.0,44.0,40.0,0.0,47.0,13.0,35.0,0.0,23.0,48.0,25.0,55.0,0.0,18.0,47.0,10.0,30.0,0.0,33.0,21.0,58.0,70.0,0.0,26.0,10.0,6.0,32.0,28.0,20.0,40.0,41.0,0.0,25.0,36.0,56.0,12.0,28.0,60.0,27.0,0.0,1.0,57.0,0.0,21.0,19.0,16.0,22.0,67.0,43.0,61.0,22.0,42.0,54.0,48.0,21.0,2.0,0.0,67.0,88.0,46.0
178,50.0,43.0,31.0,2.0,0.0,0.0,63.0,31.0,0.0,0.0,0.0,7.0,5.0,3.0,56.0,31.0,23.0,39.0,76.0,3.0,62.0,96.0,26.0,20.0,29.0,46.0,0.0,13.0,47.0,10.0,2.0,29.0,53.0,0.0,50.0,0.0,23.0,52.0,41.0,0.0,31.0,77.0,82.0,0.0,33.0,49.0,0.0,54.0,25.0,0.0,13.0,67.0,0.0,0.0,28.0,47.0,48.0,0.0,12.0,36.0,21.0,91.0,19.0,53.0,62.0,25.0,69.0,1.0,83.0,40.0,44.0,32.0,27.0,2.0,0.0,11.0,18.0,48.0,55.0,0.0,0.0,71.0,46.0,4.0,25.0,32.0,17.0,35.0,34.0,31.0,0.0,9.0,6.0,24.0,40.0,3.0,27.0,67.0,59.0,16.0
179,21.0,39.0,1.0,16.0,11.0,19.0,46.0,32.0,7.0,34.0,66.0,55.0,16.0,0.0,38.0,35.0,7.0,106.0,32.0,44.0,29.0,37.0,26.0,13.0,4.0,47.0,7.0,26.0,38.0,10.0,54.0,27.0,57.0,0.0,11.0,40.0,12.0,47.0,22.0,0.0,3.0,33.0,20.0,0.0,49.0,46.0,0.0,44.0,22.0,50.0,36.0,70.0,19.0,56.0,5.0,12.0,67.0,32.0,43.0,40.0,30.0,60.0,0.0,35.0,24.0,64.0,75.0,0.0,0.0,20.0,12.0,21.0,31.0,45.0,19.0,23.0,30.0,35.0,10.0,28.0,23.0,16.0,15.0,38.0,58.0,34.0,73.0,35.0,37.0,29.0,16.0,8.0,0.0,49.0,0.0,13.0,37.0,6.0,59.0,13.0
180,72.0,36.0,23.0,18.0,1.0,0.0,49.0,31.0,17.0,0.0,27.0,20.0,46.0,41.0,65.0,12.0,38.0,2.0,57.0,0.0,74.0,72.0,23.0,50.0,38.0,16.0,18.0,40.0,22.0,52.0,3.0,21.0,3.0,1.0,12.0,37.0,69.0,50.0,20.0,0.0,32.0,36.0,6.0,0.0,13.0,4.0,0.0,37.0,0.0,30.0,34.0,15.0,41.0,27.0,36.0,28.0,24.0,42.0,30.0,34.0,4.0,49.0,40.0,46.0,65.0,7.0,49.0,20.0,34.0,68.0,4.0,20.0,0.0,26.0,33.0,58.0,56.0,25.0,56.0,0.0,66.0,24.0,71.0,7.0,77.0,79.0,6.0,28.0,47.0,24.0,51.0,34.0,65.0,35.0,29.0,26.0,0.0,64.0,47.0,43.0
181,41.0,23.0,35.0,44.0,0.0,0.0,70.0,39.0,0.0,0.0,3.0,44.0,3.0,5.0,39.0,0.0,20.0,0.0,26.0,0.0,89.0,25.0,40.0,95.0,4.0,41.0,8.0,41.0,44.0,0.0,67.0,13.0,0.0,0.0,43.0,40.0,80.0,16.0,0.0,51.0,37.0,78.0,0.0,0.0,5.0,5.0,41.0,75.0,0.0,9.0,47.0,56.0,31.0,58.0,74.0,46.0,24.0,0.0,76.0,19.0,34.0,63.0,57.0,21.0,60.0,55.0,53.0,0.0,46.0,51.0,26.0,16.0,9.0,40.0,34.0,58.0,60.0,0.0,55.0,0.0,75.0,38.0,52.0,36.0,47.0,69.0,0.0,64.0,56.0,0.0,5.0,22.0,43.0,0.0,36.0,2.0,22.0,0.0,37.0,73.0
182,65.0,2.0,39.0,63.0,0.0,0.0,27.0,5.0,68.0,0.0,11.0,57.0,22.0,26.0,51.0,30.0,41.0,6.0,59.0,3.0,6.0,73.0,65.0,46.0,16.0,33.0,43.0,2.0,48.0,0.0,63.0,28.0,0.0,44.0,10.0,36.0,60.0,0.0,44.0,24.0,4.0,57.0,20.0,0.0,41.0,18.0,3.0,39.0,0.0,11.0,71.0,58.0,3.0,80.0,15.0,28.0,60.0,28.0,65.0,35.0,6.0,39.0,31.0,0.0,56.0,40.0,130.0,0.0,71.0,38.0,41.0,0.0,34.0,43.0,24.0,46.0,76.0,57.0,65.0,0.0,23.0,29.0,52.0,17.0,85.0,33.0,0.0,15.0,40.0,24.0,0.0,42.0,36.0,14.0,33.0,0.0,0.0,57.0,68.0,59.0
183,53.0,36.0,16.0,28.0,3.0,0.0,44.0,62.0,72.0,16.0,13.0,5.0,29.0,55.0,73.0,40.0,0.0,38.0,61.0,6.0,58.0,74.0,30.0,0.0,31.0,12.0,0.0,50.0,49.0,0.0,60.0,36.0,0.0,56.0,54.0,0.0,37.0,29.0,24.0,34.0,34.0,87.0,44.0,0.0,41.0,7.0,41.0,72.0,0.0,17.0,27.0,48.0,3.0,42.0,26.0,54.0,19.0,4.0,51.0,53.0,17.0,0.0,0.0,11.0,57.0,72.0,86.0,0.0,15.0,34.0,35.0,0.0,36.0,18.0,58.0,46.0,62.0,96.0,14.0,0.0,18.0,35.0,66.0,38.0,40.0,47.0,1.0,53.0,38.0,34.0,41.0,23.0,45.0,0.0,71.0,33.0,29.0,12.0,42.0,69.0
184,40.0,23.0,5.0,18.0,2.0,0.0,89.0,30.0,50.0,15.0,39.0,34.0,40.0,25.0,39.0,46.0,3.0,0.0,30.0,8.0,48.0,90.0,50.0,15.0,20.0,20.0,40.0,5.0,16.0,0.0,58.0,0.0,0.0,28.0,50.0,0.0,54.0,34.0,0.0,47.0,22.0,85.0,40.0,10.0,20.0,21.0,34.0,12.0,2.0,46.0,24.0,11.0,34.0,53.0,28.0,30.0,57.0,9.0,63.0,31.0,26.0,53.0,13.0,32.0,0.0,68.0,58.0,7.0,60.0,31.0,37.0,10.0,52.0,24.0,44.0,23.0,44.0,69.0,33.0,9.0,28.0,25.0,33.0,20.0,45.0,27.0,55.0,52.0,75.0,12.0,40.0,26.0,28.0,16.0,40.0,28.0,2.0,45.0,17.0,52.0
185,39.0,31.0,43.0,22.0,0.0,0.0,73.0,34.0,0.0,90.0,45.0,76.0,25.0,3.0,53.0,36.0,53.0,0.0,20.0,14.0,53.0,30.0,12.0,33.0,24.0,23.0,35.0,10.0,74.0,0.0,52.0,0.0,0.0,28.0,76.0,0.0,67.0,24.0,16.0,19.0,21.0,50.0,25.0,0.0,5.0,34.0,49.0,83.0,0.0,8.0,21.0,29.0,60.0,58.0,27.0,12.0,43.0,29.0,60.0,42.0,28.0,39.0,39.0,42.0,42.0,47.0,81.0,0.0,48.0,25.0,18.0,18.0,16.0,19.0,36.0,0.0,26.0,48.0,26.0,19.0,13.0,13.0,34.0,31.0,15.0,8.0,33.0,18.0,37.0,3.0,20.0,9.0,43.0,21.0,33.0,30.0,1.0,26.0,25.0,7.0
186,57.0,31.0,9.0,0.0,0.0,2.0,33.0,19.0,38.0,55.0,98.0,56.0,41.0,20.0,52.0,13.0,32.0,0.0,6.0,42.0,16.0,55.0,36.0,45.0,2.0,45.0,20.0,2.0,40.0,8.0,38.0,52.0,10.0,27.0,55.0,0.0,27.0,43.0,0.0,36.0,5.0,85.0,19.0,0.0,25.0,5.0,12.0,0.0,0.0,16.0,0.0,8.0,26.0,31.0,31.0,51.0,86.0,14.0,86.0,34.0,23.0,35.0,95.0,43.0,20.0,48.0,67.0,7.0,52.0,56.0,27.0,5.0,48.0,49.0,53.0,0.0,82.0,35.0,37.0,16.0,17.0,38.0,11.0,26.0,63.0,6.0,56.0,26.0,45.0,19.0,23.0,7.0,43.0,16.0,59.0,16.0,15.0,45.0,13.0,0.0
187,50.0,57.0,5.0,33.0,0.0,34.0,38.0,43.0,16.0,25.0,5.0,88.0,35.0,16.0,43.0,17.0,24.0,0.0,24.0,57.0,7.0,87.0,28.0,20.0,0.0,34.0,0.0,47.0,0.0,0.0,64.0,57.0,0.0,56.0,86.0,0.0,34.0,22.0,17.0,42.0,15.0,61.0,37.0,0.0,31.0,39.0,23.0,41.0,0.0,29.0,41.0,20.0,53.0,1.0,25.0,5.0,54.0,2.0,57.0,41.0,10.0,31.0,16.0,0.0,62.0,33.0,15.0,9.0,27.0,0.0,12.0,18.0,19.0,0.0,49.0,0.0,11.0,27.0,0.0,17.0,41.0,43.0,45.0,22.0,88.0,37.0,54.0,13.0,24.0,27.0,48.0,0.0,33.0,25.0,43.0,17.0,0.0,54.0,56.0,44.0
188,22.0,42.0,23.0,16.0,5.0,23.0,8.0,12.0,26.0,25.0,30.0,61.0,32.0,22.0,62.0,59.0,7.0,0.0,46.0,17.0,34.0,60.0,25.0,17.0,38.0,3.0,33.0,45.0,37.0,0.0,114.0,32.0,0.0,0.0,78.0,0.0,49.0,0.0,0.0,16.0,9.0,43.0,35.0,0.0,15.0,23.0,15.0,15.0,0.0,0.0,58.0,44.0,34.0,0.0,53.0,43.0,45.0,55.0,56.0,46.0,10.0,45.0,32.0,50.0,52.0,31.0,65.0,7.0,14.0,0.0,22.0,19.0,16.0,32.0,11.0,46.0,0.0,5.0,56.0,49.0,27.0,29.0,31.0,20.0,87.0,109.0,48.0,69.0,20.0,16.0,42.0,11.0,6.0,28.0,41.0,29.0,23.0,92.0,51.0,46.0
189,7.0,0.0,0.0,18.0,11.0,67.0,48.0,3.0,52.0,35.0,0.0,72.0,16.0,4.0,20.0,23.0,78.0,0.0,40.0,6.0,98.0,31.0,50.0,40.0,42.0,0.0,46.0,28.0,55.0,2.0,95.0,74.0,0.0,1.0,56.0,40.0,34.0,11.0,28.0,0.0,13.0,63.0,10.0,0.0,19.0,21.0,29.0,3.0,0.0,27.0,54.0,38.0,48.0,21.0,39.0,0.0,18.0,25.0,66.0,27.0,38.0,91.0,39.0,29.0,80.0,21.0,71.0,0.0,64.0,0.0,36.0,17.0,0.0,9.0,0.0,19.0,0.0,52.0,74.0,0.0,38.0,11.0,43.0,4.0,33.0,32.0,59.0,52.0,69.0,72.0,42.0,0.0,34.0,16.0,21.0,0.0,4.0,7.0,76.0,49.0
190,0.0,26.0,32.0,0.0,18.0,19.0,17.0,14.0,20.0,34.0,22.0,84.0,51.0,21.0,5.0,17.0,58.0,0.0,38.0,35.0,81.0,68.0,53.0,19.0,0.0,0.0,81.0,7.0,101.0,0.0,77.0,17.0,0.0,3.0,51.0,2.0,24.0,28.0,2.0,12.0,29.0,12.0,20.0,7.0,22.0,24.0,68.0,24.0,0.0,39.0,26.0,64.0,37.0,93.0,27.0,0.0,26.0,9.0,73.0,22.0,28.0,52.0,12.0,25.0,92.0,28.0,83.0,1.0,82.0,0.0,51.0,0.0,30.0,93.0,31.0,41.0,0.0,71.0,41.0,0.0,26.0,0.0,28.0,28.0,79.0,12.0,51.0,56.0,28.0,37.0,29.0,0.0,0.0,17.0,32.0,25.0,42.0,21.0,32.0,37.0
191,28.0,37.0,14.0,0.0,69.0,43.0,19.0,0.0,12.0,30.0,30.0,20.0,14.0,6.0,57.0,55.0,35.0,0.0,10.0,39.0,18.0,86.0,12.0,19.0,0.0,28.0,0.0,13.0,86.0,0.0,60.0,43.0,0.0,0.0,22.0,0.0,41.0,68.0,20.0,0.0,20.0,79.0,26.0,0.0,37.0,68.0,60.0,34.0,0.0,0.0,20.0,24.0,29.0,66.0,41.0,0.0,88.0,24.0,92.0,0.0,15.0,11.0,56.0,34.0,20.0,48.0,36.0,42.0,30.0,8.0,48.0,0.0,5.0,33.0,18.0,9.0,11.0,61.0,26.0,0.0,50.0,0.0,0.0,59.0,49.0,20.0,29.0,108.0,56.0,9.0,9.0,0.0,73.0,9.0,82.0,53.0,51.0,8.0,60.0,61.0
192,62.0,25.0,37.0,12.0,49.0,0.0,77.0,0.0,41.0,14.0,73.0,20.0,48.0,2.0,13.0,67.0,46.0,0.0,56.0,0.0,57.0,53.0,0.0,23.0,0.0,49.0,0.0,44.0,97.0,0.0,81.0,61.0,0.0,0.0,14.0,34.0,52.0,16.0,25.0,33.0,30.0,68.0,35.0,0.0,20.0,81.0,64.0,20.0,0.0,0.0,0.0,17.0,19.0,43.0,20.0,0.0,45.0,61.0,51.0,0.0,32.0,21.0,60.0,27.0,45.0,58.0,4.0,29.0,7.0,10.0,10.0,0.0,66.0,12.0,54.0,0.0,66.0,73.0,48.0,0.0,74.0,41.0,16.0,9.0,0.0,43.0,5.0,100.0,5.0,32.0,4.0,0.0,18.0,0.0,47.0,90.0,6.0,9.0,27.0,27.0
193,36.0,31.0,44.0,33.0,6.0,45.0,30.0,39.0,79.0,48.0,0.0,14.0,44.0,22.0,0.0,0.0,26.0,8.0,55.0,42.0,61.0,61.0,0.0,16.0,0.0,68.0,41.0,17.0,43.0,0.0,92.0,69.0,0.0,15.0,46.0,1.0,64.0,24.0,18.0,18.0,21.0,70.0,2.0,0.0,43.0,20.0,27.0,73.0,0.0,0.0,52.0,34.0,39.0,19.0,69.0,30.0,23.0,22.0,49.0,30.0,22.0,18.0,35.0,26.0,44.0,59.0,43.0,7.0,31.0,5.0,29.0,0.0,39.0,32.0,25.0,21.0,17.0,0.0,79.0,15.0,38.0,32.0,24.0,0.0,50.0,26.0,47.0,65.0,0.0,0.0,15.0,0.0,0.0,54.0,16.0,68.0,56.0,26.0,69.0,38.0
194,72.0,59.0,14.0,66.0,0.0,51.0,52.0,43.0,56.0,24.0,37.0,43.0,33.0,6.0,25.0,0.0,6.0,12.0,8.0,35.0,23.0,37.0,19.0,70.0,44.0,20.0,0.0,23.0,41.0,0.0,58.0,75.0,0.0,28.0,1.0,33.0,41.0,19.0,42.0,40.0,21.0,68.0,11.0,0.0,3.0,40.0,0.0,74.0,0.0,11.0,48.0,97.0,45.0,48.0,58.0,20.0,25.0,4.0,59.0,36.0,34.0,47.0,16.0,31.0,26.0,78.0,114.0,0.0,14.0,24.0,4.0,0.0,27.0,53.0,0.0,0.0,20.0,24.0,57.0,0.0,13.0,51.0,41.0,0.0,38.0,34.0,23.0,43.0,38.0,0.0,13.0,1.0,64.0,42.0,28.0,17.0,21.0,52.0,38.0,46.0
195,52.0,61.0,23.0,56.0,9.0,25.0,89.0,36.0,18.0,12.0,25.0,48.0,31.0,63.0,68.0,0.0,4.0,6.0,37.0,28.0,13.0,68.0,66.0,26.0,2.0,0.0,13.0,35.0,39.0,0.0,21.0,51.0,0.0,44.0,44.0,8.0,43.0,35.0,52.0,11.0,13.0,60.0,27.0,0.0,36.0,13.0,29.0,73.0,4.0,3.0,0.0,50.0,0.0,14.0,45.0,41.0,82.0,0.0,42.0,53.0,24.0,94.0,5.0,15.0,20.0,60.0,118.0,0.0,31.0,21.0,17.0,0.0,15.0,33.0,0.0,22.0,69.0,82.0,51.0,0.0,54.0,41.0,75.0,16.0,61.0,24.0,11.0,64.0,28.0,42.0,42.0,0.0,11.0,35.0,24.0,17.0,41.0,22.0,48.0,27.0
196,34.0,24.0,0.0,18.0,45.0,26.0,16.0,19.0,0.0,47.0,0.0,87.0,3.0,38.0,33.0,0.0,13.0,27.0,73.0,48.0,33.0,53.0,32.0,19.0,2.0,72.0,41.0,0.0,42.0,0.0,51.0,0.0,8.0,40.0,28.0,50.0,36.0,0.0,6.0,9.0,44.0,21.0,13.0,0.0,8.0,23.0,29.0,60.0,0.0,4.0,0.0,60.0,0.0,51.0,65.0,8.0,35.0,1.0,28.0,33.0,44.0,50.0,0.0,19.0,38.0,71.0,29.0,25.0,24.0,16.0,63.0,0.0,39.0,37.0,0.0,35.0,68.0,36.0,0.0,0.0,0.0,36.0,22.0,28.0,12.0,35.0,76.0,71.0,19.0,54.0,42.0,0.0,41.0,0.0,0.0,11.0,39.0,37.0,67.0,40.0
197,13.0,4.0,1.0,36.0,52.0,30.0,95.0,22.0,45.0,12.0,0.0,62.0,4.0,10.0,64.0,2.0,33.0,32.0,64.0,44.0,50.0,120.0,16.0,26.0,0.0,14.0,34.0,12.0,63.0,0.0,21.0,43.0,8.0,0.0,38.0,23.0,64.0,0.0,0.0,0.0,26.0,38.0,36.0,0.0,43.0,11.0,26.0,0.0,25.0,53.0,21.0,54.0,0.0,22.0,54.0,15.0,36.0,0.0,34.0,15.0,61.0,72.0,0.0,29.0,0.0,8.0,28.0,27.0,24.0,40.0,49.0,0.0,25.0,34.0,65.0,18.0,26.0,65.0,20.0,0.0,0.0,51.0,0.0,18.0,18.0,7.0,26.0,72.0,31.0,59.0,20.0,46.0,64.0,44.0,20.0,0.0,0.0,80.0,89.0,42.0
198,59.0,38.0,30.0,2.0,0.0,0.0,65.0,30.0,0.0,0.0,0.0,2.0,4.0,3.0,71.0,32.0,28.0,33.0,90.0,0.0,60.0,90.0,23.0,19.0,26.0,35.0,0.0,19.0,46.0,11.0,10.0,28.0,52.0,0.0,44.0,0.0,27.0,54.0,40.0,0.0,24.0,70.0,75.0,0.0,39.0,45.0,0.0,55.0,25.0,5.0,4.0,64.0,0.0,1.0,29.0,39.0,49.0,0.0,20.0,35.0,20.0,104.0,0.0,57.0,69.0,20.0,69.0,0.0,81.0,45.0,49.0,30.0,23.0,0.0,3.0,6.0,20.0,53.0,70.0,0.0,7.0,62.0,48.0,8.0,39.0,23.0,9.0,32.0,39.0,28.0,0.0,15.0,6.0,21.0,40.0,0.0,27.0,68.0,47.0,11.0
199,20.0,37.0,0.0,9.0,6.0,7.0,43.0,31.0,14.0,30.0,64.0,51.0,12.0,0.0,41.0,35.0,11.0,102.0,37.0,34.0,38.0,38.0,25.0,19.0,0.0,50.0,0.0,24.0,37.0,12.0,57.0,24.0,66.0,0.0,6.0,44.0,17.0,52.0,22.0,0.0,0.0,49.0,27.0,0.0,50.0,55.0,0.0,50.0,3.0,54.0,33.0,83.0,21.0,58.0,13.0,17.0,75.0,32.0,46.0,35.0,28.0,61.0,0.0,39.0,26.0,66.0,77.0,0.0,0.0,21.0,16.0,19.0,27.0,39.0,18.0,23.0,30.0,41.0,16.0,21.0,26.0,9.0,14.0,34.0,53.0,32.0,73.0,34.0,31.0,22.0,9.0,10.0,0.0,45.0,0.0,12.0,31.0,7.0,58.0,6.0
200,76.0,31.0,19.0,17.0,0.0,0.0,53.0,37.0,20.0,0.0,26.0,7.0,57.0,40.0,66.0,12.0,40.0,0.0,59.0,0.0,73.0,67.0,25.0,45.0,38.0,10.0,12.0,46.0,25.0,53.0,15.0,27.0,1.0,0.0,20.0,38.0,73.0,49.0,20.0,3.0,32.0,46.0,5.0,0.0,11.0,6.0,0.0,31.0,0.0,29.0,26.0,19.0,43.0,43.0,40.0,22.0,33.0,52.0,39.0,43.0,0.0,40.0,36.0,49.0,58.0,9.0,60.0,18.0,32.0,61.0,3.0,18.0,0.0,20.0,40.0,60.0,57.0,31.0,62.0,0.0,73.0,22.0,79.0,17.0,72.0,62.0,0.0,27.0,40.0,19.0,47.0,34.0,70.0,31.0,27.0,21.0,0.0,73.0,43.0,40.0
201,56.0,15.0,45.0,38.0,0.0,0.0,72.0,39.0,1.0,0.0,0.0,0.0,1.0,0.0,39.0,0.0,22.0,0.0,28.0,0.0,82.0,36.0,37.0,94.0,12.0,6.0,2.0,42.0,47.0,0.0,80.0,9.0,0.0,0.0,43.0,40.0,82.0,19.0,0.0,50.0,30.0,86.0,0.0,0.0,7.0,6.0,35.0,68.0,0.0,13.0,61.0,60.0,24.0,66.0,80.0,39.0,37.0,5.0,79.0,25.0,27.0,54.0,49.0,24.0,50.0,69.0,58.0,0.0,27.0,56.0,26.0,13.0,5.0,35.0,32.0,66.0,59.0,7.0,60.0,0.0,80.0,33.0,59.0,34.0,48.0,86.0,0.0,65.0,61.0,0.0,2.0,26.0,49.0,0.0,48.0,0.0,6.0,4.0,31.0,70.0
202,64.0,0.0,39.0,61.0,0.0,0.0,28.0,0.0,72.0,2.0,2.0,58.0,25.0,21.0,45.0,38.0,37.0,3.0,65.0,0.0,0.0,84.0,62.0,58.0,11.0,30.0,44.0,0.0,47.0,0.0,75.0,26.0,0.0,45.0,10.0,33.0,71.0,1.0,0.0,35.0,0.0,63.0,22.0,0.0,41.0,14.0,0.0,45.0,0.0,14.0,71.0,55.0,0.0,89.0,16.0,16.0,70.0,28.0,71.0,39.0,0.0,32.0,26.0,0.0,47.0,52.0,130.0,0.0,72.0,34.0,44.0,0.0,46.0,44.0,34.0,50.0,80.0,66.0,65.0,0.0,29.0,31.0,57.0,21.0,100.0,31.0,0.0,21.0,40.0,16.0,0.0,43.0,40.0,10.0,42.0,0.0,0.0,59.0,61.0,72.0
203,53.0,42.0,14.0,22.0,0.0,0.0,42.0,51.0,84.0,16.0,3.0,24.0,36.0,52.0,72.0,46.0,0.0,36.0,67.0,5.0,62.0,86.0,44.0,1.0,35.0,14.0,0.0,56.0,13.0,0.0,68.0,27.0,0.0,58.0,48.0,0.0,36.0,24.0,22.0,39.0,0.0,94.0,39.0,0.0,36.0,7.0,36.0,79.0,0.0,20.0,21.0,57.0,0.0,49.0,27.0,49.0,30.0,1.0,61.0,57.0,8.0,0.0,0.0,14.0,45.0,78.0,79.0,0.0,17.0,25.0,33.0,0.0,32.0,11.0,59.0,47.0,61.0,109.0,20.0,0.0,16.0,32.0,71.0,42.0,51.0,46.0,0.0,69.0,36.0,27.0,35.0,23.0,46.0,0.0,74.0,29.0,24.0,19.0,51.0,65.0
204,49.0,24.0,9.0,12.0,2.0,0.0,91.0,24.0,55.0,31.0,46.0,40.0,39.0,21.0,32.0,51.0,4.0,0.0,33.0,6.0,48.0,94.0,44.0,13.0,20.0,20.0,40.0,1.0,26.0,0.0,62.0,0.0,0.0,29.0,59.0,0.0,53.0,38.0,0.0,48.0,22.0,77.0,46.0,8.0,16.0,20.0,32.0,14.0,0.0,41.0,20.0,16.0,28.0,59.0,43.0,21.0,66.0,16.0,68.0,26.0,37.0,53.0,2.0,38.0,0.0,74.0,56.0,2.0,61.0,34.0,38.0,6.0,54.0,16.0,50.0,21.0,46.0,82.0,26.0,8.0,23.0,23.0,27.0,19.0,52.0,26.0,65.0,61.0,75.0,7.0,47.0,20.0,28.0,14.0,43.0,40.0,0.0,44.0,11.0,53.0
205,39.0,28.0,44.0,14.0,0.0,0.0,76.0,34.0,3.0,98.0,44.0,83.0,22.0,0.0,46.0,40.0,57.0,0.0,9.0,11.0,49.0,23.0,6.0,26.0,19.0,22.0,34.0,5.0,76.0,0.0,50.0,0.0,0.0,27.0,78.0,0.0,55.0,20.0,11.0,18.0,23.0,63.0,21.0,0.0,10.0,31.0,48.0,80.0,0.0,16.0,14.0,21.0,74.0,64.0,35.0,9.0,47.0,29.0,66.0,34.0,20.0,49.0,30.0,37.0,21.0,47.0,92.0,0.0,50.0,22.0,29.0,14.0,11.0,23.0,38.0,0.0,26.0,57.0,24.0,18.0,25.0,12.0,39.0,34.0,16.0,0.0,29.0,12.0,34.0,0.0,20.0,10.0,50.0,19.0,20.0,27.0,0.0,35.0,28.0,7.0
206,65.0,25.0,4.0,0.0,0.0,0.0,34.0,22.0,31.0,64.0,91.0,51.0,45.0,19.0,62.0,16.0,38.0,0.0,0.0,49.0,28.0,70.0,26.0,34.0,0.0,42.0,17.0,0.0,40.0,6.0,25.0,50.0,8.0,26.0,65.0,0.0,22.0,42.0,0.0,32.0,7.0,79.0,16.0,0.0,25.0,4.0,9.0,0.0,0.0,14.0,0.0,0.0,18.0,29.0,30.0,55.0,85.0,10.0,86.0,42.0,20.0,34.0,85.0,41.0,0.0,32.0,59.0,6.0,53.0,46.0,21.0,1.0,44.0,43.0,54.0,0.0,76.0,41.0,32.0,15.0,10.0,37.0,16.0,27.0,66.0,0.0,64.0,31.0,36.0,25.0,23.0,6.0,46.0,15.0,54.0,11.0,9.0,42.0,5.0,0.0
207,35.0,47.0,0.0,25.0,0.0,23.0,34.0,35.0,13.0,29.0,0.0,74.0,31.0,16.0,41.0,19.0,20.0,0.0,12.0,56.0,7.0,75.0,30.0,8.0,0.0,39.0,0.0,45.0,0.0,0.0,54.0,44.0,0.0,54.0,83.0,0.0,25.0,15.0,17.0,42.0,14.0,48.0,27.0,0.0,23.0,28.0,17.0,32.0,0.0,34.0,31.0,21.0,55.0,0.0,13.0,0.0,72.0,0.0,48.0,38.0,2.0,24.0,20.0,0.0,40.0,31.0,22.0,4.0,27.0,0.0,10.0,16.0,14.0,0.0,45.0,0.0,9.0,37.0,0.0,15.0,45.0,41.0,40.0,18.0,88.0,29.0,40.0,9.0,14.0,23.0,39.0,0.0,37.0,26.0,49.0,8.0,0.0,60.0,47.0,35.0
208,32.0,31.0,30.0,19.0,0.0,22.0,0.0,12.0,33.0,22.0,24.0,53.0,23.0,19.0,64.0,57.0,5.0,0.0,35.0,21.0,34.0,66.0,14.0,16.0,30.0,0.0,31.0,52.0,32.0,0.0,106.0,25.0,0.0,0.0,75.0,0.0,54.0,0.0,0.0,18.0,14.0,29.0,39.0,0.0,19.0,37.0,14.0,4.0,0.0,2.0,54.0,39.0,35.0,0.0,51.0,40.0,43.0,51.0,55.0,44.0,3.0,41.0,27.0,41.0,54.0,32.0,51.0,4.0,14.0,0.0,15.0,17.0,12.0,35.0,9.0,46.0,0.0,15.0,55.0,47.0,36.0,19.0,39.0,21.0,71.0,98.0,44.0,68.0,20.0,3.0,46.0,12.0,0.0,25.0,38.0,26.0,13.0,103.0,47.0,36.0
209,1.0,0.0,0.0,13.0,10.0,44.0,48.0,0.0,51.0,35.0,0.0,62.0,12.0,7.0,17.0,31.0,76.0,0.0,39.0,0.0,103.0,33.0,44.0,32.0,39.0,0.0,45.0,26.0,56.0,1.0,102.0,64.0,0.0,0.0,61.0,34.0,26.0,1.0,37.0,0.0,7.0,53.0,2.0,0.0,16.0,11.0,27.0,0.0,0.0,26.0,59.0,58.0,46.0,27.0,54.0,0.0,20.0,30.0,84.0,33.0,32.0,96.0,33.0,34.0,81.0,26.0,67.0,0.0,65.0,0.0,36.0,15.0,0.0,0.0,0.0,14.0,0.0,58.0,91.0,0.0,44.0,3.0,44.0,4.0,39.0,28.0,48.0,66.0,59.0,65.0,40.0,0.0,30.0,20.0,17.0,0.0,0.0,13.0,74.0,43.0
210,0.0,19.0,33.0,0.0,27.0,7.0,19.0,8.0,29.0,41.0,0.0,79.0,41.0,15.0,5.0,14.0,52.0,0.0,38.0,33.0,83.0,79.0,44.0,10.0,0.0,0.0,82.0,4.0,118.0,0.0,95.0,8.0,0.0,0.0,27.0,0.0,22.0,37.0,0.0,9.0,39.0,14.0,14.0,6.0,20.0,29.0,67.0,35.0,0.0,42.0,18.0,69.0,36.0,95.0,28.0,0.0,26.0,9.0,80.0,24.0,18.0,49.0,8.0,28.0,87.0,33.0,84.0,0.0,84.0,0.0,52.0,0.0,25.0,99.0,31.0,35.0,0.0,88.0,33.0,0.0,33.0,0.0,36.0,31.0,64.0,3.0,55.0,63.0,32.0,36.0,28.0,0.0,0.0,17.0,28.0,19.0,40.0,26.0,35.0,46.0
211,26.0,30.0,19.0,0.0,76.0,44.0,30.0,0.0,11.0,34.0,26.0,15.0,25.0,0.0,59.0,58.0,43.0,0.0,20.0,45.0,13.0,102.0,2.0,16.0,0.0,31.0,0.0,12.0,86.0,0.0,63.0,34.0,0.0,0.0,23.0,0.0,39.0,66.0,17.0,0.0,24.0,72.0,20.0,0.0,36.0,58.0,57.0,37.0,0.0,0.0,0.0,34.0,23.0,85.0,55.0,0.0,106.0,22.0,100.0,0.0,24.0,23.0,51.0,29.0,18.0,57.0,48.0,47.0,31.0,6.0,46.0,0.0,0.0,35.0,17.0,1.0,4.0,76.0,36.0,0.0,56.0,1.0,0.0,60.0,67.0,17.0,31.0,123.0,52.0,8.0,9.0,0.0,84.0,10.0,84.0,62.0,55.0,14.0,55.0,60.0
212,80.0,16.0,39.0,10.0,50.0,0.0,84.0,0.0,47.0,18.0,69.0,19.0,44.0,0.0,22.0,72.0,46.0,0.0,59.0,1.0,65.0,63.0,0.0,29.0,0.0,55.0,0.0,48.0,112.0,0.0,83.0,44.0,0.0,0.0,16.0,34.0,62.0,17.0,35.0,36.0,0.0,59.0,29.0,0.0,19.0,86.0,63.0,24.0,0.0,0.0,0.0,18.0,19.0,50.0,0.0,0.0,20.0,58.0,49.0,0.0,29.0,25.0,55.0,24.0,37.0,61.0,8.0,28.0,6.0,9.0,19.0,0.0,61.0,11.0,57.0,0.0,79.0,87.0,51.0,0.0,81.0,44.0,14.0,11.0,2.0,41.0,1.0,117.0,0.0,28.0,3.0,0.0,24.0,2.0,51.0,90.0,8.0,17.0,38.0,23.0
213,46.0,18.0,46.0,35.0,8.0,40.0,39.0,34.0,82.0,46.0,0.0,11.0,46.0,22.0,6.0,3.0,26.0,8.0,60.0,43.0,71.0,70.0,0.0,15.0,0.0,74.0,39.0,19.0,47.0,0.0,95.0,89.0,0.0,15.0,50.0,5.0,67.0,27.0,21.0,18.0,25.0,86.0,0.0,0.0,48.0,24.0,20.0,80.0,0.0,0.0,54.0,34.0,33.0,25.0,77.0,30.0,29.0,26.0,60.0,35.0,11.0,25.0,32.0,23.0,41.0,52.0,48.0,5.0,30.0,3.0,30.0,0.0,32.0,32.0,19.0,17.0,24.0,8.0,78.0,11.0,44.0,38.0,15.0,0.0,52.0,25.0,8.0,74.0,0.0,0.0,10.0,0.0,4.0,52.0,16.0,59.0,55.0,36.0,71.0,39.0
214,81.0,48.0,9.0,66.0,0.0,45.0,38.0,41.0,64.0,31.0,32.0,35.0,32.0,11.0,33.0,1.0,6.0,8.0,6.0,37.0,29.0,48.0,15.0,70.0,44.0,24.0,0.0,25.0,43.0,0.0,60.0,72.0,0.0,30.0,7.0,29.0,44.0,14.0,43.0,37.0,26.0,60.0,9.0,0.0,2.0,39.0,0.0,83.0,0.0,19.0,47.0,92.0,40.0,54.0,67.0,22.0,26.0,4.0,67.0,44.0,26.0,55.0,11.0,28.0,24.0,76.0,124.0,0.0,16.0,23.0,0.0,0.0,32.0,54.0,0.0,0.0,24.0,29.0,64.0,0.0,18.0,56.0,45.0,0.0,42.0,33.0,20.0,50.0,37.0,0.0,18.0,0.0,70.0,29.0,28.0,11.0,21.0,60.0,42.0,41.0
215,47.0,72.0,19.0,54.0,8.0,24.0,98.0,31.0,12.0,16.0,26.0,54.0,0.0,58.0,79.0,3.0,0.0,6.0,34.0,21.0,13.0,81.0,59.0,27.0,5.0,2.0,9.0,37.0,42.0,0.0,14.0,53.0,0.0,40.0,51.0,13.0,46.0,39.0,54.0,12.0,15.0,54.0,26.0,0.0,37.0,12.0,25.0,79.0,2.0,5.0,0.0,44.0,0.0,22.0,56.0,42.0,80.0,0.0,43.0,61.0,21.0,104.0,0.0,20.0,17.0,59.0,130.0,0.0,34.0,16.0,24.0,0.0,12.0,34.0,0.0,22.0,51.0,74.0,56.0,0.0,59.0,45.0,92.0,19.0,67.0,24.0,15.0,71.0,29.0,43.0,44.0,0.0,18.0,46.0,15.0,16.0,39.0,19.0,51.0,16.0
216,28.0,24.0,0.0,16.0,43.0,18.0,26.0,26.0,0.0,51.0,0.0,88.0,3.0,34.0,45.0,0.0,10.0,35.0,79.0,43.0,36.0,69.0,18.0,16.0,0.0,74.0,36.0,1.0,47.0,0.0,50.0,0.0,9.0,44.0,37.0,46.0,41.0,0.0,1.0,9.0,44.0,18.0,7.0,0.0,10.0,19.0,26.0,59.0,0.0,1.0,0.0,59.0,0.0,59.0,61.0,10.0,54.0,0.0,19.0,41.0,45.0,50.0,0.0,19.0,36.0,85.0,37.0,21.0,28.0,20.0,66.0,0.0,35.0,38.0,0.0,37.0,71.0,35.0,3.0,0.0,7.0,39.0,31.0,30.0,19.0,36.0,77.0,72.0,22.0,52.0,44.0,0.0,41.0,0.0,0.0,8.0,37.0,43.0,65.0,37.0
217,14.0,2.0,1.0,32.0,54.0,22.0,104.0,23.0,46.0,13.0,0.0,64.0,5.0,7.0,74.0,1.0,30.0,33.0,73.0,36.0,49.0,127.0,5.0,22.0,0.0,18.0,31.0,15.0,52.0,1.0,20.0,36.0,10.0,0.0,48.0,27.0,70.0,0.0,0.0,0.0,34.0,26.0,29.0,0.0,44.0,12.0,24.0,0.0,20.0,60.0,21.0,71.0,0.0,20.0,51.0,16.0,51.0,0.0,28.0,21.0,55.0,75.0,0.0,30.0,0.0,12.0,22.0,26.0,29.0,41.0,53.0,0.0,22.0,35.0,67.0,21.0,15.0,81.0,20.0,0.0,6.0,43.0,8.0,22.0,25.0,8.0,21.0,79.0,34.0,58.0,22.0,48.0,56.0,37.0,22.0,0.0,0.0,99.0,91.0,49.0
218,59.0,30.0,32.0,0.0,0.0,0.0,77.0,28.0,9.0,8.0,0.0,0.0,0.0,0.0,82.0,31.0,27.0,35.0,86.0,0.0,61.0,80.0,29.0,0.0,29.0,37.0,0.0,22.0,59.0,13.0,10.0,21.0,54.0,0.0,55.0,0.0,34.0,51.0,42.0,0.0,27.0,59.0,71.0,0.0,33.0,45.0,0.0,55.0,0.0,10.0,3.0,51.0,0.0,0.0,45.0,41.0,50.0,3.0,17.0,42.0,12.0,102.0,0.0,59.0,68.0,23.0,67.0,0.0,85.0,48.0,44.0,28.0,23.0,1.0,7.0,0.0,13.0,73.0,67.0,0.0,16.0,71.0,46.0,3.0,41.0,25.0,10.0,23.0,43.0,25.0,2.0,13.0,0.0,28.0,37.0,0.0,25.0,75.0,37.0,12.0
219,16.0,39.0,0.0,0.0,5.0,0.0,42.0,24.0,18.0,29.0,64.0,46.0,6.0,2.0,51.0,33.0,17.0,99.0,35.0,32.0,35.0,34.0,22.0,21.0,0.0,53.0,0.0,26.0,41.0,15.0,66.0,16.0,67.0,0.0,16.0,40.0,23.0,60.0,15.0,0.0,3.0,49.0,19.0,0.0,47.0,57.0,0.0,54.0,0.0,52.0,32.0,83.0,20.0,59.0,20.0,15.0,81.0,32.0,52.0,44.0,23.0,72.0,0.0,41.0,29.0,63.0,0.0,0.0,9.0,19.0,22.0,18.0,26.0,39.0,15.0,24.0,34.0,52.0,13.0,20.0,36.0,12.0,26.0,42.0,61.0,35.0,77.0,30.0,37.0,13.0,12.0,7.0,0.0,37.0,0.0,13.0,30.0,16.0,51.0,7.0
220,72.0,24.0,23.0,13.0,0.0,0.0,68.0,33.0,25.0,0.0,24.0,5.0,57.0,38.0,75.0,6.0,34.0,0.0,55.0,0.0,71.0,58.0,14.0,49.0,36.0,13.0,12.0,50.0,31.0,54.0,29.0,29.0,0.0,0.0,23.0,36.0,81.0,50.0,22.0,5.0,36.0,56.0,0.0,0.0,16.0,7.0,0.0,31.0,0.0,29.0,32.0,6.0,45.0,55.0,44.0,27.0,33.0,59.0,60.0,51.0,0.0,37.0,30.0,44.0,57.0,0.0,60.0,16.0,30.0,63.0,2.0,16.0,0.0,25.0,38.0,68.0,54.0,42.0,57.0,0.0,0.0,23.0,84.0,21.0,71.0,65.0,3.0,33.0,45.0,18.0,50.0,39.0,70.0,34.0,0.0,17.0,0.0,70.0,35.0,43.0
221,51.0,16.0,41.0,33.0,0.0,0.0,44.0,34.0,5.0,0.0,0.0,0.0,13.0,0.0,43.0,0.0,25.0,0.0,28.0,0.0,101.0,31.0,40.0,99.0,17.0,2.0,0.0,47.0,57.0,0.0,91.0,2.0,0.0,2.0,40.0,41.0,92.0,19.0,0.0,47.0,35.0,89.0,0.0,0.0,5.0,4.0,39.0,65.0,0.0,18.0,64.0,64.0,14.0,83.0,78.0,41.0,37.0,1.0,77.0,34.0,26.0,47.0,19.0,28.0,55.0,60.0,62.0,0.0,40.0,56.0,24.0,10.0,0.0,40.0,44.0,61.0,57.0,20.0,68.0,0.0,89.0,34.0,53.0,33.0,49.0,78.0,0.0,82.0,64.0,0.0,8.0,23.0,65.0,0.0,51.0,0.0,6.0,5.0,28.0,75.0
222,76.0,0.0,37.0,7.0,0.0,0.0,38.0,0.0,78.0,0.0,0.0,68.0,27.0,1.0,44.0,56.0,31.0,0.0,66.0,0.0,6.0,77.0,54.0,63.0,10.0,0.0,52.0,4.0,50.0,0.0,89.0,0.0,0.0,49.0,13.0,0.0,75.0,0.0,0.0,35.0,4.0,58.0,20.0,0.0,37.0,13.0,1.0,44.0,0.0,14.0,75.0,54.0,0.0,95.0,21.0,13.0,89.0,34.0,76.0,43.0,0.0,38.0,31.0,0.0,0.0,52.0,147.0,0.0,78.0,33.0,53.0,0.0,52.0,49.0,36.0,55.0,73.0,81.0,67.0,0.0,0.0,35.0,53.0,27.0,115.0,26.0,0.0,31.0,48.0,13.0,0.0,44.0,46.0,4.0,0.0,0.0,0.0,60.0,53.0,78.0
223,58.0,31.0,21.0,24.0,0.0,0.0,49.0,44.0,92.0,34.0,0.0,30.0,41.0,47.0,77.0,48.0,0.0,32.0,69.0,0.0,66.0,84.0,31.0,2.0,32.0,19.0,0.0,58.0,20.0,0.0,16.0,32.0,0.0,63.0,58.0,0.0,48.0,24.0,15.0,37.0,4.0,103.0,38.0,0.0,32.0,13.0,37.0,87.0,0.0,21.0,23.0,53.0,0.0,4.0,26.0,53.0,43.0,4.0,81.0,63.0,1.0,0.0,0.0,16.0,43.0,82.0,99.0,0.0,13.0,21.0,36.0,0.0,31.0,15.0,65.0,48.0,50.0,97.0,23.0,0.0,22.0,35.0,64.0,39.0,60.0,36.0,6.0,79.0,41.0,20.0,43.0,21.0,50.0,0.0,76.0,28.0,22.0,22.0,62.0,69.0
224,42.0,14.0,6.0,7.0,0.0,0.0,97.0,30.0,56.0,37.0,54.0,37.0,43.0,14.0,32.0,48.0,12.0,0.0,35.0,0.0,55.0,98.0,46.0,14.0,21.0,27.0,42.0,6.0,21.0,0.0,63.0,0.0,0.0,33.0,57.0,0.0,48.0,32.0,0.0,43.0,23.0,73.0,45.0,7.0,11.0,18.0,36.0,15.0,0.0,33.0,11.0,5.0,34.0,51.0,42.0,22.0,64.0,16.0,78.0,26.0,33.0,40.0,0.0,33.0,0.0,63.0,65.0,0.0,58.0,30.0,35.0,5.0,49.0,21.0,53.0,19.0,40.0,85.0,19.0,7.0,41.0,27.0,18.0,19.0,46.0,35.0,73.0,70.0,75.0,9.0,53.0,19.0,24.0,11.0,51.0,35.0,0.0,56.0,10.0,56.0
225,45.0,27.0,48.0,9.0,0.0,0.0,91.0,30.0,2.0,98.0,40.0,95.0,22.0,0.0,61.0,33.0,60.0,0.0,11.0,14.0,56.0,42.0,2.0,28.0,18.0,30.0,28.0,3.0,83.0,0.0,59.0,0.0,0.0,27.0,71.0,0.0,49.0,12.0,8.0,24.0,22.0,65.0,19.0,0.0,16.0,40.0,47.0,74.0,0.0,9.0,20.0,13.0,67.0,62.0,33.0,7.0,47.0,21.0,73.0,39.0,20.0,42.0,21.0,46.0,26.0,42.0,95.0,0.0,47.0,22.0,38.0,13.0,1.0,29.0,39.0,0.0,32.0,64.0,20.0,18.0,42.0,12.0,28.0,32.0,33.0,0.0,34.0,28.0,38.0,0.0,24.0,8.0,57.0,20.0,37.0,24.0,1.0,40.0,28.0,10.0
226,67.0,29.0,4.0,0.0,0.0,0.0,47.0,13.0,28.0,57.0,97.0,59.0,46.0,15.0,71.0,7.0,43.0,0.0,0.0,51.0,25.0,76.0,22.0,38.0,0.0,53.0,22.0,0.0,48.0,3.0,49.0,49.0,5.0,27.0,91.0,0.0,25.0,47.0,0.0,31.0,18.0,63.0,11.0,0.0,24.0,9.0,7.0,0.0,0.0,6.0,0.0,0.0,22.0,25.0,20.0,56.0,73.0,8.0,77.0,56.0,17.0,27.0,76.0,44.0,0.0,25.0,55.0,4.0,46.0,43.0,16.0,0.0,38.0,50.0,51.0,0.0,73.0,61.0,46.0,15.0,21.0,46.0,4.0,32.0,64.0,0.0,66.0,43.0,42.0,25.0,29.0,0.0,50.0,12.0,60.0,9.0,12.0,52.0,0.0,3.0
227,37.0,47.0,0.0,31.0,0.0,21.0,34.0,36.0,24.0,26.0,1.0,77.0,29.0,24.0,41.0,11.0,19.0,0.0,19.0,54.0,15.0,71.0,21.0,9.0,0.0,43.0,0.0,48.0,5.0,0.0,70.0,47.0,0.0,54.0,91.0,0.0,24.0,12.0,10.0,41.0,20.0,41.0,22.0,0.0,18.0,27.0,11.0,30.0,0.0,30.0,30.0,26.0,48.0,0.0,15.0,0.0,69.0,0.0,34.0,46.0,0.0,8.0,30.0,3.0,48.0,27.0,18.0,3.0,22.0,0.0,19.0,15.0,8.0,5.0,38.0,0.0,0.0,41.0,6.0,14.0,45.0,39.0,26.0,20.0,92.0,20.0,40.0,24.0,10.0,24.0,44.0,0.0,36.0,22.0,53.0,5.0,5.0,58.0,39.0,40.0
228,25.0,32.0,29.0,10.0,0.0,21.0,0.0,8.0,34.0,9.0,20.0,60.0,29.0,17.0,57.0,46.0,4.0,0.0,30.0,29.0,34.0,76.0,5.0,14.0,29.0,4.0,32.0,64.0,51.0,0.0,107.0,32.0,0.0,0.0,79.0,0.0,51.0,0.0,0.0,14.0,19.0,16.0,35.0,0.0,24.0,36.0,13.0,0.0,0.0,0.0,53.0,46.0,36.0,0.0,70.0,37.0,35.0,54.0,50.0,52.0,1.0,31.0,19.0,43.0,56.0,35.0,43.0,5.0,7.0,0.0,7.0,16.0,2.0,34.0,2.0,45.0,0.0,15.0,61.0,45.0,44.0,30.0,41.0,20.0,61.0,103.0,56.0,75.0,23.0,5.0,51.0,10.0,0.0,18.0,36.0,30.0,14.0,111.0,47.0,44.0
229,0.0,0.0,0.0,10.0,9.0,42.0,46.0,0.0,48.0,24.0,0.0,60.0,9.0,9.0,19.0,23.0,66.0,0.0,40.0,2.0,102.0,40.0,46.0,41.0,37.0,0.0,39.0,27.0,59.0,0.0,96.0,68.0,0.0,0.0,62.0,29.0,40.0,0.0,38.0,0.0,6.0,43.0,0.0,0.0,11.0,23.0,25.0,0.0,0.0,25.0,54.0,55.0,42.0,47.0,61.0,0.0,9.0,34.0,72.0,26.0,29.0,84.0,28.0,38.0,92.0,32.0,64.0,0.0,72.0,0.0,39.0,14.0,0.0,0.0,0.0,16.0,0.0,63.0,100.0,0.0,41.0,0.0,35.0,7.0,41.0,25.0,53.0,63.0,51.0,64.0,45.0,0.0,29.0,26.0,23.0,0.0,10.0,9.0,71.0,53.0
230,1.0,7.0,31.0,0.0,43.0,2.0,20.0,9.0,34.0,29.0,0.0,78.0,39.0,13.0,0.0,5.0,43.0,0.0,11.0,35.0,93.0,91.0,35.0,16.0,0.0,0.0,77.0,13.0,125.0,0.0,95.0,13.0,0.0,0.0,25.0,0.0,32.0,33.0,0.0,0.0,38.0,2.0,11.0,5.0,21.0,26.0,74.0,39.0,0.0,39.0,11.0,62.0,34.0,107.0,36.0,0.0,36.0,9.0,72.0,2.0,21.0,45.0,0.0,28.0,87.0,35.0,80.0,0.0,79.0,0.0,55.0,0.0,14.0,99.0,26.0,41.0,0.0,112.0,42.0,0.0,36.0,0.0,0.0,20.0,60.0,0.0,56.0,68.0,37.0,28.0,32.0,0.0,0.0,17.0,38.0,22.0,48.0,32.0,43.0,53.0
231,29.0,30.0,13.0,0.0,32.0,40.0,35.0,0.0,9.0,55.0,17.0,21.0,29.0,0.0,65.0,50.0,36.0,0.0,24.0,43.0,21.0,103.0,0.0,22.0,0.0,47.0,0.0,18.0,93.0,0.0,67.0,31.0,0.0,0.0,23.0,0.0,42.0,74.0,19.0,0.0,32.0,57.0,15.0,0.0,41.0,69.0,53.0,36.0,0.0,0.0,0.0,34.0,19.0,98.0,0.0,0.0,106.0,21.0,87.0,0.0,16.0,12.0,45.0,27.0,12.0,61.0,41.0,47.0,27.0,11.0,52.0,0.0,0.0,54.0,14.0,0.0,9.0,91.0,43.0,0.0,56.0,3.0,0.0,58.0,57.0,10.0,33.0,129.0,61.0,3.0,6.0,0.0,83.0,10.0,92.0,65.0,64.0,18.0,53.0,58.0
232,82.0,18.0,37.0,8.0,60.0,0.0,82.0,0.0,58.0,19.0,63.0,18.0,44.0,0.0,39.0,65.0,41.0,0.0,60.0,0.0,62.0,56.0,0.0,36.0,0.0,61.0,0.0,51.0,121.0,0.0,76.0,41.0,0.0,0.0,9.0,2.0,61.0,21.0,37.0,38.0,0.0,64.0,24.0,0.0,22.0,92.0,65.0,20.0,0.0,0.0,0.0,14.0,17.0,59.0,0.0,0.0,27.0,57.0,0.0,3.0,23.0,20.0,49.0,18.0,48.0,67.0,8.0,29.0,8.0,6.0,27.0,0.0,64.0,16.0,56.0,0.0,84.0,89.0,52.0,0.0,87.0,52.0,18.0,18.0,0.0,33.0,0.0,119.0,5.0,24.0,0.0,0.0,35.0,0.0,58.0,89.0,15.0,23.0,40.0,22.0
233,52.0,20.0,54.0,32.0,1.0,37.0,68.0,32.0,80.0,46.0,0.0,4.0,41.0,21.0,8.0,0.0,22.0,3.0,63.0,43.0,86.0,67.0,0.0,17.0,0.0,89.0,34.0,20.0,55.0,0.0,110.0,92.0,0.0,16.0,48.0,7.0,65.0,25.0,23.0,0.0,29.0,79.0,0.0,0.0,46.0,20.0,19.0,78.0,0.0,0.0,60.0,46.0,16.0,27.0,82.0,27.0,24.0,30.0,52.0,41.0,10.0,33.0,31.0,18.0,41.0,53.0,39.0,3.0,25.0,0.0,33.0,0.0,23.0,35.0,23.0,25.0,25.0,4.0,75.0,8.0,59.0,48.0,13.0,1.0,55.0,32.0,5.0,76.0,3.0,0.0,19.0,0.0,2.0,49.0,21.0,52.0,51.0,32.0,71.0,55.0
234,78.0,52.0,10.0,63.0,0.0,42.0,43.0,36.0,64.0,29.0,26.0,35.0,30.0,15.0,29.0,0.0,7.0,4.0,26.0,39.0,36.0,51.0,16.0,71.0,46.0,26.0,0.0,23.0,39.0,0.0,66.0,73.0,0.0,37.0,0.0,34.0,42.0,8.0,44.0,39.0,24.0,58.0,8.0,0.0,0.0,33.0,0.0,81.0,0.0,14.0,47.0,97.0,41.0,45.0,78.0,31.0,25.0,1.0,55.0,59.0,24.0,51.0,7.0,15.0,25.0,74.0,130.0,0.0,4.0,22.0,3.0,0.0,19.0,53.0,0.0,0.0,21.0,26.0,66.0,0.0,20.0,73.0,44.0,2.0,52.0,32.0,26.0,63.0,34.0,0.0,16.0,0.0,79.0,30.0,33.0,18.0,18.0,78.0,35.0,40.0
235,51.0,69.0,19.0,53.0,4.0,20.0,101.0,29.0,20.0,12.0,27.0,57.0,0.0,59.0,78.0,0.0,0.0,0.0,43.0,22.0,19.0,81.0,58.0,26.0,4.0,0.0,10.0,38.0,53.0,0.0,12.0,54.0,0.0,44.0,47.0,11.0,49.0,36.0,55.0,14.0,16.0,54.0,25.0,0.0,31.0,6.0,18.0,92.0,0.0,0.0,0.0,49.0,0.0,21.0,58.0,34.0,70.0,0.0,35.0,43.0,17.0,97.0,0.0,22.0,9.0,60.0,137.0,0.0,26.0,27.0,26.0,0.0,0.0,33.0,0.0,25.0,62.0,72.0,51.0,0.0,58.0,56.0,93.0,17.0,66.0,20.0,16.0,80.0,25.0,36.0,52.0,0.0,27.0,49.0,21.0,16.0,45.0,21.0,44.0,28.0
236,26.0,22.0,0.0,9.0,40.0,13.0,31.0,32.0,2.0,51.0,1.0,101.0,0.0,32.0,40.0,0.0,5.0,26.0,90.0,38.0,32.0,75.0,19.0,7.0,0.0,71.0,35.0,0.0,49.0,0.0,45.0,0.0,8.0,46.0,32.0,53.0,33.0,0.0,0.0,12.0,48.0,10.0,8.0,0.0,8.0,12.0,20.0,60.0,0.0,0.0,0.0,56.0,0.0,55.0,69.0,5.0,48.0,0.0,0.0,42.0,48.0,53.0,0.0,13.0,26.0,87.0,34.0,18.0,22.0,24.0,68.0,0.0,39.0,40.0,0.0,41.0,69.0,39.0,0.0,0.0,7.0,48.0,32.0,37.0,31.0,28.0,86.0,79.0,30.0,51.0,45.0,0.0,41.0,0.0,7.0,7.0,33.0,50.0,76.0,44.0
237,18.0,0.0,1.0,31.0,55.0,14.0,92.0,23.0,43.0,13.0,0.0,0.0,0.0,8.0,70.0,0.0,22.0,16.0,82.0,41.0,63.0,126.0,5.0,33.0,0.0,16.0,30.0,14.0,54.0,0.0,16.0,31.0,8.0,1.0,61.0,23.0,76.0,0.0,0.0,0.0,33.0,28.0,29.0,0.0,50.0,8.0,28.0,0.0,17.0,61.0,17.0,77.0,0.0,16.0,60.0,8.0,51.0,0.0,15.0,38.0,54.0,70.0,0.0,22.0,0.0,12.0,24.0,23.0,21.0,46.0,54.0,0.0,23.0,33.0,66.0,0.0,23.0,92.0,15.0,0.0,14.0,51.0,7.0,21.0,29.0,0.0,25.0,84.0,48.0,60.0,31.0,31.0,51.0,36.0,26.0,0.0,0.0,104.0,86.0,50.0
238,70.0,31.0,35.0,0.0,0.0,0.0,81.0,28.0,7.0,2.0,0.0,5.0,0.0,0.0,80.0,33.0,27.0,40.0,88.0,0.0,60.0,94.0,22.0,0.0,28.0,36.0,0.0,18.0,62.0,2.0,3.0,23.0,44.0,1.0,49.0,0.0,30.0,50.0,41.0,0.0,25.0,52.0,73.0,0.0,32.0,53.0,0.0,51.0,0.0,9.0,0.0,47.0,0.0,0.0,54.0,36.0,40.0,0.0,5.0,45.0,6.0,101.0,0.0,67.0,65.0,21.0,62.0,0.0,85.0,47.0,55.0,1.0,22.0,0.0,17.0,0.0,13.0,89.0,80.0,0.0,21.0,79.0,46.0,3.0,41.0,19.0,13.0,24.0,51.0,20.0,1.0,4.0,0.0,26.0,51.0,0.0,16.0,76.0,38.0,13.0
239,24.0,41.0,4.0,0.0,0.0,0.0,36.0,20.0,28.0,34.0,63.0,48.0,9.0,0.0,38.0,35.0,19.0,95.0,46.0,31.0,51.0,43.0,22.0,14.0,0.0,63.0,0.0,25.0,37.0,4.0,59.0,16.0,20.0,2.0,27.0,40.0,27.0,68.0,13.0,0.0,0.0,51.0,20.0,0.0,49.0,54.0,0.0,59.0,0.0,52.0,36.0,76.0,11.0,58.0,27.0,4.0,88.0,42.0,37.0,48.0,19.0,71.0,0.0,37.0,25.0,56.0,0.0,0.0,12.0,25.0,27.0,0.0,25.0,35.0,17.0,22.0,37.0,46.0,19.0,19.0,35.0,20.0,25.0,38.0,63.0,34.0,75.0,28.0,38.0,8.0,13.0,0.0,0.0,36.0,2.0,20.0,36.0,21.0,41.0,7.0
240,74.0,24.0,27.0,7.0,0.0,0.0,59.0,36.0,27.0,2.0,17.0,3.0,63.0,34.0,62.0,8.0,34.0,0.0,60.0,0.0,82.0,65.0,18.0,63.0,29.0,15.0,6.0,55.0,32.0,43.0,29.0,29.0,0.0,4.0,27.0,37.0,91.0,51.0,20.0,2.0,34.0,47.0,0.0,0.0,17.0,3.0,0.0,28.0,0.0,26.0,30.0,0.0,52.0,57.0,46.0,30.0,35.0,55.0,45.0,49.0,0.0,32.0,24.0,40.0,66.0,0.0,66.0,11.0,21.0,58.0,0.0,0.0,0.0,22.0,44.0,85.0,56.0,47.0,61.0,0.0,0.0,18.0,80.0,33.0,93.0,64.0,3.0,30.0,58.0,17.0,50.0,28.0,73.0,35.0,9.0,13.0,0.0,83.0,30.0,39.0
241,60.0,12.0,46.0,27.0,0.0,0.0,46.0,34.0,4.0,0.0,0.0,0.0,18.0,0.0,38.0,1.0,24.0,0.0,31.0,0.0,98.0,39.0,42.0,101.0,16.0,1.0,0.0,53.0,59.0,0.0,99.0,3.0,0.0,0.0,41.0,42.0,93.0,17.0,0.0,52.0,32.0,85.0,0.0,0.0,4.0,0.0,0.0,67.0,0.0,20.0,57.0,60.0,9.0,90.0,52.0,34.0,38.0,0.0,63.0,38.0,26.0,38.0,24.0,20.0,55.0,61.0,74.0,0.0,43.0,56.0,32.0,0.0,0.0,0.0,39.0,65.0,50.0,15.0,70.0,0.0,90.0,45.0,60.0,32.0,59.0,79.0,0.0,88.0,65.0,0.0,21.0,23.0,79.0,0.0,58.0,0.0,0.0,13.0,20.0,73.0
242,82.0,0.0,42.0,3.0,0.0,0.0,48.0,0.0,92.0,0.0,0.0,69.0,33.0,0.0,54.0,57.0,29.0,0.0,68.0,0.0,14.0,86.0,56.0,64.0,11.0,0.0,50.0,6.0,66.0,0.0,106.0,2.0,0.0,49.0,7.0,0.0,78.0,0.0,0.0,35.0,2.0,68.0,20.0,0.0,36.0,12.0,0.0,0.0,0.0,1.0,72.0,45.0,0.0,99.0,21.0,6.0,83.0,27.0,64.0,42.0,0.0,40.0,29.0,0.0,0.0,49.0,153.0,0.0,68.0,36.0,49.0,0.0,13.0,40.0,46.0,52.0,74.0,82.0,70.0,0.0,16.0,44.0,54.0,23.0,127.0,27.0,0.0,25.0,29.0,0.0,5.0,31.0,47.0,0.0,10.0,0.0,0.0,65.0,55.0,99.0
243,67.0,28.0,25.0,22.0,0.0,0.0,49.0,46.0,101.0,38.0,0.0,40.0,38.0,47.0,76.0,54.0,0.0,26.0,80.0,0.0,61.0,41.0,32.0,0.0,27.0,15.0,0.0,41.0,30.0,0.0,23.0,35.0,0.0,62.0,60.0,0.0,44.0,19.0,10.0,34.0,7.0,96.0,38.0,0.0,28.0,15.0,8.0,90.0,0.0,20.0,20.0,62.0,0.0,13.0,19.0,51.0,0.0,0.0,89.0,61.0,0.0,0.0,0.0,10.0,38.0,89.0,108.0,0.0,6.0,14.0,42.0,0.0,32.0,14.0,61.0,42.0,57.0,100.0,17.0,0.0,20.0,42.0,63.0,46.0,70.0,31.0,4.0,92.0,45.0,11.0,43.0,17.0,48.0,0.0,96.0,24.0,12.0,28.0,63.0,76.0
244,43.0,8.0,9.0,2.0,0.0,0.0,98.0,26.0,60.0,43.0,55.0,43.0,46.0,12.0,21.0,48.0,9.0,0.0,42.0,0.0,52.0,103.0,44.0,8.0,21.0,38.0,40.0,8.0,30.0,0.0,69.0,5.0,0.0,43.0,57.0,0.0,43.0,31.0,0.0,40.0,23.0,81.0,46.0,6.0,10.0,16.0,34.0,18.0,0.0,33.0,7.0,0.0,33.0,54.0,53.0,18.0,63.0,12.0,73.0,20.0,31.0,38.0,0.0,30.0,0.0,69.0,66.0,0.0,55.0,31.0,32.0,0.0,51.0,32.0,52.0,12.0,37.0,105.0,13.0,4.0,44.0,28.0,19.0,15.0,54.0,33.0,74.0,73.0,76.0,0.0,59.0,10.0,25.0,4.0,68.0,31.0,0.0,52.0,12.0,58.0
245,39.0,22.0,50.0,6.0,0.0,0.0,88.0,32.0,7.0,107.0,39.0,115.0,18.0,0.0,61.0,35.0,63.0,0.0,8.0,10.0,56.0,39.0,0.0,20.0,16.0,35.0,28.0,5.0,92.0,0.0,70.0,0.0,0.0,21.0,83.0,0.0,43.0,3.0,5.0,29.0,23.0,63.0,20.0,0.0,15.0,37.0,63.0,71.0,0.0,10.0,20.0,7.0,64.0,62.0,39.0,0.0,57.0,18.0,66.0,33.0,20.0,44.0,22.0,44.0,29.0,39.0,107.0,0.0,39.0,17.0,37.0,0.0,3.0,23.0,28.0,0.0,28.0,72.0,13.0,9.0,39.0,20.0,27.0,35.0,42.0,0.0,39.0,40.0,48.0,0.0,34.0,4.0,60.0,15.0,49.0,32.0,0.0,39.0,28.0,9.0
246,68.0,28.0,8.0,0.0,0.0,0.0,42.0,13.0,29.0,62.0,89.0,71.0,42.0,15.0,68.0,6.0,39.0,0.0,0.0,55.0,29.0,68.0,22.0,35.0,0.0,53.0,20.0,3.0,60.0,3.0,52.0,59.0,2.0,21.0,85.0,0.0,27.0,46.0,0.0,28.0,20.0,66.0,10.0,0.0,28.0,12.0,10.0,0.0,0.0,2.0,0.0,0.0,28.0,21.0,20.0,53.0,81.0,13.0,71.0,50.0,13.0,24.0,73.0,44.0,0.0,24.0,62.0,3.0,46.0,44.0,21.0,0.0,37.0,45.0,43.0,0.0,68.0,68.0,44.0,0.0,29.0,57.0,4.0,33.0,73.0,0.0,79.0,43.0,49.0,24.0,33.0,0.0,57.0,7.0,68.0,8.0,4.0,57.0,0.0,0.0
247,50.0,39.0,3.0,28.0,0.0,14.0,41.0,35.0,20.0,27.0,0.0,85.0,23.0,24.0,32.0,10.0,23.0,0.0,30.0,58.0,30.0,67.0,22.0,12.0,0.0,40.0,0.0,53.0,15.0,0.0,69.0,52.0,0.0,51.0,88.0,0.0,31.0,18.0,6.0,40.0,20.0,42.0,20.0,0.0,20.0,22.0,16.0,30.0,0.0,26.0,29.0,31.0,47.0,0.0,17.0,0.0,62.0,0.0,29.0,45.0,0.0,9.0,30.0,0.0,46.0,30.0,24.0,2.0,14.0,0.0,26.0,0.0,4.0,0.0,44.0,0.0,0.0,45.0,14.0,0.0,42.0,49.0,18.0,17.0,104.0,12.0,46.0,27.0,11.0,21.0,48.0,0.0,34.0,14.0,62.0,2.0,0.0,72.0,39.0,52.0
248,28.0,27.0,33.0,3.0,0.0,14.0,0.0,4.0,35.0,8.0,20.0,67.0,38.0,17.0,48.0,42.0,0.0,0.0,43.0,30.0,42.0,72.0,7.0,9.0,26.0,14.0,28.0,71.0,51.0,0.0,112.0,46.0,0.0,0.0,75.0,0.0,55.0,0.0,0.0,5.0,20.0,15.0,37.0,0.0,27.0,47.0,15.0,0.0,0.0,0.0,54.0,45.0,33.0,0.0,69.0,31.0,36.0,56.0,44.0,60.0,1.0,29.0,15.0,41.0,65.0,37.0,50.0,4.0,0.0,0.0,9.0,0.0,0.0,29.0,0.0,40.0,0.0,24.0,58.0,29.0,63.0,39.0,47.0,23.0,74.0,96.0,47.0,76.0,27.0,3.0,51.0,4.0,0.0,25.0,42.0,22.0,6.0,123.0,52.0,37.0
249,7.0,0.0,6.0,7.0,8.0,28.0,52.0,0.0,55.0,24.0,0.0,66.0,8.0,10.0,7.0,27.0,61.0,0.0,52.0,0.0,112.0,45.0,45.0,34.0,30.0,2.0,36.0,18.0,67.0,0.0,116.0,72.0,0.0,0.0,60.0,30.0,44.0,0.0,40.0,0.0,11.0,45.0,0.0,0.0,11.0,25.0,26.0,2.0,0.0,29.0,49.0,55.0,37.0,62.0,74.0,0.0,14.0,31.0,69.0,22.0,29.0,79.0,26.0,31.0,96.0,31.0,74.0,0.0,67.0,0.0,39.0,6.0,0.0,0.0,0.0,9.0,0.0,73.0,105.0,0.0,46.0,10.0,35.0,3.0,43.0,17.0,58.0,91.0,53.0,64.0,53.0,0.0,27.0,23.0,31.0,0.0,2.0,18.0,66.0,56.0
250,1.0,0.0,37.0,0.0,43.0,0.0,28.0,14.0,31.0,31.0,0.0,85.0,31.0,14.0,0.0,2.0,37.0,0.0,13.0,36.0,94.0,105.0,33.0,23.0,0.0,5.0,83.0,18.0,127.0,0.0,106.0,23.0,0.0,0.0,21.0,0.0,39.0,36.0,0.0,0.0,41.0,5.0,5.0,4.0,25.0,23.0,72.0,40.0,0.0,40.0,15.0,0.0,32.0,117.0,39.0,0.0,40.0,13.0,70.0,0.0,25.0,39.0,0.0,31.0,90.0,40.0,85.0,0.0,74.0,0.0,56.0,0.0,20.0,95.0,20.0,33.0,4.0,127.0,54.0,0.0,37.0,11.0,0.0,18.0,68.0,0.0,47.0,83.0,42.0,26.0,34.0,0.0,0.0,10.0,38.0,18.0,43.0,38.0,43.0,52.0
251,27.0,34.0,19.0,0.0,31.0,35.0,37.0,0.0,5.0,0.0,17.0,22.0,33.0,2.0,75.0,30.0,40.0,0.0,45.0,44.0,29.0,106.0,0.0,22.0,0.0,46.0,0.0,22.0,105.0,0.0,76.0,36.0,0.0,0.0,25.0,0.0,50.0,79.0,23.0,0.0,37.0,58.0,21.0,0.0,45.0,77.0,50.0,36.0,0.0,0.0,0.0,32.0,18.0,104.0,4.0,0.0,108.0,6.0,85.0,0.0,17.0,2.0,8.0,23.0,12.0,63.0,42.0,47.0,26.0,18.0,51.0,0.0,0.0,35.0,11.0,0.0,17.0,106.0,37.0,0.0,48.0,6.0,0.0,63.0,52.0,6.0,28.0,123.0,70.0,5.0,4.0,0.0,81.0,14.0,90.0,57.0,56.0,20.0,66.0,71.0
252,106.0,16.0,36.0,3.0,60.0,0.0,78.0,0.0,73.0,23.0,66.0,17.0,4.0,1.0,40.0,67.0,39.0,0.0,35.0,1.0,60.0,56.0,0.0,38.0,0.0,72.0,0.0,50.0,142.0,0.0,84.0,45.0,0.0,0.0,11.0,0.0,58.0,26.0,41.0,40.0,4.0,63.0,24.0,0.0,27.0,94.0,58.0,42.0,0.0,0.0,0.0,9.0,15.0,56.0,5.0,0.0,41.0,56.0,0.0,0.0,26.0,15.0,48.0,18.0,47.0,62.0,14.0,30.0,5.0,0.0,39.0,0.0,61.0,11.0,54.0,0.0,94.0,95.0,49.0,0.0,85.0,57.0,13.0,20.0,0.0,25.0,0.0,130.0,2.0,19.0,0.0,0.0,41.0,0.0,58.0,96.0,10.0,29.0,41.0,18.0
253,66.0,17.0,55.0,37.0,0.0,31.0,68.0,31.0,86.0,51.0,2.0,12.0,44.0,20.0,1.0,0.0,16.0,0.0,82.0,32.0,99.0,69.0,0.0,19.0,0.0,93.0,30.0,18.0,64.0,0.0,119.0,98.0,0.0,20.0,50.0,6.0,83.0,27.0,27.0,0.0,33.0,80.0,0.0,0.0,50.0,23.0,15.0,89.0,0.0,0.0,62.0,49.0,12.0,27.0,84.0,24.0,24.0,33.0,49.0,57.0,13.0,29.0,29.0,14.0,41.0,61.0,41.0,1.0,23.0,0.0,30.0,0.0,24.0,27.0,27.0,29.0,38.0,12.0,78.0,0.0,54.0,44.0,24.0,2.0,48.0,22.0,1.0,89.0,0.0,0.0,23.0,0.0,6.0,47.0,18.0,46.0,51.0,30.0,79.0,52.0
254,78.0,50.0,12.0,66.0,0.0,9.0,38.0,40.0,63.0,36.0,25.0,45.0,34.0,21.0,20.0,0.0,2.0,0.0,40.0,43.0,39.0,52.0,12.0,74.0,42.0,27.0,0.0,32.0,38.0,0.0,75.0,81.0,0.0,36.0,5.0,40.0,50.0,4.0,45.0,38.0,25.0,60.0,6.0,0.0,5.0,32.0,0.0,85.0,0.0,16.0,51.0,119.0,41.0,54.0,74.0,24.0,23.0,1.0,55.0,65.0,26.0,65.0,3.0,10.0,26.0,76.0,142.0,0.0,0.0,17.0,0.0,0.0,21.0,47.0,0.0,0.0,30.0,35.0,64.0,0.0,14.0,78.0,46.0,4.0,49.0,36.0,32.0,61.0,53.0,0.0,25.0,0.0,90.0,27.0,36.0,0.0,16.0,82.0,39.0,35.0
255,53.0,62.0,22.0,53.0,0.0,15.0,102.0,35.0,19.0,18.0,30.0,64.0,4.0,63.0,84.0,0.0,0.0,0.0,9.0,24.0,15.0,97.0,53.0,30.0,0.0,7.0,9.0,38.0,50.0,0.0,20.0,48.0,0.0,38.0,46.0,13.0,54.0,32.0,57.0,11.0,17.0,61.0,24.0,0.0,35.0,1.0,14.0,96.0,0.0,0.0,2.0,58.0,0.0,25.0,71.0,28.0,72.0,0.0,36.0,42.0,19.0,98.0,0.0,15.0,11.0,60.0,152.0,0.0,29.0,22.0,25.0,0.0,0.0,36.0,0.0,20.0,59.0,78.0,42.0,0.0,53.0,63.0,90.0,20.0,70.0,13.0,18.0,77.0,33.0,34.0,56.0,0.0,28.0,45.0,16.0,9.0,39.0,28.0,50.0,25.0
256,34.0,22.0,6.0,4.0,36.0,9.0,38.0,36.0,0.0,58.0,3.0,101.0,4.0,35.0,36.0,0.0,0.0,23.0,102.0,37.0,28.0,85.0,33.0,3.0,0.0,75.0,36.0,0.0,43.0,0.0,56.0,0.0,5.0,44.0,40.0,52.0,30.0,0.0,0.0,7.0,45.0,17.0,3.0,0.0,14.0,5.0,17.0,57.0,0.0,0.0,2.0,63.0,0.0,58.0,76.0,0.0,63.0,0.0,2.0,33.0,46.0,51.0,0.0,5.0,23.0,85.0,51.0,16.0,17.0,19.0,81.0,0.0,39.0,35.0,0.0,30.0,70.0,52.0,0.0,0.0,17.0,60.0,23.0,42.0,31.0,20.0,86.0,77.0,29.0,55.0,46.0,0.0,43.0,0.0,8.0,0.0,28.0,71.0,78.0,43.0
257,19.0,0.0,0.0,28.0,53.0,10.0,105.0,24.0,53.0,21.0,1.0,0.0,5.0,2.0,78.0,0.0,16.0,14.0,103.0,39.0,62.0,136.0,0.0,40.0,0.0,21.0,30.0,11.0,56.0,0.0,30.0,26.0,8.0,0.0,64.0,13.0,77.0,3.0,0.0,0.0,43.0,36.0,36.0,0.0,54.0,14.0,30.0,0.0,15.0,60.0,21.0,84.0,0.0,16.0,54.0,1.0,56.0,0.0,18.0,30.0,59.0,56.0,0.0,16.0,0.0,20.0,29.0,21.0,26.0,38.0,52.0,0.0,21.0,29.0,65.0,0.0,38.0,95.0,14.0,0.0,9.0,65.0,0.0,27.0,32.0,0.0,19.0,84.0,35.0,61.0,29.0,26.0,52.0,35.0,36.0,0.0,0.0,117.0,89.0,64.0
258,68.0,28.0,43.0,0.0,0.0,0.0,87.0,32.0,1.0,8.0,3.0,0.0,7.0,0.0,84.0,35.0,28.0,37.0,98.0,0.0,55.0,104.0,19.0,4.0,28.0,30.0,0.0,15.0,63.0,0.0,20.0,16.0,37.0,0.0,48.0,0.0,38.0,46.0,40.0,0.0,25.0,53.0,75.0,0.0,33.0,49.0,0.0,58.0,0.0,15.0,6.0,45.0,0.0,0.0,48.0,30.0,39.0,0.0,12.0,38.0,4.0,93.0,0.0,60.0,64.0,24.0,61.0,0.0,87.0,57.0,63.0,1.0,23.0,0.0,28.0,0.0,18.0,103.0,89.0,0.0,25.0,89.0,35.0,8.0,44.0,13.0,9.0,29.0,48.0,15.0,0.0,0.0,1.0,23.0,56.0,0.0,18.0,81.0,23.0,19.0
259,24.0,39.0,4.0,0.0,0.0,0.0,40.0,12.0,20.0,30.0,68.0,43.0,18.0,0.0,40.0,32.0,20.0,92.0,52.0,34.0,43.0,49.0,23.0,8.0,0.0,55.0,0.0,10.0,38.0,2.0,79.0,24.0,2.0,0.0,20.0,35.0,32.0,63.0,13.0,0.0,0.0,42.0,18.0,0.0,47.0,49.0,0.0,56.0,0.0,53.0,43.0,74.0,7.0,45.0,17.0,0.0,76.0,46.0,37.0,36.0,21.0,60.0,0.0,27.0,20.0,61.0,0.0,0.0,12.0,24.0,23.0,0.0,25.0,31.0,15.0,20.0,32.0,36.0,11.0,11.0,24.0,22.0,40.0,44.0,78.0,35.0,80.0,28.0,27.0,3.0,5.0,0.0,0.0,30.0,0.0,12.0,36.0,16.0,29.0,11.0
260,57.0,21.0,29.0,0.0,0.0,0.0,62.0,39.0,34.0,0.0,23.0,0.0,67.0,32.0,62.0,5.0,28.0,0.0,61.0,1.0,80.0,73.0,18.0,67.0,27.0,27.0,3.0,40.0,25.0,41.0,46.0,29.0,0.0,0.0,24.0,40.0,89.0,54.0,22.0,2.0,29.0,55.0,0.0,0.0,13.0,0.0,0.0,38.0,0.0,19.0,37.0,0.0,49.0,51.0,38.0,27.0,27.0,56.0,53.0,38.0,0.0,16.0,25.0,43.0,68.0,6.0,56.0,8.0,12.0,55.0,0.0,0.0,0.0,18.0,52.0,74.0,58.0,39.0,69.0,0.0,0.0,8.0,72.0,40.0,97.0,62.0,11.0,29.0,55.0,19.0,53.0,21.0,69.0,38.0,9.0,13.0,0.0,53.0,18.0,46.0
261,59.0,6.0,53.0,22.0,0.0,0.0,45.0,41.0,9.0,3.0,4.0,0.0,27.0,0.0,30.0,0.0,27.0,0.0,37.0,1.0,119.0,32.0,47.0,98.0,14.0,0.0,0.0,72.0,55.0,0.0,113.0,2.0,0.0,0.0,42.0,37.0,51.0,18.0,0.0,47.0,37.0,100.0,0.0,0.0,0.0,0.0,1.0,65.0,0.0,13.0,65.0,60.0,9.0,78.0,45.0,32.0,28.0,7.0,65.0,27.0,24.0,25.0,23.0,14.0,64.0,68.0,70.0,0.0,36.0,51.0,27.0,0.0,0.0,0.0,40.0,45.0,48.0,12.0,75.0,0.0,83.0,40.0,56.0,38.0,61.0,77.0,0.0,84.0,56.0,0.0,29.0,18.0,75.0,0.0,58.0,0.0,0.0,23.0,12.0,83.0
262,88.0,0.0,47.0,0.0,0.0,0.0,51.0,0.0,104.0,2.0,4.0,59.0,37.0,0.0,46.0,49.0,28.0,0.0,77.0,0.0,11.0,86.0,60.0,58.0,7.0,0.0,54.0,0.0,58.0,0.0,107.0,0.0,0.0,38.0,3.0,0.0,76.0,0.0,0.0,42.0,4.0,68.0,19.0,0.0,28.0,6.0,3.0,0.0,0.0,0.0,79.0,54.0,0.0,86.0,22.0,0.0,78.0,17.0,65.0,35.0,0.0,27.0,33.0,0.0,3.0,59.0,149.0,0.0,78.0,31.0,48.0,0.0,17.0,33.0,52.0,42.0,84.0,75.0,69.0,0.0,11.0,41.0,55.0,22.0,143.0,27.0,0.0,23.0,20.0,0.0,10.0,26.0,46.0,0.0,8.0,0.0,0.0,52.0,60.0,102.0
263,63.0,27.0,23.0,19.0,0.0,0.0,48.0,49.0,64.0,58.0,2.0,33.0,50.0,44.0,79.0,13.0,0.0,22.0,96.0,0.0,61.0,51.0,30.0,0.0,25.0,13.0,6.0,33.0,39.0,0.0,33.0,29.0,0.0,50.0,58.0,0.0,44.0,14.0,6.0,30.0,9.0,105.0,39.0,0.0,40.0,24.0,12.0,83.0,0.0,11.0,21.0,65.0,1.0,0.0,12.0,50.0,0.0,0.0,81.0,55.0,0.0,0.0,2.0,9.0,40.0,95.0,103.0,0.0,0.0,13.0,38.0,0.0,33.0,10.0,60.0,44.0,65.0,115.0,15.0,0.0,25.0,42.0,58.0,48.0,70.0,23.0,0.0,61.0,31.0,8.0,45.0,12.0,59.0,0.0,117.0,25.0,13.0,42.0,69.0,81.0
264,47.0,5.0,10.0,0.0,0.0,0.0,88.0,22.0,53.0,55.0,64.0,34.0,44.0,10.0,29.0,38.0,0.0,0.0,52.0,0.0,53.0,117.0,42.0,5.0,18.0,33.0,41.0,0.0,46.0,0.0,72.0,0.0,0.0,41.0,43.0,0.0,59.0,31.0,0.0,41.0,27.0,77.0,46.0,5.0,4.0,15.0,40.0,32.0,0.0,26.0,5.0,3.0,30.0,36.0,63.0,11.0,67.0,9.0,72.0,12.0,33.0,22.0,0.0,26.0,7.0,67.0,68.0,0.0,55.0,28.0,24.0,0.0,51.0,38.0,52.0,5.0,41.0,114.0,18.0,1.0,41.0,43.0,18.0,15.0,62.0,26.0,75.0,90.0,68.0,0.0,51.0,5.0,21.0,2.0,77.0,29.0,3.0,61.0,13.0,56.0
265,47.0,24.0,55.0,5.0,0.0,0.0,88.0,35.0,0.0,113.0,48.0,105.0,16.0,0.0,64.0,39.0,53.0,0.0,17.0,8.0,47.0,53.0,0.0,14.0,12.0,49.0,25.0,0.0,102.0,0.0,87.0,11.0,0.0,19.0,80.0,0.0,50.0,0.0,3.0,28.0,25.0,62.0,17.0,0.0,15.0,38.0,70.0,72.0,0.0,5.0,26.0,10.0,73.0,46.0,42.0,0.0,67.0,24.0,64.0,22.0,15.0,47.0,20.0,40.0,29.0,38.0,117.0,0.0,32.0,10.0,31.0,0.0,4.0,24.0,27.0,0.0,29.0,75.0,8.0,4.0,46.0,25.0,20.0,42.0,39.0,0.0,47.0,55.0,37.0,0.0,49.0,1.0,61.0,13.0,50.0,25.0,3.0,50.0,26.0,14.0
266,72.0,29.0,13.0,0.0,0.0,0.0,50.0,10.0,27.0,74.0,95.0,86.0,51.0,9.0,72.0,0.0,35.0,0.0,11.0,52.0,0.0,69.0,22.0,41.0,0.0,51.0,18.0,0.0,72.0,0.0,83.0,67.0,0.0,17.0,103.0,0.0,34.0,51.0,0.0,21.0,21.0,71.0,12.0,0.0,32.0,11.0,14.0,4.0,0.0,0.0,4.0,6.0,27.0,20.0,21.0,46.0,83.0,13.0,68.0,37.0,11.0,14.0,80.0,42.0,0.0,18.0,63.0,0.0,49.0,43.0,15.0,0.0,36.0,46.0,34.0,0.0,64.0,64.0,39.0,0.0,30.0,62.0,0.0,37.0,72.0,0.0,86.0,55.0,34.0,29.0,31.0,0.0,52.0,8.0,64.0,8.0,9.0,66.0,0.0,3.0
267,54.0,36.0,0.0,30.0,0.0,11.0,40.0,30.0,22.0,34.0,1.0,87.0,24.0,30.0,35.0,9.0,25.0,0.0,43.0,72.0,44.0,79.0,21.0,12.0,0.0,38.0,0.0,52.0,16.0,0.0,90.0,60.0,0.0,50.0,80.0,0.0,32.0,13.0,2.0,34.0,19.0,36.0,20.0,0.0,22.0,26.0,19.0,25.0,0.0,25.0,27.0,38.0,46.0,0.0,9.0,0.0,64.0,0.0,23.0,51.0,0.0,0.0,30.0,0.0,46.0,33.0,21.0,0.0,12.0,0.0,35.0,0.0,4.0,0.0,40.0,0.0,0.0,36.0,13.0,0.0,38.0,52.0,11.0,20.0,107.0,7.0,49.0,36.0,0.0,25.0,43.0,0.0,32.0,10.0,63.0,0.0,3.0,92.0,31.0,58.0
268,32.0,26.0,29.0,4.0,0.0,12.0,0.0,0.0,47.0,11.0,16.0,65.0,44.0,15.0,52.0,39.0,0.0,0.0,48.0,31.0,50.0,79.0,5.0,9.0,21.0,11.0,22.0,73.0,66.0,0.0,130.0,48.0,0.0,0.0,77.0,0.0,47.0,0.0,0.0,0.0,17.0,19.0,38.0,0.0,25.0,46.0,11.0,0.0,0.0,0.0,53.0,53.0,30.0,0.0,68.0,27.0,32.0,59.0,52.0,51.0,0.0,24.0,15.0,34.0,66.0,52.0,47.0,2.0,0.0,0.0,11.0,0.0,0.0,22.0,0.0,39.0,4.0,21.0,31.0,25.0,61.0,39.0,51.0,26.0,72.0,91.0,47.0,85.0,14.0,7.0,61.0,1.0,0.0,29.0,40.0,21.0,12.0,141.0,51.0,42.0
269,12.0,0.0,2.0,7.0,6.0,26.0,45.0,0.0,62.0,19.0,0.0,63.0,9.0,11.0,12.0,19.0,52.0,0.0,51.0,0.0,122.0,14.0,42.0,30.0,26.0,0.0,24.0,21.0,70.0,0.0,138.0,82.0,0.0,0.0,51.0,32.0,37.0,2.0,39.0,0.0,9.0,53.0,0.0,0.0,17.0,24.0,28.0,3.0,0.0,27.0,61.0,67.0,32.0,59.0,69.0,0.0,19.0,32.0,70.0,10.0,29.0,70.0,24.0,31.0,95.0,37.0,69.0,0.0,59.0,0.0,40.0,3.0,0.0,0.0,0.0,0.0,7.0,90.0,119.0,0.0,43.0,11.0,35.0,7.0,38.0,11.0,55.0,97.0,42.0,67.0,49.0,0.0,26.0,25.0,36.0,0.0,12.0,33.0,60.0,57.0
270,9.0,0.0,32.0,0.0,24.0,0.0,35.0,15.0,38.0,36.0,0.0,77.0,27.0,12.0,6.0,0.0,30.0,0.0,22.0,32.0,98.0,94.0,29.0,28.0,0.0,0.0,93.0,17.0,134.0,0.0,114.0,29.0,0.0,0.0,12.0,0.0,33.0,40.0,0.0,0.0,44.0,0.0,7.0,3.0,24.0,20.0,71.0,46.0,0.0,34.0,14.0,13.0,34.0,132.0,51.0,0.0,42.0,10.0,65.0,0.0,32.0,32.0,0.0,28.0,103.0,43.0,86.0,0.0,60.0,0.0,58.0,0.0,20.0,97.0,13.0,25.0,13.0,135.0,62.0,0.0,34.0,19.0,0.0,23.0,61.0,0.0,43.0,85.0,42.0,30.0,31.0,0.0,0.0,9.0,32.0,12.0,49.0,35.0,62.0,67.0
271,38.0,39.0,16.0,2.0,18.0,31.0,26.0,3.0,3.0,0.0,20.0,12.0,33.0,0.0,83.0,28.0,32.0,0.0,60.0,47.0,29.0,94.0,0.0,21.0,0.0,38.0,0.0,19.0,117.0,0.0,71.0,32.0,0.0,0.0,18.0,0.0,50.0,76.0,26.0,0.0,45.0,45.0,22.0,0.0,44.0,87.0,58.0,55.0,0.0,0.0,0.0,36.0,16.0,98.0,5.0,0.0,106.0,10.0,80.0,0.0,17.0,0.0,0.0,16.0,18.0,75.0,32.0,27.0,30.0,14.0,55.0,0.0,0.0,35.0,18.0,0.0,0.0,115.0,44.0,0.0,54.0,17.0,0.0,64.0,41.0,0.0,32.0,128.0,66.0,7.0,1.0,0.0,79.0,17.0,0.0,60.0,62.0,32.0,71.0,64.0
272,121.0,15.0,34.0,4.0,50.0,0.0,90.0,2.0,83.0,22.0,63.0,3.0,7.0,0.0,51.0,60.0,37.0,0.0,43.0,0.0,58.0,49.0,0.0,31.0,0.0,64.0,0.0,47.0,78.0,0.0,82.0,53.0,0.0,0.0,12.0,0.0,50.0,24.0,41.0,41.0,7.0,60.0,21.0,0.0,24.0,96.0,58.0,53.0,0.0,0.0,0.0,13.0,13.0,44.0,2.0,0.0,33.0,54.0,0.0,0.0,23.0,7.0,45.0,11.0,49.0,55.0,16.0,29.0,0.0,0.0,42.0,0.0,64.0,5.0,51.0,0.0,102.0,98.0,54.0,0.0,86.0,68.0,15.0,24.0,0.0,20.0,0.0,139.0,0.0,20.0,0.0,0.0,42.0,0.0,67.0,96.0,13.0,29.0,38.0,16.0
273,68.0,17.0,51.0,44.0,0.0,8.0,82.0,34.0,0.0,39.0,0.0,0.0,43.0,17.0,11.0,0.0,10.0,0.0,99.0,26.0,106.0,58.0,0.0,17.0,0.0,99.0,26.0,20.0,62.0,0.0,125.0,103.0,0.0,19.0,45.0,1.0,99.0,33.0,26.0,0.0,31.0,70.0,0.0,0.0,49.0,22.0,10.0,98.0,0.0,0.0,53.0,45.0,11.0,23.0,89.0,26.0,0.0,0.0,48.0,45.0,15.0,29.0,30.0,9.0,36.0,45.0,48.0,0.0,15.0,0.0,32.0,0.0,29.0,22.0,33.0,25.0,50.0,12.0,85.0,0.0,47.0,58.0,21.0,0.0,37.0,25.0,0.0,96.0,0.0,2.0,18.0,0.0,9.0,44.0,13.0,42.0,52.0,32.0,68.0,53.0
274,91.0,46.0,19.0,70.0,0.0,5.0,45.0,41.0,71.0,34.0,31.0,36.0,32.0,16.0,28.0,0.0,0.0,0.0,63.0,37.0,34.0,4.0,11.0,70.0,12.0,22.0,0.0,31.0,36.0,0.0,74.0,83.0,0.0,35.0,0.0,44.0,59.0,6.0,42.0,34.0,26.0,83.0,6.0,0.0,6.0,23.0,0.0,85.0,0.0,19.0,42.0,122.0,40.0,40.0,65.0,22.0,26.0,0.0,57.0,59.0,20.0,60.0,2.0,10.0,22.0,72.0,153.0,0.0,0.0,16.0,0.0,0.0,17.0,43.0,0.0,0.0,36.0,32.0,59.0,0.0,6.0,84.0,56.0,2.0,60.0,36.0,26.0,67.0,45.0,1.0,22.0,0.0,93.0,3.0,41.0,0.0,17.0,87.0,51.0,46.0
275,57.0,65.0,20.0,59.0,0.0,13.0,107.0,46.0,29.0,17.0,33.0,60.0,5.0,66.0,100.0,0.0,0.0,0.0,19.0,30.0,15.0,117.0,50.0,39.0,0.0,3.0,5.0,38.0,43.0,0.0,25.0,45.0,0.0,40.0,43.0,5.0,57.0,29.0,57.0,13.0,0.0,65.0,27.0,0.0,39.0,0.0,13.0,110.0,0.0,0.0,0.0,70.0,0.0,20.0,69.0,11.0,76.0,0.0,32.0,31.0,26.0,94.0,0.0,12.0,6.0,63.0,159.0,0.0,25.0,24.0,27.0,0.0,0.0,41.0,0.0,14.0,79.0,73.0,45.0,0.0,34.0,63.0,96.0,20.0,72.0,13.0,14.0,72.0,23.0,36.0,48.0,0.0,37.0,46.0,23.0,4.0,15.0,36.0,45.0,33.0
276,42.0,22.0,5.0,5.0,22.0,7.0,40.0,41.0,11.0,59.0,7.0,104.0,7.0,37.0,53.0,0.0,0.0,21.0,109.0,32.0,39.0,93.0,33.0,1.0,0.0,67.0,33.0,0.0,43.0,0.0,75.0,0.0,3.0,41.0,37.0,48.0,34.0,0.0,0.0,7.0,44.0,23.0,0.0,0.0,12.0,5.0,14.0,53.0,0.0,0.0,0.0,70.0,0.0,49.0,80.0,0.0,61.0,0.0,0.0,20.0,43.0,45.0,0.0,0.0,21.0,81.0,60.0,15.0,9.0,20.0,89.0,0.0,43.0,34.0,0.0,27.0,83.0,55.0,2.0,0.0,7.0,77.0,20.0,38.0,37.0,19.0,95.0,92.0,32.0,56.0,35.0,0.0,47.0,1.0,4.0,0.0,27.0,94.0,75.0,49.0
277,19.0,0.0,0.0,27.0,26.0,8.0,104.0,27.0,65.0,30.0,5.0,0.0,11.0,1.0,82.0,0.0,10.0,12.0,99.0,40.0,69.0,145.0,0.0,42.0,0.0,24.0,30.0,11.0,62.0,0.0,41.0,20.0,4.0,0.0,73.0,8.0,69.0,4.0,0.0,0.0,42.0,40.0,38.0,0.0,47.0,14.0,31.0,0.0,14.0,56.0,17.0,82.0,0.0,8.0,59.0,0.0,66.0,0.0,17.0,14.0,58.0,47.0,0.0,16.0,0.0,34.0,33.0,20.0,31.0,32.0,59.0,0.0,23.0,28.0,71.0,0.0,49.0,87.0,12.0,0.0,0.0,71.0,0.0,25.0,36.0,0.0,22.0,90.0,33.0,68.0,38.0,23.0,52.0,30.0,46.0,0.0,0.0,130.0,90.0,67.0
278,72.0,22.0,44.0,0.0,0.0,0.0,45.0,33.0,15.0,5.0,3.0,0.0,12.0,0.0,83.0,34.0,21.0,34.0,114.0,0.0,56.0,112.0,24.0,1.0,26.0,28.0,0.0,17.0,78.0,0.0,27.0,20.0,33.0,0.0,52.0,0.0,39.0,44.0,38.0,0.0,31.0,60.0,81.0,0.0,26.0,46.0,0.0,55.0,0.0,14.0,14.0,52.0,0.0,0.0,44.0,22.0,42.0,0.0,10.0,28.0,2.0,82.0,0.0,59.0,69.0,26.0,67.0,0.0,86.0,56.0,65.0,0.0,19.0,0.0,33.0,0.0,25.0,120.0,85.0,0.0,24.0,98.0,33.0,1.0,49.0,16.0,10.0,30.0,47.0,13.0,0.0,0.0,8.0,19.0,66.0,0.0,17.0,94.0,16.0,20.0
279,27.0,37.0,5.0,0.0,0.0,0.0,37.0,12.0,33.0,35.0,71.0,37.0,21.0,0.0,37.0,25.0,13.0,89.0,60.0,30.0,43.0,47.0,22.0,3.0,0.0,54.0,0.0,8.0,46.0,0.0,76.0,19.0,0.0,0.0,20.0,33.0,43.0,62.0,11.0,0.0,1.0,39.0,22.0,0.0,36.0,53.0,0.0,53.0,0.0,48.0,32.0,79.0,11.0,40.0,19.0,0.0,80.0,52.0,31.0,32.0,22.0,46.0,1.0,20.0,27.0,65.0,3.0,0.0,8.0,30.0,28.0,0.0,23.0,18.0,19.0,18.0,38.0,40.0,14.0,7.0,23.0,25.0,33.0,42.0,73.0,35.0,82.0,22.0,26.0,5.0,0.0,0.0,5.0,27.0,4.0,6.0,37.0,22.0,20.0,14.0
280,56.0,16.0,29.0,0.0,0.0,0.0,59.0,37.0,50.0,4.0,34.0,0.0,77.0,28.0,59.0,0.0,22.0,0.0,0.0,0.0,78.0,71.0,23.0,62.0,24.0,27.0,0.0,46.0,27.0,37.0,42.0,25.0,0.0,0.0,22.0,42.0,95.0,48.0,19.0,4.0,30.0,72.0,0.0,0.0,3.0,1.0,1.0,38.0,0.0,22.0,44.0,3.0,51.0,44.0,35.0,26.0,32.0,53.0,49.0,29.0,0.0,0.0,28.0,41.0,75.0,10.0,67.0,7.0,2.0,54.0,3.0,0.0,0.0,14.0,59.0,65.0,61.0,37.0,78.0,0.0,0.0,15.0,83.0,50.0,94.0,61.0,8.0,36.0,53.0,15.0,47.0,18.0,73.0,39.0,21.0,11.0,0.0,65.0,26.0,17.0
281,56.0,9.0,49.0,25.0,0.0,0.0,45.0,38.0,26.0,6.0,9.0,0.0,23.0,0.0,34.0,0.0,16.0,0.0,37.0,0.0,116.0,16.0,43.0,100.0,11.0,0.0,0.0,77.0,48.0,0.0,105.0,0.0,0.0,0.0,36.0,37.0,58.0,10.0,0.0,45.0,40.0,111.0,0.0,0.0,0.0,1.0,5.0,66.0,0.0,8.0,65.0,60.0,13.0,65.0,48.0,32.0,28.0,11.0,73.0,20.0,17.0,30.0,26.0,14.0,59.0,63.0,87.0,0.0,30.0,51.0,26.0,0.0,0.0,0.0,40.0,42.0,63.0,3.0,72.0,0.0,79.0,41.0,60.0,36.0,80.0,75.0,0.0,92.0,55.0,0.0,26.0,15.0,70.0,2.0,0.0,0.0,0.0,27.0,0.0,32.0
282,87.0,0.0,16.0,1.0,0.0,0.0,66.0,0.0,115.0,3.0,9.0,73.0,36.0,0.0,2.0,44.0,29.0,0.0,75.0,0.0,14.0,0.0,59.0,64.0,3.0,0.0,50.0,0.0,77.0,0.0,107.0,0.0,0.0,41.0,0.0,0.0,73.0,0.0,0.0,50.0,7.0,79.0,23.0,0.0,37.0,7.0,0.0,10.0,0.0,0.0,80.0,53.0,0.0,75.0,15.0,0.0,69.0,17.0,65.0,27.0,0.0,28.0,37.0,0.0,0.0,56.0,161.0,0.0,68.0,27.0,53.0,0.0,16.0,30.0,48.0,40.0,89.0,71.0,81.0,0.0,20.0,44.0,52.0,18.0,152.0,33.0,0.0,25.0,19.0,0.0,13.0,22.0,62.0,0.0,18.0,0.0,0.0,41.0,56.0,125.0
283,34.0,28.0,28.0,18.0,0.0,0.0,57.0,51.0,76.0,61.0,2.0,36.0,40.0,39.0,94.0,6.0,0.0,2.0,104.0,0.0,67.0,47.0,36.0,0.0,21.0,4.0,3.0,28.0,44.0,0.0,30.0,25.0,0.0,54.0,64.0,0.0,52.0,21.0,6.0,29.0,11.0,116.0,41.0,0.0,34.0,24.0,11.0,87.0,0.0,9.0,16.0,63.0,0.0,0.0,6.0,51.0,0.0,0.0,84.0,47.0,0.0,2.0,6.0,8.0,45.0,93.0,118.0,0.0,0.0,12.0,29.0,0.0,35.0,14.0,70.0,39.0,64.0,108.0,20.0,0.0,18.0,36.0,63.0,43.0,72.0,22.0,0.0,58.0,30.0,5.0,42.0,10.0,65.0,0.0,3.0,24.0,17.0,46.0,71.0,87.0
284,54.0,7.0,14.0,0.0,0.0,0.0,97.0,22.0,72.0,59.0,75.0,26.0,51.0,12.0,34.0,34.0,0.0,0.0,70.0,0.0,53.0,115.0,42.0,0.0,15.0,33.0,45.0,0.0,40.0,0.0,67.0,0.0,0.0,40.0,44.0,0.0,63.0,31.0,0.0,35.0,27.0,79.0,41.0,4.0,0.0,9.0,51.0,39.0,0.0,25.0,0.0,0.0,30.0,14.0,55.0,8.0,81.0,6.0,76.0,5.0,28.0,24.0,3.0,27.0,13.0,64.0,70.0,0.0,45.0,26.0,23.0,0.0,56.0,31.0,19.0,0.0,45.0,121.0,17.0,0.0,37.0,42.0,16.0,0.0,64.0,24.0,7.0,111.0,60.0,0.0,54.0,3.0,26.0,0.0,88.0,29.0,7.0,68.0,20.0,62.0
285,56.0,23.0,58.0,9.0,0.0,0.0,96.0,38.0,13.0,129.0,49.0,102.0,24.0,0.0,67.0,35.0,50.0,0.0,23.0,0.0,60.0,74.0,0.0,7.0,8.0,52.0,26.0,0.0,93.0,0.0,45.0,18.0,0.0,22.0,0.0,0.0,61.0,0.0,0.0,23.0,31.0,76.0,8.0,0.0,11.0,36.0,81.0,71.0,0.0,0.0,19.0,19.0,81.0,40.0,34.0,0.0,75.0,29.0,71.0,13.0,17.0,51.0,24.0,39.0,27.0,36.0,121.0,0.0,34.0,7.0,38.0,0.0,3.0,22.0,27.0,0.0,39.0,73.0,2.0,1.0,25.0,39.0,23.0,42.0,34.0,0.0,60.0,53.0,33.0,0.0,50.0,0.0,64.0,11.0,67.0,25.0,3.0,55.0,28.0,15.0
286,80.0,28.0,17.0,0.0,0.0,0.0,58.0,10.0,40.0,71.0,104.0,98.0,46.0,8.0,73.0,0.0,26.0,0.0,14.0,45.0,4.0,80.0,22.0,44.0,0.0,51.0,19.0,0.0,65.0,0.0,77.0,71.0,0.0,17.0,109.0,0.0,40.0,51.0,1.0,15.0,26.0,80.0,7.0,0.0,30.0,5.0,20.0,13.0,0.0,0.0,0.0,0.0,27.0,10.0,28.0,39.0,87.0,15.0,66.0,30.0,12.0,19.0,82.0,37.0,0.0,11.0,73.0,0.0,41.0,43.0,24.0,0.0,33.0,53.0,31.0,0.0,69.0,83.0,41.0,0.0,24.0,65.0,0.0,39.0,69.0,0.0,96.0,56.0,38.0,30.0,30.0,0.0,46.0,7.0,79.0,8.0,16.0,86.0,0.0,14.0
287,67.0,32.0,3.0,31.0,0.0,9.0,47.0,30.0,33.0,39.0,5.0,84.0,29.0,25.0,39.0,1.0,19.0,0.0,38.0,81.0,54.0,84.0,22.0,12.0,0.0,32.0,0.0,49.0,13.0,0.0,107.0,75.0,0.0,48.0,77.0,0.0,38.0,14.0,4.0,37.0,24.0,45.0,26.0,0.0,25.0,23.0,20.0,31.0,0.0,27.0,23.0,44.0,50.0,0.0,16.0,0.0,60.0,3.0,14.0,44.0,0.0,5.0,36.0,0.0,49.0,35.0,29.0,0.0,9.0,0.0,40.0,0.0,8.0,0.0,37.0,0.0,0.0,43.0,29.0,0.0,30.0,58.0,6.0,22.0,108.0,8.0,58.0,41.0,0.0,28.0,39.0,0.0,31.0,14.0,71.0,0.0,9.0,105.0,27.0,55.0
288,36.0,21.0,33.0,9.0,0.0,11.0,0.0,0.0,60.0,10.0,16.0,56.0,45.0,17.0,65.0,34.0,0.0,0.0,43.0,25.0,48.0,79.0,3.0,8.0,18.0,20.0,25.0,81.0,59.0,0.0,139.0,57.0,0.0,0.0,76.0,0.0,51.0,0.0,4.0,0.0,22.0,27.0,36.0,0.0,22.0,59.0,12.0,9.0,0.0,0.0,47.0,56.0,31.0,0.0,72.0,21.0,36.0,57.0,49.0,45.0,0.0,30.0,15.0,30.0,82.0,51.0,51.0,2.0,0.0,0.0,18.0,0.0,0.0,19.0,0.0,34.0,2.0,28.0,39.0,22.0,59.0,53.0,57.0,27.0,85.0,90.0,46.0,110.0,10.0,16.0,54.0,0.0,0.0,31.0,50.0,17.0,13.0,159.0,55.0,46.0
289,18.0,0.0,4.0,6.0,2.0,24.0,45.0,2.0,67.0,19.0,0.0,53.0,11.0,8.0,21.0,14.0,50.0,0.0,43.0,0.0,123.0,3.0,39.0,26.0,24.0,2.0,22.0,29.0,65.0,0.0,138.0,80.0,0.0,0.0,52.0,31.0,35.0,0.0,39.0,0.0,15.0,64.0,0.0,0.0,19.0,28.0,17.0,0.0,0.0,26.0,57.0,82.0,33.0,49.0,70.0,0.0,14.0,39.0,70.0,2.0,33.0,79.0,24.0,26.0,31.0,47.0,63.0,0.0,52.0,0.0,46.0,2.0,0.0,0.0,0.0,0.0,7.0,100.0,130.0,0.0,55.0,12.0,42.0,9.0,43.0,10.0,64.0,0.0,46.0,61.0,54.0,0.0,40.0,26.0,55.0,0.0,19.0,13.0,68.0,66.0
290,17.0,0.0,0.0,0.0,17.0,0.0,37.0,18.0,57.0,38.0,0.0,68.0,29.0,13.0,16.0,0.0,27.0,0.0,20.0,30.0,98.0,38.0,25.0,36.0,0.0,4.0,95.0,20.0,159.0,0.0,105.0,26.0,0.0,0.0,19.0,0.0,30.0,44.0,0.0,0.0,50.0,14.0,3.0,2.0,25.0,23.0,63.0,47.0,0.0,32.0,11.0,22.0,31.0,140.0,46.0,0.0,35.0,12.0,73.0,0.0,33.0,42.0,0.0,22.0,107.0,39.0,0.0,0.0,59.0,0.0,68.0,0.0,14.0,100.0,17.0,21.0,31.0,137.0,75.0,0.0,27.0,29.0,3.0,23.0,66.0,0.0,48.0,107.0,46.0,27.0,30.0,0.0,0.0,11.0,44.0,10.0,59.0,45.0,68.0,75.0
291,43.0,40.0,22.0,0.0,13.0,4.0,25.0,8.0,13.0,0.0,28.0,17.0,32.0,0.0,87.0,22.0,25.0,0.0,61.0,40.0,28.0,95.0,0.0,25.0,0.0,37.0,0.0,22.0,124.0,0.0,67.0,41.0,0.0,0.0,21.0,0.0,56.0,81.0,25.0,0.0,52.0,53.0,19.0,0.0,43.0,90.0,53.0,60.0,0.0,0.0,0.0,44.0,14.0,94.0,0.0,0.0,100.0,12.0,83.0,0.0,12.0,8.0,0.0,18.0,0.0,83.0,30.0,24.0,21.0,6.0,62.0,0.0,0.0,40.0,19.0,0.0,11.0,124.0,52.0,0.0,50.0,20.0,5.0,70.0,41.0,1.0,32.0,143.0,69.0,1.0,0.0,0.0,79.0,19.0,1.0,63.0,71.0,46.0,70.0,69.0
292,142.0,18.0,42.0,8.0,46.0,0.0,105.0,3.0,88.0,18.0,64.0,0.0,5.0,0.0,68.0,55.0,29.0,0.0,49.0,0.0,61.0,55.0,0.0,35.0,0.0,72.0,0.0,48.0,0.0,0.0,78.0,46.0,0.0,0.0,16.0,0.0,68.0,26.0,52.0,42.0,13.0,66.0,10.0,0.0,27.0,100.0,55.0,82.0,0.0,0.0,0.0,23.0,15.0,33.0,0.0,0.0,28.0,56.0,2.0,0.0,27.0,9.0,30.0,9.0,45.0,54.0,14.0,14.0,0.0,0.0,53.0,0.0,71.0,7.0,48.0,0.0,116.0,92.0,62.0,0.0,91.0,71.0,15.0,25.0,0.0,17.0,0.0,156.0,0.0,28.0,0.0,0.0,37.0,2.0,84.0,97.0,13.0,34.0,47.0,12.0
293,75.0,17.0,54.0,41.0,0.0,1.0,93.0,42.0,23.0,36.0,0.0,0.0,43.0,20.0,16.0,0.0,2.0,0.0,103.0,16.0,120.0,76.0,0.0,22.0,0.0,92.0,26.0,20.0,62.0,0.0,133.0,97.0,0.0,16.0,46.0,1.0,110.0,33.0,25.0,0.0,28.0,71.0,0.0,0.0,43.0,23.0,8.0,113.0,0.0,0.0,54.0,56.0,11.0,21.0,83.0,22.0,0.0,0.0,48.0,39.0,16.0,43.0,26.0,4.0,47.0,44.0,60.0,0.0,7.0,0.0,37.0,0.0,24.0,23.0,0.0,22.0,68.0,0.0,89.0,0.0,43.0,62.0,19.0,1.0,38.0,33.0,0.0,98.0,0.0,3.0,17.0,0.0,21.0,47.0,27.0,36.0,55.0,33.0,65.0,54.0
294,96.0,45.0,28.0,80.0,0.0,0.0,55.0,41.0,85.0,29.0,25.0,30.0,30.0,16.0,44.0,0.0,0.0,0.0,67.0,24.0,41.0,13.0,9.0,75.0,9.0,19.0,0.0,38.0,34.0,0.0,78.0,80.0,0.0,30.0,4.0,44.0,56.0,2.0,44.0,35.0,24.0,85.0,0.0,0.0,0.0,23.0,0.0,78.0,0.0,15.0,38.0,137.0,41.0,34.0,82.0,21.0,16.0,0.0,63.0,56.0,19.0,62.0,0.0,0.0,26.0,74.0,165.0,0.0,0.0,17.0,10.0,0.0,12.0,46.0,9.0,0.0,49.0,24.0,55.0,0.0,0.0,84.0,62.0,1.0,81.0,1.0,25.0,77.0,38.0,1.0,19.0,0.0,93.0,6.0,53.0,0.0,19.0,86.0,50.0,62.0
295,71.0,46.0,17.0,59.0,0.0,0.0,102.0,59.0,42.0,11.0,25.0,54.0,10.0,65.0,108.0,0.0,0.0,0.0,24.0,31.0,12.0,126.0,59.0,44.0,0.0,0.0,4.0,34.0,31.0,0.0,21.0,38.0,0.0,36.0,47.0,6.0,59.0,32.0,57.0,13.0,0.0,79.0,21.0,0.0,40.0,0.0,17.0,106.0,0.0,0.0,0.0,68.0,2.0,13.0,73.0,6.0,90.0,2.0,32.0,26.0,22.0,113.0,0.0,11.0,7.0,72.0,187.0,0.0,18.0,23.0,23.0,0.0,0.0,0.0,2.0,8.0,81.0,71.0,46.0,0.0,35.0,68.0,114.0,27.0,81.0,10.0,26.0,81.0,13.0,32.0,45.0,0.0,34.0,48.0,36.0,0.0,11.0,37.0,50.0,40.0
296,42.0,25.0,6.0,1.0,16.0,0.0,46.0,48.0,18.0,53.0,0.0,99.0,9.0,33.0,64.0,0.0,0.0,10.0,113.0,27.0,40.0,107.0,40.0,2.0,0.0,77.0,36.0,0.0,37.0,0.0,81.0,0.0,0.0,38.0,34.0,45.0,50.0,0.0,0.0,4.0,56.0,46.0,0.0,0.0,12.0,5.0,11.0,66.0,0.0,1.0,0.0,70.0,2.0,42.0,74.0,0.0,60.0,4.0,0.0,15.0,40.0,56.0,0.0,0.0,22.0,80.0,73.0,6.0,4.0,16.0,88.0,0.0,43.0,28.0,2.0,27.0,103.0,71.0,0.0,0.0,5.0,92.0,23.0,43.0,48.0,11.0,102.0,18.0,25.0,63.0,33.0,0.0,45.0,5.0,12.0,0.0,29.0,94.0,72.0,52.0
297,21.0,0.0,0.0,32.0,23.0,0.0,119.0,30.0,64.0,24.0,0.0,0.0,12.0,0.0,51.0,0.0,8.0,2.0,108.0,33.0,65.0,157.0,0.0,43.0,0.0,17.0,28.0,5.0,54.0,0.0,40.0,11.0,1.0,0.0,80.0,9.0,77.0,0.0,0.0,0.0,48.0,54.0,33.0,0.0,46.0,16.0,32.0,7.0,13.0,55.0,23.0,58.0,3.0,0.0,6.0,0.0,63.0,5.0,11.0,8.0,63.0,53.0,0.0,13.0,0.0,28.0,41.0,12.0,32.0,27.0,55.0,0.0,14.0,27.0,79.0,0.0,59.0,99.0,12.0,0.0,0.0,81.0,0.0,25.0,47.0,0.0,26.0,91.0,38.0,67.0,36.0,21.0,60.0,31.0,56.0,0.0,1.0,134.0,84.0,72.0
298,79.0,22.0,52.0,0.0,0.0,0.0,54.0,33.0,23.0,0.0,0.0,0.0,20.0,0.0,79.0,36.0,26.0,24.0,119.0,0.0,72.0,123.0,19.0,3.0,24.0,25.0,0.0,13.0,76.0,0.0,22.0,9.0,0.0,0.0,45.0,0.0,45.0,39.0,35.0,0.0,35.0,69.0,72.0,0.0,26.0,50.0,0.0,60.0,0.0,21.0,12.0,66.0,5.0,0.0,47.0,16.0,34.0,6.0,2.0,24.0,1.0,80.0,0.0,56.0,68.0,15.0,76.0,0.0,85.0,53.0,65.0,0.0,14.0,0.0,37.0,0.0,32.0,48.0,87.0,0.0,16.0,102.0,34.0,0.0,46.0,10.0,8.0,53.0,40.0,8.0,0.0,0.0,4.0,23.0,74.0,0.0,18.0,92.0,25.0,32.0
299,47.0,35.0,15.0,0.0,0.0,0.0,42.0,16.0,38.0,29.0,80.0,33.0,24.0,0.0,38.0,29.0,17.0,0.0,64.0,32.0,44.0,49.0,13.0,3.0,0.0,50.0,1.0,14.0,44.0,0.0,78.0,6.0,0.0,0.0,22.0,32.0,37.0,61.0,12.0,0.0,5.0,41.0,15.0,0.0,36.0,48.0,0.0,60.0,0.0,49.0,32.0,86.0,17.0,33.0,22.0,0.0,82.0,61.0,23.0,22.0,20.0,48.0,1.0,17.0,27.0,54.0,8.0,0.0,6.0,25.0,40.0,0.0,23.0,20.0,33.0,18.0,33.0,36.0,31.0,4.0,16.0,24.0,43.0,37.0,79.0,50.0,82.0,43.0,24.0,0.0,0.0,0.0,5.0,28.0,9.0,2.0,39.0,20.0,18.0,20.0
300,64.0,19.0,28.0,0.0,0.0,0.0,63.0,34.0,55.0,0.0,22.0,0.0,85.0,27.0,56.0,1.0,25.0,0.0,0.0,0.0,75.0,28.0,25.0,55.0,21.0,30.0,3.0,51.0,35.0,34.0,56.0,13.0,0.0,0.0,0.0,41.0,99.0,45.0,18.0,0.0,23.0,75.0,0.0,0.0,3.0,0.0,0.0,34.0,0.0,17.0,49.0,9.0,60.0,37.0,34.0,23.0,41.0,63.0,51.0,28.0,0.0,0.0,38.0,45.0,95.0,0.0,63.0,0.0,0.0,57.0,8.0,0.0,0.0,18.0,63.0,65.0,58.0,41.0,85.0,0.0,0.0,10.0,86.0,48.0,124.0,64.0,9.0,49.0,58.0,9.0,43.0,16.0,84.0,42.0,22.0,3.0,3.0,67.0,19.0,21.0
301,73.0,9.0,53.0,23.0,0.0,0.0,46.0,40.0,53.0,0.0,0.0,0.0,19.0,0.0,56.0,0.0,12.0,0.0,30.0,0.0,111.0,24.0,46.0,98.0,8.0,0.0,1.0,80.0,46.0,0.0,121.0,0.0,0.0,0.0,37.0,35.0,79.0,4.0,0.0,50.0,36.0,117.0,0.0,0.0,0.0,0.0,6.0,64.0,0.0,3.0,67.0,67.0,23.0,57.0,52.0,30.0,31.0,18.0,0.0,16.0,18.0,29.0,32.0,14.0,68.0,62.0,101.0,0.0,28.0,47.0,30.0,0.0,0.0,5.0,42.0,44.0,62.0,0.0,72.0,0.0,72.0,33.0,59.0,27.0,90.0,78.0,10.0,106.0,52.0,0.0,27.0,12.0,76.0,2.0,4.0,0.0,2.0,28.0,0.0,37.0
302,102.0,0.0,25.0,0.0,0.0,0.0,84.0,7.0,131.0,4.0,3.0,85.0,35.0,0.0,14.0,47.0,36.0,0.0,79.0,0.0,15.0,1.0,53.0,61.0,0.0,0.0,58.0,3.0,1.0,0.0,119.0,0.0,0.0,37.0,9.0,0.0,85.0,0.0,0.0,56.0,2.0,86.0,21.0,0.0,38.0,0.0,6.0,13.0,0.0,0.0,84.0,63.0,6.0,78.0,9.0,0.0,61.0,0.0,35.0,24.0,0.0,34.0,38.0,0.0,6.0,67.0,181.0,0.0,68.0,21.0,59.0,0.0,10.0,36.0,48.0,38.0,82.0,65.0,84.0,0.0,15.0,36.0,53.0,13.0,155.0,28.0,5.0,33.0,12.0,0.0,11.0,20.0,15.0,0.0,34.0,0.0,1.0,55.0,50.0,143.0
303,40.0,30.0,30.0,24.0,0.0,0.0,57.0,47.0,85.0,60.0,0.0,41.0,32.0,41.0,0.0,9.0,3.0,0.0,107.0,3.0,56.0,46.0,37.0,0.0,18.0,0.0,2.0,29.0,50.0,0.0,33.0,20.0,0.0,46.0,66.0,0.0,49.0,25.0,5.0,32.0,23.0,113.0,40.0,0.0,36.0,30.0,11.0,94.0,0.0,5.0,8.0,63.0,0.0,0.0,0.0,47.0,0.0,5.0,76.0,37.0,0.0,0.0,0.0,7.0,50.0,95.0,125.0,0.0,0.0,4.0,25.0,0.0,25.0,22.0,69.0,37.0,59.0,125.0,15.0,0.0,6.0,34.0,71.0,36.0,70.0,12.0,0.0,64.0,26.0,0.0,51.0,7.0,63.0,0.0,27.0,26.0,23.0,54.0,70.0,91.0
304,54.0,11.0,12.0,0.0,0.0,0.0,85.0,19.0,71.0,55.0,74.0,34.0,51.0,12.0,41.0,35.0,0.0,0.0,68.0,0.0,59.0,125.0,40.0,0.0,12.0,25.0,45.0,3.0,43.0,0.0,70.0,0.0,0.0,46.0,43.0,0.0,61.0,31.0,0.0,31.0,29.0,78.0,37.0,3.0,1.0,16.0,63.0,35.0,0.0,20.0,0.0,0.0,43.0,11.0,54.0,0.0,78.0,12.0,75.0,0.0,33.0,24.0,5.0,25.0,14.0,58.0,37.0,0.0,43.0,20.0,19.0,0.0,37.0,38.0,27.0,0.0,48.0,127.0,18.0,0.0,45.0,39.0,19.0,0.0,59.0,27.0,16.0,119.0,64.0,0.0,58.0,1.0,30.0,0.0,107.0,23.0,9.0,77.0,15.0,74.0
305,61.0,26.0,55.0,8.0,0.0,0.0,89.0,45.0,10.0,125.0,46.0,102.0,20.0,0.0,62.0,33.0,54.0,0.0,15.0,0.0,72.0,105.0,0.0,0.0,7.0,44.0,36.0,1.0,93.0,0.0,53.0,10.0,0.0,19.0,0.0,0.0,54.0,0.0,0.0,22.0,29.0,72.0,7.0,0.0,10.0,40.0,84.0,70.0,0.0,0.0,13.0,29.0,92.0,30.0,46.0,0.0,68.0,37.0,56.0,10.0,13.0,60.0,24.0,42.0,24.0,43.0,115.0,0.0,33.0,0.0,32.0,0.0,0.0,30.0,22.0,0.0,40.0,86.0,14.0,0.0,23.0,35.0,23.0,34.0,30.0,0.0,76.0,67.0,31.0,0.0,53.0,0.0,61.0,12.0,89.0,25.0,8.0,61.0,37.0,27.0
306,88.0,32.0,16.0,0.0,0.0,0.0,46.0,8.0,38.0,64.0,104.0,109.0,43.0,7.0,82.0,0.0,30.0,0.0,9.0,54.0,0.0,94.0,14.0,37.0,0.0,47.0,22.0,0.0,63.0,0.0,78.0,76.0,0.0,13.0,104.0,0.0,52.0,54.0,0.0,14.0,19.0,98.0,4.0,0.0,31.0,7.0,25.0,8.0,0.0,0.0,0.0,2.0,32.0,0.0,25.0,32.0,79.0,24.0,54.0,21.0,15.0,25.0,81.0,34.0,0.0,9.0,86.0,0.0,40.0,36.0,23.0,0.0,28.0,59.0,28.0,0.0,77.0,95.0,50.0,0.0,23.0,78.0,0.0,44.0,70.0,0.0,109.0,59.0,30.0,28.0,32.0,0.0,49.0,2.0,90.0,3.0,16.0,85.0,2.0,20.0
307,71.0,37.0,8.0,33.0,0.0,4.0,42.0,28.0,31.0,29.0,2.0,82.0,30.0,24.0,47.0,0.0,15.0,0.0,43.0,89.0,45.0,97.0,22.0,9.0,0.0,27.0,1.0,49.0,14.0,0.0,110.0,77.0,0.0,43.0,72.0,0.0,40.0,15.0,11.0,38.0,22.0,48.0,23.0,0.0,27.0,20.0,23.0,26.0,0.0,22.0,19.0,58.0,50.0,0.0,12.0,0.0,61.0,11.0,3.0,46.0,0.0,11.0,38.0,0.0,55.0,27.0,42.0,0.0,6.0,0.0,39.0,0.0,9.0,5.0,35.0,0.0,0.0,49.0,40.0,0.0,30.0,64.0,9.0,20.0,117.0,3.0,66.0,56.0,0.0,23.0,41.0,0.0,42.0,24.0,80.0,0.0,12.0,105.0,28.0,53.0
308,47.0,20.0,37.0,11.0,0.0,8.0,0.0,0.0,61.0,0.0,8.0,50.0,47.0,19.0,72.0,33.0,0.0,0.0,46.0,27.0,43.0,92.0,0.0,13.0,16.0,26.0,24.0,90.0,52.0,0.0,145.0,59.0,0.0,0.0,69.0,0.0,56.0,1.0,7.0,0.0,20.0,20.0,32.0,0.0,22.0,52.0,9.0,6.0,0.0,0.0,53.0,73.0,29.0,0.0,59.0,18.0,35.0,66.0,43.0,33.0,0.0,37.0,18.0,26.0,98.0,46.0,59.0,0.0,0.0,0.0,33.0,0.0,0.0,18.0,0.0,35.0,0.0,36.0,46.0,19.0,58.0,51.0,63.0,25.0,97.0,94.0,45.0,137.0,2.0,12.0,56.0,0.0,4.0,28.0,14.0,9.0,18.0,162.0,58.0,58.0
309,34.0,0.0,2.0,3.0,0.0,0.0,33.0,0.0,60.0,17.0,0.0,46.0,10.0,9.0,38.0,14.0,51.0,0.0,38.0,1.0,112.0,17.0,36.0,26.0,23.0,2.0,23.0,29.0,70.0,0.0,154.0,78.0,0.0,0.0,42.0,31.0,25.0,1.0,39.0,0.0,18.0,56.0,0.0,0.0,18.0,20.0,18.0,0.0,0.0,23.0,54.0,78.0,31.0,49.0,67.0,0.0,17.0,48.0,84.0,0.0,25.0,79.0,23.0,23.0,40.0,54.0,67.0,0.0,49.0,0.0,53.0,1.0,0.0,0.0,0.0,0.0,4.0,100.0,135.0,0.0,56.0,20.0,52.0,8.0,43.0,10.0,69.0,19.0,39.0,64.0,54.0,0.0,43.0,25.0,61.0,0.0,20.0,22.0,64.0,82.0
310,18.0,0.0,0.0,0.0,13.0,0.0,25.0,13.0,57.0,33.0,0.0,63.0,29.0,14.0,26.0,0.0,22.0,0.0,16.0,29.0,90.0,33.0,17.0,33.0,0.0,4.0,96.0,17.0,175.0,0.0,112.0,24.0,0.0,0.0,6.0,0.0,24.0,47.0,0.0,0.0,50.0,6.0,1.0,1.0,31.0,20.0,62.0,48.0,0.0,35.0,15.0,24.0,30.0,139.0,60.0,0.0,35.0,16.0,76.0,0.0,42.0,42.0,0.0,16.0,112.0,41.0,0.0,0.0,57.0,0.0,75.0,0.0,13.0,91.0,22.0,18.0,43.0,134.0,79.0,0.0,26.0,28.0,0.0,18.0,57.0,0.0,46.0,124.0,36.0,24.0,33.0,0.0,0.0,17.0,44.0,3.0,62.0,48.0,71.0,83.0
311,54.0,40.0,20.0,2.0,11.0,2.0,22.0,19.0,24.0,0.0,27.0,20.0,33.0,1.0,99.0,19.0,22.0,0.0,57.0,18.0,23.0,105.0,0.0,21.0,0.0,37.0,5.0,23.0,130.0,0.0,68.0,34.0,0.0,0.0,18.0,0.0,47.0,79.0,24.0,0.0,57.0,42.0,17.0,0.0,46.0,84.0,49.0,64.0,0.0,0.0,0.0,57.0,9.0,96.0,0.0,0.0,57.0,18.0,83.0,0.0,5.0,8.0,0.0,20.0,5.0,93.0,23.0,19.0,15.0,0.0,61.0,0.0,0.0,38.0,20.0,0.0,15.0,126.0,53.0,0.0,42.0,13.0,0.0,69.0,40.0,0.0,36.0,167.0,66.0,0.0,0.0,0.0,79.0,15.0,3.0,64.0,69.0,40.0,77.0,67.0
312,139.0,26.0,44.0,7.0,44.0,0.0,99.0,0.0,95.0,14.0,60.0,0.0,0.0,0.0,82.0,53.0,32.0,0.0,40.0,0.0,45.0,68.0,0.0,37.0,0.0,76.0,0.0,44.0,1.0,0.0,68.0,38.0,0.0,0.0,17.0,0.0,64.0,32.0,60.0,37.0,7.0,61.0,9.0,0.0,28.0,112.0,49.0,99.0,0.0,0.0,0.0,31.0,21.0,29.0,0.0,0.0,23.0,60.0,0.0,0.0,21.0,21.0,27.0,7.0,51.0,61.0,15.0,10.0,0.0,0.0,51.0,0.0,69.0,4.0,49.0,0.0,120.0,88.0,62.0,0.0,94.0,80.0,10.0,27.0,0.0,12.0,0.0,178.0,0.0,26.0,0.0,0.0,31.0,0.0,85.0,37.0,21.0,25.0,51.0,9.0
313,97.0,19.0,62.0,42.0,0.0,0.0,93.0,43.0,30.0,33.0,0.0,0.0,45.0,23.0,25.0,0.0,2.0,0.0,116.0,17.0,129.0,87.0,0.0,25.0,0.0,95.0,29.0,18.0,62.0,0.0,138.0,98.0,0.0,12.0,43.0,0.0,101.0,29.0,26.0,0.0,25.0,69.0,0.0,0.0,46.0,16.0,10.0,120.0,0.0,0.0,52.0,73.0,11.0,16.0,85.0,22.0,0.0,8.0,45.0,36.0,11.0,50.0,28.0,0.0,45.0,41.0,59.0,0.0,0.0,0.0,45.0,0.0,23.0,14.0,5.0,21.0,39.0,0.0,103.0,0.0,34.0,63.0,12.0,0.0,43.0,26.0,0.0,116.0,0.0,0.0,12.0,0.0,19.0,35.0,32.0,31.0,55.0,24.0,58.0,46.0
314,89.0,46.0,31.0,83.0,0.0,0.0,60.0,15.0,90.0,23.0,0.0,32.0,33.0,19.0,49.0,0.0,0.0,0.0,74.0,23.0,44.0,22.0,1.0,73.0,7.0,20.0,1.0,23.0,36.0,0.0,76.0,70.0,0.0,22.0,2.0,42.0,71.0,0.0,40.0,29.0,18.0,88.0,0.0,0.0,0.0,21.0,0.0,76.0,0.0,11.0,43.0,151.0,37.0,27.0,89.0,17.0,21.0,0.0,62.0,66.0,21.0,72.0,0.0,0.0,24.0,69.0,164.0,0.0,0.0,10.0,13.0,0.0,8.0,34.0,12.0,0.0,52.0,23.0,62.0,0.0,0.0,82.0,58.0,0.0,97.0,0.0,30.0,40.0,36.0,0.0,16.0,0.0,108.0,2.0,64.0,0.0,13.0,84.0,55.0,63.0
315,84.0,47.0,19.0,59.0,0.0,0.0,100.0,71.0,42.0,3.0,25.0,59.0,13.0,64.0,112.0,0.0,0.0,0.0,17.0,35.0,10.0,130.0,56.0,50.0,0.0,0.0,3.0,31.0,34.0,0.0,34.0,1.0,0.0,28.0,37.0,4.0,61.0,33.0,55.0,11.0,0.0,90.0,22.0,0.0,39.0,0.0,11.0,113.0,0.0,0.0,1.0,71.0,0.0,4.0,67.0,0.0,92.0,0.0,31.0,28.0,17.0,116.0,0.0,12.0,7.0,62.0,224.0,0.0,9.0,21.0,29.0,0.0,0.0,0.0,2.0,7.0,87.0,79.0,51.0,0.0,32.0,83.0,107.0,28.0,94.0,3.0,20.0,44.0,12.0,26.0,37.0,0.0,39.0,0.0,47.0,0.0,2.0,24.0,52.0,25.0
316,34.0,18.0,8.0,0.0,13.0,0.0,45.0,48.0,25.0,44.0,0.0,98.0,8.0,38.0,75.0,0.0,0.0,7.0,110.0,29.0,40.0,109.0,35.0,3.0,0.0,77.0,33.0,0.0,32.0,0.0,87.0,0.0,0.0,14.0,23.0,41.0,38.0,0.0,0.0,7.0,61.0,36.0,1.0,0.0,16.0,0.0,11.0,60.0,0.0,0.0,1.0,62.0,7.0,42.0,67.0,0.0,59.0,0.0,0.0,9.0,35.0,63.0,0.0,0.0,22.0,72.0,82.0,2.0,0.0,7.0,87.0,0.0,37.0,22.0,1.0,32.0,114.0,53.0,5.0,0.0,0.0,93.0,15.0,43.0,50.0,2.0,100.0,24.0,25.0,56.0,24.0,0.0,40.0,3.0,20.0,0.0,32.0,93.0,67.0,59.0
317,15.0,0.0,0.0,25.0,19.0,0.0,117.0,23.0,63.0,27.0,0.0,0.0,17.0,1.0,67.0,0.0,6.0,0.0,115.0,31.0,68.0,149.0,0.0,43.0,0.0,18.0,35.0,4.0,47.0,0.0,36.0,0.0,0.0,0.0,81.0,5.0,73.0,0.0,0.0,0.0,43.0,51.0,6.0,0.0,44.0,14.0,26.0,9.0,12.0,56.0,15.0,54.0,6.0,0.0,0.0,0.0,59.0,8.0,11.0,0.0,56.0,56.0,0.0,9.0,0.0,24.0,37.0,8.0,29.0,24.0,54.0,0.0,4.0,21.0,84.0,3.0,59.0,109.0,19.0,0.0,0.0,76.0,0.0,28.0,43.0,0.0,40.0,87.0,38.0,69.0,28.0,10.0,55.0,29.0,64.0,0.0,0.0,126.0,80.0,79.0
318,90.0,17.0,59.0,0.0,0.0,0.0,54.0,24.0,29.0,0.0,0.0,0.0,18.0,0.0,84.0,31.0,30.0,22.0,105.0,0.0,77.0,129.0,21.0,5.0,23.0,25.0,0.0,16.0,70.0,0.0,15.0,0.0,0.0,0.0,46.0,0.0,47.0,34.0,36.0,0.0,37.0,70.0,75.0,0.0,28.0,48.0,0.0,58.0,0.0,20.0,5.0,61.0,4.0,0.0,42.0,12.0,30.0,0.0,0.0,20.0,0.0,75.0,0.0,51.0,73.0,17.0,68.0,0.0,81.0,46.0,75.0,0.0,11.0,0.0,36.0,0.0,42.0,40.0,97.0,0.0,19.0,94.0,20.0,1.0,38.0,10.0,10.0,56.0,35.0,4.0,0.0,0.0,0.0,29.0,76.0,0.0,17.0,83.0,20.0,31.0
319,51.0,40.0,14.0,0.0,0.0,0.0,41.0,10.0,37.0,24.0,75.0,35.0,34.0,0.0,44.0,32.0,16.0,0.0,52.0,34.0,49.0,50.0,11.0,4.0,0.0,44.0,0.0,17.0,51.0,0.0,64.0,2.0,0.0,0.0,20.0,28.0,35.0,71.0,7.0,0.0,4.0,41.0,20.0,0.0,31.0,44.0,0.0,53.0,0.0,47.0,24.0,89.0,19.0,27.0,14.0,0.0,82.0,62.0,29.0,16.0,13.0,52.0,0.0,11.0,31.0,50.0,0.0,0.0,13.0,20.0,37.0,0.0,15.0,13.0,29.0,17.0,40.0,37.0,45.0,2.0,16.0,17.0,25.0,34.0,86.0,47.0,77.0,41.0,28.0,0.0,0.0,0.0,3.0,26.0,7.0,0.0,34.0,26.0,9.0,19.0
320,56.0,15.0,27.0,0.0,0.0,0.0,61.0,27.0,54.0,0.0,12.0,12.0,87.0,28.0,61.0,0.0,23.0,0.0,0.0,2.0,73.0,41.0,22.0,59.0,18.0,36.0,3.0,47.0,39.0,31.0,55.0,3.0,0.0,0.0,0.0,28.0,97.0,43.0,13.0,0.0,21.0,73.0,0.0,0.0,0.0,0.0,0.0,43.0,0.0,15.0,45.0,6.0,70.0,36.0,33.0,20.0,45.0,76.0,56.0,23.0,0.0,0.0,31.0,50.0,92.0,0.0,52.0,0.0,0.0,0.0,9.0,0.0,0.0,4.0,66.0,73.0,58.0,37.0,89.0,0.0,0.0,0.0,75.0,54.0,138.0,58.0,16.0,61.0,59.0,5.0,46.0,6.0,83.0,40.0,22.0,4.0,0.0,69.0,12.0,32.0
321,71.0,11.0,55.0,17.0,0.0,0.0,42.0,29.0,45.0,0.0,0.0,7.0,21.0,0.0,53.0,0.0,16.0,0.0,30.0,0.0,105.0,30.0,46.0,99.0,5.0,2.0,7.0,78.0,50.0,0.0,119.0,0.0,0.0,0.0,30.0,30.0,67.0,8.0,0.0,42.0,30.0,117.0,0.0,0.0,0.0,0.0,8.0,60.0,0.0,1.0,64.0,78.0,30.0,53.0,51.0,27.0,39.0,24.0,0.0,8.0,15.0,31.0,22.0,10.0,62.0,62.0,101.0,0.0,28.0,47.0,24.0,0.0,0.0,0.0,50.0,48.0,66.0,0.0,89.0,0.0,70.0,22.0,74.0,25.0,106.0,76.0,9.0,116.0,54.0,0.0,25.0,3.0,55.0,0.0,0.0,0.0,0.0,29.0,0.0,39.0
322,105.0,0.0,31.0,0.0,0.0,0.0,72.0,0.0,139.0,0.0,0.0,95.0,25.0,0.0,18.0,43.0,32.0,0.0,81.0,0.0,11.0,9.0,50.0,67.0,0.0,2.0,62.0,3.0,3.0,0.0,139.0,0.0,0.0,34.0,15.0,0.0,77.0,0.0,0.0,57.0,0.0,100.0,22.0,0.0,0.0,0.0,2.0,14.0,0.0,0.0,91.0,69.0,6.0,72.0,13.0,0.0,65.0,2.0,39.0,15.0,0.0,37.0,29.0,0.0,0.0,79.0,192.0,0.0,61.0,4.0,58.0,0.0,6.0,39.0,46.0,34.0,95.0,0.0,96.0,0.0,15.0,25.0,54.0,17.0,164.0,24.0,5.0,48.0,13.0,0.0,7.0,12.0,19.0,0.0,33.0,0.0,0.0,57.0,55.0,154.0
323,52.0,28.0,32.0,21.0,0.0,0.0,50.0,54.0,99.0,63.0,0.0,55.0,32.0,42.0,1.0,7.0,0.0,0.0,105.0,7.0,54.0,46.0,36.0,0.0,5.0,4.0,3.0,26.0,41.0,0.0,31.0,18.0,0.0,43.0,67.0,0.0,57.0,22.0,3.0,31.0,20.0,111.0,43.0,0.0,39.0,28.0,18.0,91.0,0.0,0.0,6.0,68.0,0.0,0.0,0.0,17.0,5.0,6.0,77.0,36.0,0.0,1.0,0.0,2.0,55.0,102.0,119.0,0.0,0.0,4.0,21.0,0.0,20.0,15.0,66.0,34.0,63.0,143.0,19.0,0.0,0.0,41.0,69.0,33.0,76.0,11.0,0.0,70.0,26.0,0.0,49.0,0.0,60.0,0.0,23.0,27.0,17.0,58.0,31.0,105.0
324,63.0,5.0,14.0,0.0,0.0,0.0,73.0,15.0,0.0,60.0,76.0,37.0,47.0,16.0,41.0,33.0,0.0,0.0,70.0,0.0,58.0,115.0,37.0,0.0,0.0,25.0,44.0,0.0,52.0,0.0,71.0,0.0,0.0,41.0,36.0,0.0,58.0,38.0,0.0,26.0,28.0,62.0,39.0,2.0,0.0,15.0,62.0,35.0,0.0,14.0,0.0,0.0,45.0,0.0,52.0,0.0,83.0,16.0,74.0,0.0,30.0,23.0,0.0,27.0,21.0,63.0,38.0,0.0,37.0,19.0,22.0,0.0,33.0,30.0,24.0,0.0,49.0,152.0,10.0,0.0,37.0,34.0,16.0,0.0,51.0,20.0,24.0,128.0,58.0,0.0,52.0,0.0,27.0,0.0,101.0,12.0,4.0,84.0,18.0,80.0
325,70.0,22.0,33.0,3.0,0.0,0.0,85.0,45.0,12.0,126.0,42.0,105.0,21.0,1.0,68.0,28.0,57.0,0.0,12.0,0.0,80.0,103.0,0.0,0.0,0.0,44.0,34.0,0.0,107.0,0.0,49.0,12.0,0.0,13.0,0.0,0.0,51.0,1.0,0.0,22.0,25.0,64.0,9.0,0.0,17.0,36.0,93.0,80.0,0.0,0.0,8.0,37.0,101.0,21.0,55.0,0.0,73.0,35.0,58.0,3.0,6.0,68.0,21.0,42.0,27.0,46.0,117.0,0.0,30.0,0.0,32.0,0.0,0.0,20.0,20.0,0.0,45.0,104.0,15.0,0.0,34.0,29.0,17.0,37.0,30.0,0.0,82.0,93.0,27.0,0.0,56.0,0.0,70.0,12.0,84.0,24.0,1.0,63.0,31.0,23.0
326,88.0,31.0,20.0,0.0,0.0,0.0,53.0,6.0,42.0,4.0,99.0,112.0,37.0,8.0,88.0,0.0,25.0,0.0,0.0,62.0,5.0,105.0,12.0,36.0,0.0,57.0,21.0,3.0,62.0,0.0,83.0,81.0,0.0,6.0,95.0,0.0,42.0,54.0,0.0,7.0,24.0,105.0,4.0,0.0,36.0,3.0,21.0,14.0,0.0,0.0,0.0,5.0,33.0,0.0,19.0,30.0,81.0,26.0,61.0,11.0,9.0,20.0,86.0,33.0,0.0,7.0,80.0,0.0,37.0,32.0,25.0,0.0,26.0,53.0,28.0,0.0,79.0,98.0,52.0,0.0,25.0,66.0,0.0,47.0,62.0,0.0,116.0,73.0,26.0,29.0,28.0,0.0,43.0,3.0,109.0,2.0,18.0,7.0,0.0,9.0
327,75.0,30.0,12.0,32.0,0.0,3.0,30.0,26.0,36.0,24.0,0.0,79.0,19.0,27.0,48.0,0.0,12.0,0.0,36.0,97.0,49.0,111.0,20.0,16.0,0.0,35.0,0.0,52.0,17.0,0.0,124.0,72.0,0.0,13.0,76.0,0.0,36.0,11.0,13.0,31.0,23.0,52.0,22.0,0.0,31.0,28.0,24.0,31.0,0.0,20.0,18.0,63.0,31.0,0.0,9.0,0.0,59.0,19.0,4.0,27.0,0.0,0.0,38.0,0.0,55.0,28.0,48.0,0.0,8.0,0.0,46.0,0.0,7.0,0.0,32.0,0.0,0.0,52.0,42.0,0.0,25.0,60.0,0.0,18.0,110.0,0.0,75.0,76.0,0.0,22.0,37.0,0.0,39.0,26.0,83.0,0.0,10.0,104.0,22.0,37.0
328,43.0,16.0,42.0,10.0,0.0,0.0,0.0,0.0,61.0,0.0,1.0,48.0,46.0,22.0,79.0,31.0,0.0,0.0,20.0,30.0,27.0,107.0,0.0,16.0,1.0,31.0,28.0,87.0,50.0,0.0,161.0,58.0,0.0,0.0,68.0,0.0,59.0,0.0,9.0,0.0,22.0,22.0,36.0,0.0,26.0,55.0,7.0,4.0,0.0,0.0,53.0,74.0,29.0,0.0,62.0,15.0,34.0,65.0,0.0,20.0,0.0,53.0,13.0,26.0,109.0,50.0,61.0,0.0,0.0,0.0,42.0,0.0,0.0,14.0,0.0,26.0,0.0,47.0,73.0,17.0,47.0,61.0,60.0,18.0,96.0,94.0,49.0,3.0,0.0,9.0,57.0,0.0,0.0,30.0,15.0,1.0,13.0,164.0,55.0,49.0
329,34.0,0.0,6.0,1.0,0.0,0.0,23.0,0.0,64.0,19.0,0.0,55.0,6.0,9.0,46.0,11.0,44.0,0.0,50.0,0.0,120.0,12.0,37.0,21.0,5.0,3.0,22.0,26.0,75.0,0.0,151.0,70.0,0.0,0.0,38.0,13.0,22.0,7.0,36.0,0.0,17.0,55.0,0.0,0.0,18.0,17.0,17.0,0.0,0.0,17.0,47.0,72.0,25.0,58.0,65.0,0.0,24.0,46.0,0.0,0.0,21.0,89.0,17.0,18.0,43.0,62.0,65.0,0.0,47.0,0.0,55.0,0.0,0.0,0.0,0.0,0.0,19.0,94.0,150.0,0.0,67.0,22.0,55.0,14.0,54.0,9.0,76.0,26.0,33.0,63.0,53.0,0.0,45.0,28.0,55.0,0.0,18.0,34.0,64.0,87.0
330,22.0,0.0,0.0,0.0,2.0,0.0,34.0,0.0,54.0,26.0,0.0,65.0,31.0,13.0,37.0,0.0,15.0,0.0,19.0,26.0,98.0,46.0,10.0,44.0,0.0,12.0,101.0,21.0,190.0,0.0,120.0,31.0,0.0,0.0,0.0,0.0,33.0,51.0,0.0,0.0,6.0,7.0,1.0,0.0,0.0,15.0,60.0,45.0,0.0,37.0,11.0,32.0,26.0,139.0,69.0,0.0,32.0,24.0,73.0,0.0,34.0,49.0,0.0,16.0,115.0,52.0,0.0,0.0,0.0,0.0,85.0,0.0,11.0,75.0,26.0,16.0,56.0,149.0,94.0,0.0,27.0,22.0,0.0,19.0,54.0,0.0,41.0,140.0,30.0,24.0,30.0,0.0,0.0,18.0,38.0,6.0,53.0,58.0,81.0,89.0
331,71.0,40.0,25.0,0.0,1.0,1.0,23.0,16.0,46.0,0.0,20.0,23.0,25.0,0.0,0.0,19.0,15.0,0.0,67.0,13.0,18.0,118.0,0.0,27.0,0.0,45.0,7.0,22.0,138.0,0.0,72.0,32.0,0.0,0.0,13.0,0.0,52.0,85.0,23.0,0.0,61.0,50.0,21.0,0.0,57.0,78.0,48.0,53.0,0.0,0.0,0.0,49.0,12.0,95.0,3.0,0.0,54.0,22.0,98.0,0.0,0.0,10.0,0.0,19.0,2.0,92.0,15.0,15.0,13.0,0.0,69.0,0.0,0.0,39.0,22.0,0.0,32.0,120.0,4.0,0.0,36.0,22.0,0.0,36.0,52.0,0.0,36.0,207.0,61.0,0.0,0.0,0.0,89.0,16.0,0.0,64.0,67.0,49.0,82.0,72.0
332,81.0,7.0,44.0,9.0,30.0,0.0,103.0,0.0,105.0,16.0,60.0,3.0,0.0,1.0,99.0,47.0,31.0,0.0,50.0,1.0,46.0,85.0,0.0,43.0,0.0,83.0,0.0,39.0,4.0,0.0,73.0,37.0,0.0,0.0,10.0,0.0,68.0,36.0,60.0,35.0,8.0,60.0,12.0,0.0,34.0,121.0,49.0,124.0,0.0,0.0,0.0,37.0,26.0,22.0,3.0,0.0,31.0,60.0,7.0,0.0,18.0,32.0,16.0,2.0,48.0,61.0,17.0,0.0,0.0,0.0,0.0,0.0,65.0,2.0,4.0,0.0,138.0,96.0,73.0,0.0,88.0,82.0,9.0,26.0,0.0,11.0,0.0,205.0,0.0,20.0,0.0,0.0,33.0,2.0,91.0,33.0,20.0,33.0,53.0,11.0
333,111.0,4.0,69.0,44.0,0.0,0.0,100.0,46.0,41.0,28.0,0.0,4.0,40.0,29.0,41.0,0.0,0.0,0.0,126.0,14.0,140.0,98.0,0.0,26.0,0.0,94.0,29.0,15.0,64.0,0.0,139.0,97.0,0.0,7.0,44.0,0.0,108.0,30.0,32.0,0.0,21.0,0.0,3.0,0.0,50.0,15.0,3.0,136.0,0.0,0.0,46.0,88.0,14.0,6.0,91.0,19.0,11.0,6.0,50.0,29.0,7.0,59.0,6.0,0.0,52.0,40.0,67.0,0.0,2.0,3.0,46.0,0.0,21.0,8.0,9.0,21.0,62.0,0.0,117.0,0.0,30.0,57.0,8.0,0.0,44.0,23.0,0.0,139.0,0.0,0.0,11.0,0.0,25.0,38.0,18.0,30.0,51.0,31.0,52.0,40.0
334,8.0,47.0,40.0,79.0,0.0,0.0,66.0,16.0,94.0,26.0,0.0,39.0,37.0,17.0,65.0,0.0,0.0,0.0,85.0,28.0,52.0,26.0,0.0,69.0,2.0,22.0,0.0,18.0,40.0,0.0,71.0,66.0,0.0,20.0,0.0,39.0,72.0,2.0,37.0,22.0,16.0,84.0,0.0,0.0,2.0,17.0,0.0,84.0,0.0,7.0,46.0,164.0,0.0,17.0,97.0,15.0,29.0,0.0,64.0,65.0,13.0,83.0,0.0,0.0,27.0,84.0,182.0,0.0,0.0,13.0,25.0,0.0,6.0,34.0,11.0,0.0,66.0,33.0,78.0,0.0,0.0,91.0,56.0,2.0,0.0,0.0,35.0,58.0,35.0,0.0,17.0,0.0,112.0,5.0,60.0,0.0,8.0,87.0,55.0,59.0
335,99.0,48.0,23.0,63.0,0.0,0.0,105.0,77.0,56.0,3.0,22.0,69.0,12.0,61.0,116.0,0.0,0.0,0.0,16.0,38.0,7.0,133.0,56.0,60.0,0.0,5.0,0.0,22.0,31.0,0.0,35.0,0.0,0.0,20.0,35.0,1.0,58.0,35.0,55.0,7.0,0.0,106.0,29.0,0.0,38.0,0.0,10.0,117.0,0.0,0.0,0.0,73.0,4.0,0.0,72.0,0.0,98.0,0.0,30.0,20.0,18.0,119.0,0.0,9.0,4.0,69.0,245.0,0.0,4.0,26.0,36.0,0.0,0.0,0.0,0.0,5.0,107.0,87.0,53.0,0.0,24.0,90.0,119.0,26.0,0.0,3.0,28.0,61.0,12.0,26.0,39.0,0.0,42.0,2.0,37.0,0.0,0.0,31.0,53.0,26.0
336,53.0,19.0,11.0,0.0,0.0,0.0,43.0,52.0,24.0,39.0,0.0,104.0,7.0,48.0,85.0,0.0,0.0,4.0,121.0,29.0,39.0,111.0,39.0,1.0,0.0,80.0,34.0,0.0,33.0,0.0,102.0,0.0,0.0,3.0,29.0,37.0,50.0,4.0,0.0,6.0,65.0,57.0,6.0,0.0,11.0,0.0,9.0,62.0,0.0,0.0,0.0,53.0,13.0,37.0,71.0,0.0,59.0,5.0,0.0,6.0,33.0,72.0,0.0,0.0,20.0,75.0,78.0,0.0,0.0,12.0,96.0,0.0,34.0,21.0,0.0,32.0,118.0,57.0,20.0,0.0,0.0,98.0,18.0,53.0,49.0,3.0,106.0,35.0,17.0,56.0,27.0,0.0,46.0,5.0,14.0,0.0,25.0,115.0,69.0,68.0
337,31.0,0.0,4.0,19.0,7.0,0.0,127.0,25.0,65.0,32.0,0.0,14.0,18.0,2.0,89.0,0.0,0.0,0.0,128.0,35.0,68.0,150.0,0.0,20.0,0.0,14.0,37.0,1.0,54.0,0.0,44.0,0.0,0.0,0.0,83.0,2.0,77.0,4.0,0.0,0.0,48.0,61.0,8.0,0.0,39.0,14.0,25.0,0.0,12.0,13.0,13.0,53.0,13.0,0.0,2.0,0.0,62.0,5.0,9.0,0.0,47.0,60.0,0.0,11.0,0.0,21.0,29.0,5.0,34.0,29.0,65.0,0.0,1.0,12.0,102.0,6.0,75.0,114.0,36.0,0.0,0.0,75.0,0.0,34.0,70.0,0.0,47.0,114.0,34.0,70.0,31.0,9.0,59.0,34.0,55.0,0.0,0.0,140.0,75.0,84.0
338,106.0,19.0,64.0,0.0,0.0,0.0,45.0,24.0,41.0,1.0,0.0,2.0,18.0,0.0,98.0,29.0,23.0,0.0,108.0,2.0,94.0,134.0,23.0,9.0,16.0,23.0,0.0,20.0,71.0,0.0,16.0,0.0,0.0,0.0,50.0,0.0,54.0,40.0,31.0,0.0,36.0,70.0,78.0,0.0,27.0,48.0,0.0,52.0,0.0,16.0,8.0,54.0,7.0,0.0,45.0,9.0,46.0,0.0,0.0,15.0,0.0,75.0,0.0,53.0,81.0,7.0,70.0,0.0,86.0,50.0,84.0,0.0,7.0,0.0,46.0,1.0,54.0,30.0,110.0,0.0,23.0,98.0,20.0,6.0,60.0,13.0,15.0,71.0,43.0,0.0,4.0,0.0,5.0,31.0,87.0,0.0,13.0,96.0,17.0,30.0
339,82.0,41.0,17.0,0.0,0.0,0.0,30.0,11.0,46.0,22.0,74.0,37.0,28.0,0.0,52.0,25.0,12.0,0.0,42.0,36.0,59.0,64.0,4.0,0.0,0.0,43.0,0.0,17.0,58.0,0.0,57.0,3.0,0.0,0.0,18.0,24.0,29.0,69.0,4.0,0.0,2.0,40.0,23.0,0.0,37.0,38.0,0.0,52.0,0.0,51.0,26.0,88.0,33.0,26.0,19.0,0.0,90.0,65.0,42.0,11.0,10.0,46.0,0.0,15.0,31.0,47.0,13.0,0.0,21.0,24.0,46.0,0.0,13.0,15.0,30.0,13.0,56.0,34.0,65.0,0.0,12.0,19.0,27.0,35.0,99.0,55.0,87.0,53.0,30.0,0.0,4.0,0.0,2.0,32.0,14.0,0.0,30.0,34.0,4.0,4.0
340,80.0,8.0,35.0,0.0,0.0,0.0,46.0,23.0,72.0,0.0,5.0,10.0,96.0,29.0,63.0,0.0,17.0,0.0,0.0,1.0,83.0,51.0,29.0,61.0,8.0,40.0,0.0,0.0,47.0,28.0,44.0,6.0,0.0,0.0,0.0,25.0,103.0,51.0,13.0,0.0,19.0,60.0,0.0,0.0,1.0,0.0,1.0,55.0,0.0,16.0,48.0,16.0,79.0,37.0,31.0,17.0,54.0,49.0,58.0,18.0,0.0,0.0,28.0,48.0,91.0,0.0,56.0,0.0,0.0,1.0,7.0,0.0,0.0,3.0,75.0,80.0,60.0,29.0,96.0,0.0,0.0,1.0,40.0,62.0,182.0,65.0,26.0,62.0,60.0,8.0,52.0,4.0,94.0,43.0,24.0,1.0,0.0,71.0,2.0,27.0
341,91.0,10.0,59.0,10.0,0.0,0.0,50.0,33.0,54.0,6.0,0.0,5.0,10.0,1.0,70.0,0.0,15.0,0.0,27.0,0.0,105.0,35.0,49.0,98.0,2.0,0.0,11.0,76.0,51.0,0.0,109.0,5.0,0.0,0.0,33.0,26.0,62.0,6.0,0.0,39.0,37.0,119.0,0.0,0.0,0.0,0.0,9.0,65.0,0.0,0.0,63.0,81.0,36.0,54.0,49.0,21.0,46.0,26.0,15.0,1.0,13.0,22.0,20.0,13.0,66.0,53.0,118.0,0.0,29.0,48.0,32.0,0.0,0.0,0.0,53.0,52.0,66.0,0.0,122.0,0.0,72.0,22.0,78.0,31.0,117.0,80.0,9.0,126.0,55.0,3.0,33.0,1.0,60.0,3.0,5.0,0.0,0.0,20.0,0.0,25.0
342,110.0,0.0,32.0,0.0,0.0,0.0,80.0,1.0,150.0,0.0,0.0,108.0,23.0,3.0,34.0,37.0,29.0,0.0,87.0,4.0,17.0,10.0,47.0,67.0,0.0,0.0,0.0,15.0,4.0,0.0,132.0,0.0,0.0,30.0,17.0,0.0,59.0,0.0,0.0,53.0,0.0,106.0,30.0,0.0,0.0,4.0,9.0,20.0,0.0,0.0,83.0,76.0,18.0,74.0,8.0,0.0,74.0,10.0,43.0,10.0,0.0,27.0,23.0,0.0,0.0,78.0,194.0,0.0,57.0,6.0,56.0,0.0,3.0,39.0,44.0,33.0,102.0,0.0,109.0,0.0,20.0,18.0,58.0,22.0,169.0,26.0,19.0,49.0,14.0,4.0,7.0,9.0,17.0,0.0,0.0,0.0,0.0,53.0,66.0,168.0
343,58.0,30.0,33.0,21.0,0.0,0.0,55.0,56.0,105.0,67.0,0.0,83.0,37.0,43.0,16.0,0.0,0.0,0.0,105.0,7.0,54.0,43.0,32.0,0.0,3.0,6.0,15.0,28.0,51.0,0.0,26.0,21.0,0.0,40.0,67.0,0.0,49.0,27.0,2.0,33.0,17.0,121.0,21.0,0.0,34.0,31.0,22.0,17.0,0.0,0.0,0.0,74.0,8.0,0.0,0.0,15.0,15.0,7.0,75.0,33.0,0.0,0.0,0.0,1.0,55.0,121.0,125.0,0.0,0.0,5.0,25.0,0.0,19.0,14.0,62.0,33.0,72.0,98.0,29.0,0.0,2.0,43.0,73.0,38.0,79.0,10.0,13.0,86.0,24.0,5.0,61.0,0.0,73.0,2.0,23.0,24.0,14.0,51.0,32.0,118.0
344,75.0,2.0,11.0,0.0,0.0,0.0,77.0,14.0,9.0,74.0,72.0,39.0,42.0,22.0,48.0,31.0,0.0,0.0,63.0,0.0,53.0,108.0,37.0,0.0,0.0,27.0,52.0,3.0,73.0,0.0,53.0,15.0,0.0,37.0,49.0,0.0,58.0,45.0,0.0,22.0,36.0,57.0,35.0,0.0,0.0,19.0,72.0,35.0,0.0,14.0,0.0,8.0,54.0,0.0,59.0,0.0,88.0,15.0,94.0,0.0,29.0,34.0,0.0,30.0,31.0,66.0,26.0,0.0,30.0,20.0,25.0,0.0,28.0,26.0,23.0,0.0,62.0,161.0,11.0,0.0,40.0,31.0,11.0,4.0,58.0,19.0,25.0,133.0,60.0,7.0,62.0,0.0,27.0,1.0,93.0,6.0,3.0,74.0,11.0,75.0
345,79.0,19.0,32.0,0.0,0.0,0.0,89.0,49.0,6.0,124.0,48.0,69.0,11.0,0.0,73.0,25.0,52.0,0.0,4.0,0.0,77.0,99.0,0.0,0.0,0.0,53.0,35.0,8.0,100.0,0.0,31.0,27.0,0.0,7.0,0.0,0.0,51.0,2.0,0.0,17.0,23.0,63.0,5.0,0.0,16.0,31.0,93.0,96.0,0.0,0.0,4.0,45.0,105.0,24.0,62.0,0.0,85.0,30.0,66.0,0.0,8.0,71.0,18.0,45.0,32.0,47.0,103.0,0.0,29.0,2.0,47.0,0.0,0.0,23.0,20.0,0.0,0.0,103.0,4.0,0.0,40.0,33.0,18.0,31.0,30.0,0.0,91.0,119.0,28.0,8.0,63.0,0.0,62.0,12.0,105.0,23.0,0.0,52.0,41.0,12.0
346,112.0,29.0,25.0,0.0,0.0,0.0,56.0,8.0,40.0,9.0,95.0,2.0,42.0,7.0,105.0,0.0,18.0,0.0,0.0,70.0,0.0,97.0,11.0,45.0,0.0,55.0,24.0,3.0,65.0,0.0,78.0,87.0,0.0,0.0,93.0,0.0,40.0,50.0,0.0,4.0,27.0,96.0,0.0,0.0,43.0,0.0,29.0,19.0,0.0,0.0,0.0,15.0,47.0,0.0,14.0,28.0,83.0,22.0,58.0,5.0,10.0,23.0,85.0,32.0,7.0,0.0,94.0,0.0,37.0,34.0,33.0,0.0,24.0,52.0,22.0,0.0,78.0,100.0,44.0,0.0,30.0,84.0,4.0,44.0,60.0,0.0,135.0,78.0,24.0,34.0,33.0,0.0,36.0,6.0,109.0,0.0,18.0,0.0,6.0,0.0
347,88.0,37.0,11.0,30.0,0.0,2.0,23.0,27.0,43.0,19.0,0.0,70.0,11.0,34.0,50.0,0.0,5.0,0.0,27.0,99.0,52.0,100.0,17.0,19.0,0.0,34.0,11.0,55.0,13.0,0.0,0.0,80.0,0.0,9.0,67.0,0.0,39.0,11.0,9.0,27.0,26.0,54.0,16.0,0.0,19.0,23.0,19.0,35.0,0.0,18.0,27.0,65.0,30.0,0.0,10.0,0.0,57.0,32.0,10.0,21.0,1.0,0.0,35.0,0.0,53.0,18.0,48.0,0.0,3.0,3.0,46.0,0.0,4.0,0.0,37.0,0.0,0.0,52.0,40.0,0.0,30.0,71.0,0.0,16.0,116.0,0.0,85.0,73.0,0.0,36.0,31.0,0.0,32.0,36.0,92.0,0.0,11.0,93.0,21.0,35.0
348,51.0,17.0,43.0,6.0,0.0,0.0,0.0,0.0,58.0,0.0,0.0,34.0,40.0,25.0,88.0,23.0,0.0,0.0,12.0,27.0,4.0,0.0,0.0,19.0,0.0,25.0,0.0,85.0,67.0,0.0,153.0,60.0,0.0,0.0,73.0,0.0,66.0,0.0,18.0,0.0,19.0,20.0,41.0,0.0,29.0,48.0,0.0,7.0,0.0,0.0,55.0,76.0,37.0,0.0,69.0,13.0,29.0,65.0,0.0,13.0,0.0,46.0,6.0,27.0,124.0,39.0,65.0,0.0,0.0,0.0,46.0,0.0,0.0,11.0,1.0,26.0,0.0,62.0,66.0,15.0,52.0,70.0,63.0,18.0,102.0,0.0,55.0,0.0,0.0,18.0,66.0,0.0,0.0,0.0,16.0,0.0,15.0,149.0,57.0,43.0
349,41.0,0.0,16.0,0.0,0.0,0.0,31.0,0.0,90.0,12.0,0.0,44.0,0.0,2.0,66.0,9.0,20.0,0.0,54.0,0.0,130.0,16.0,34.0,18.0,2.0,0.0,24.0,33.0,74.0,0.0,146.0,71.0,0.0,0.0,30.0,9.0,17.0,5.0,33.0,0.0,11.0,47.0,0.0,0.0,21.0,31.0,9.0,2.0,0.0,18.0,47.0,74.0,25.0,72.0,62.0,0.0,15.0,43.0,0.0,0.0,24.0,88.0,8.0,18.0,54.0,60.0,56.0,0.0,42.0,0.0,69.0,0.0,0.0,0.0,2.0,0.0,22.0,106.0,139.0,0.0,73.0,30.0,54.0,22.0,55.0,14.0,67.0,33.0,28.0,72.0,53.0,0.0,30.0,34.0,49.0,0.0,20.0,15.0,60.0,84.0
350,24.0,0.0,3.0,0.0,0.0,0.0,34.0,3.0,38.0,22.0,0.0,49.0,23.0,21.0,55.0,0.0,12.0,0.0,6.0,0.0,27.0,38.0,14.0,51.0,0.0,7.0,102.0,25.0,187.0,0.0,134.0,28.0,0.0,0.0,0.0,0.0,39.0,52.0,0.0,0.0,0.0,0.0,0.0,0.0,4.0,17.0,64.0,72.0,0.0,38.0,10.0,50.0,34.0,139.0,66.0,0.0,22.0,21.0,82.0,0.0,35.0,67.0,0.0,13.0,123.0,38.0,0.0,0.0,0.0,0.0,85.0,0.0,9.0,75.0,29.0,0.0,63.0,161.0,86.0,0.0,32.0,30.0,0.0,19.0,57.0,6.0,36.0,143.0,36.0,26.0,26.0,0.0,0.0,26.0,37.0,0.0,57.0,0.0,80.0,79.0
351,76.0,41.0,27.0,0.0,0.0,0.0,28.0,17.0,49.0,0.0,22.0,9.0,29.0,0.0,2.0,18.0,8.0,0.0,69.0,15.0,24.0,125.0,0.0,35.0,0.0,61.0,4.0,26.0,94.0,0.0,71.0,30.0,0.0,0.0,18.0,0.0,53.0,82.0,16.0,0.0,68.0,49.0,18.0,0.0,62.0,80.0,43.0,74.0,0.0,0.0,0.0,46.0,12.0,103.0,0.0,0.0,47.0,14.0,106.0,0.0,2.0,10.0,0.0,16.0,8.0,79.0,8.0,13.0,17.0,4.0,73.0,0.0,0.0,39.0,27.0,0.0,63.0,116.0,0.0,0.0,33.0,34.0,1.0,41.0,46.0,4.0,46.0,186.0,62.0,7.0,0.0,0.0,77.0,22.0,0.0,65.0,69.0,32.0,83.0,72.0
352,85.0,10.0,42.0,6.0,19.0,0.0,128.0,0.0,103.0,12.0,58.0,0.0,0.0,0.0,116.0,43.0,30.0,0.0,54.0,0.0,50.0,104.0,0.0,49.0,0.0,88.0,0.0,44.0,0.0,0.0,73.0,31.0,0.0,0.0,10.0,0.0,68.0,8.0,71.0,33.0,10.0,57.0,14.0,0.0,36.0,114.0,46.0,135.0,0.0,0.0,0.0,44.0,24.0,14.0,0.0,0.0,30.0,54.0,14.0,0.0,20.0,25.0,12.0,0.0,53.0,63.0,7.0,0.0,0.0,3.0,14.0,0.0,66.0,0.0,4.0,0.0,162.0,83.0,73.0,0.0,24.0,96.0,8.0,21.0,0.0,16.0,6.0,227.0,0.0,20.0,0.0,0.0,16.0,9.0,93.0,27.0,21.0,18.0,45.0,15.0
353,55.0,6.0,73.0,35.0,0.0,0.0,109.0,50.0,42.0,25.0,0.0,0.0,34.0,33.0,46.0,0.0,0.0,0.0,125.0,12.0,139.0,52.0,0.0,29.0,0.0,90.0,29.0,19.0,54.0,0.0,139.0,101.0,0.0,4.0,38.0,0.0,81.0,35.0,33.0,0.0,18.0,0.0,2.0,0.0,55.0,18.0,0.0,159.0,0.0,0.0,49.0,97.0,11.0,0.0,40.0,17.0,28.0,0.0,53.0,24.0,9.0,72.0,1.0,0.0,56.0,34.0,57.0,0.0,0.0,10.0,53.0,0.0,19.0,4.0,19.0,30.0,76.0,0.0,123.0,0.0,33.0,62.0,11.0,0.0,59.0,29.0,0.0,149.0,0.0,0.0,13.0,0.0,16.0,45.0,1.0,25.0,49.0,13.0,39.0,40.0
354,32.0,48.0,51.0,88.0,0.0,0.0,75.0,17.0,99.0,21.0,0.0,33.0,33.0,20.0,90.0,0.0,0.0,0.0,103.0,37.0,55.0,31.0,0.0,77.0,0.0,19.0,0.0,18.0,0.0,0.0,69.0,66.0,0.0,17.0,0.0,36.0,73.0,0.0,32.0,22.0,15.0,98.0,0.0,0.0,0.0,11.0,0.0,88.0,0.0,4.0,46.0,174.0,0.0,11.0,109.0,13.0,35.0,0.0,44.0,37.0,14.0,90.0,0.0,0.0,36.0,76.0,176.0,0.0,0.0,16.0,28.0,0.0,3.0,33.0,20.0,3.0,70.0,27.0,79.0,0.0,3.0,108.0,68.0,2.0,7.0,1.0,36.0,64.0,27.0,0.0,15.0,0.0,101.0,13.0,0.0,0.0,8.0,70.0,44.0,40.0
355,118.0,46.0,27.0,62.0,0.0,0.0,109.0,80.0,62.0,0.0,19.0,62.0,13.0,61.0,11.0,0.0,0.0,0.0,22.0,42.0,18.0,137.0,59.0,66.0,0.0,0.0,0.0,27.0,25.0,0.0,27.0,0.0,0.0,17.0,35.0,0.0,70.0,0.0,48.0,5.0,0.0,122.0,30.0,0.0,41.0,0.0,0.0,123.0,0.0,0.0,0.0,79.0,15.0,0.0,79.0,0.0,102.0,0.0,36.0,7.0,17.0,125.0,0.0,5.0,9.0,68.0,264.0,0.0,4.0,34.0,33.0,0.0,0.0,0.0,3.0,6.0,110.0,104.0,52.0,0.0,27.0,105.0,129.0,21.0,18.0,16.0,25.0,71.0,4.0,35.0,38.0,0.0,32.0,8.0,33.0,0.0,0.0,18.0,59.0,23.0
356,78.0,25.0,12.0,0.0,0.0,0.0,41.0,38.0,39.0,40.0,0.0,98.0,5.0,55.0,100.0,0.0,0.0,3.0,99.0,32.0,54.0,132.0,50.0,0.0,0.0,72.0,32.0,7.0,28.0,0.0,97.0,0.0,0.0,0.0,36.0,5.0,58.0,4.0,0.0,4.0,23.0,63.0,7.0,0.0,8.0,0.0,0.0,64.0,0.0,0.0,0.0,50.0,20.0,35.0,69.0,0.0,64.0,5.0,7.0,2.0,30.0,76.0,0.0,0.0,23.0,75.0,90.0,0.0,0.0,22.0,80.0,0.0,31.0,21.0,16.0,30.0,120.0,63.0,13.0,0.0,8.0,102.0,17.0,55.0,60.0,7.0,0.0,51.0,9.0,62.0,24.0,0.0,49.0,12.0,30.0,0.0,26.0,95.0,65.0,76.0
357,0.0,1.0,9.0,13.0,1.0,0.0,120.0,30.0,71.0,32.0,0.0,7.0,13.0,1.0,105.0,0.0,0.0,0.0,134.0,33.0,70.0,162.0,5.0,25.0,0.0,3.0,31.0,6.0,65.0,0.0,43.0,0.0,0.0,0.0,80.0,0.0,81.0,10.0,0.0,0.0,0.0,0.0,4.0,0.0,39.0,0.0,24.0,2.0,10.0,14.0,16.0,64.0,23.0,0.0,0.0,0.0,64.0,5.0,16.0,0.0,51.0,53.0,0.0,6.0,2.0,18.0,26.0,3.0,30.0,35.0,83.0,0.0,0.0,11.0,114.0,12.0,80.0,121.0,30.0,0.0,4.0,73.0,0.0,31.0,78.0,6.0,62.0,129.0,43.0,73.0,43.0,6.0,59.0,40.0,63.0,0.0,0.0,120.0,72.0,89.0
358,123.0,14.0,65.0,0.0,0.0,0.0,39.0,23.0,50.0,2.0,0.0,0.0,21.0,0.0,100.0,24.0,19.0,0.0,106.0,0.0,91.0,128.0,23.0,6.0,13.0,13.0,0.0,28.0,74.0,0.0,23.0,0.0,0.0,0.0,44.0,0.0,59.0,40.0,31.0,0.0,31.0,67.0,82.0,0.0,30.0,48.0,0.0,48.0,0.0,17.0,6.0,53.0,18.0,0.0,47.0,7.0,35.0,0.0,10.0,12.0,0.0,80.0,0.0,58.0,90.0,2.0,66.0,0.0,95.0,51.0,92.0,0.0,6.0,0.0,55.0,3.0,62.0,36.0,99.0,0.0,20.0,98.0,28.0,17.0,73.0,16.0,15.0,72.0,39.0,0.0,4.0,0.0,1.0,40.0,94.0,0.0,13.0,76.0,7.0,26.0
359,104.0,37.0,23.0,0.0,0.0,0.0,33.0,10.0,49.0,22.0,69.0,26.0,29.0,0.0,53.0,25.0,8.0,0.0,36.0,40.0,51.0,60.0,10.0,0.0,0.0,47.0,0.0,26.0,62.0,0.0,60.0,0.0,0.0,0.0,23.0,4.0,34.0,70.0,5.0,0.0,0.0,65.0,24.0,0.0,38.0,40.0,0.0,56.0,0.0,50.0,27.0,88.0,46.0,20.0,18.0,0.0,82.0,64.0,52.0,7.0,5.0,46.0,0.0,15.0,52.0,43.0,15.0,0.0,18.0,21.0,53.0,0.0,10.0,17.0,27.0,9.0,67.0,39.0,65.0,0.0,14.0,19.0,30.0,38.0,106.0,58.0,89.0,54.0,31.0,0.0,5.0,0.0,0.0,40.0,15.0,0.0,29.0,21.0,0.0,0.0
360,92.0,13.0,35.0,0.0,0.0,0.0,52.0,18.0,69.0,0.0,0.0,0.0,92.0,27.0,79.0,0.0,13.0,0.0,0.0,3.0,78.0,44.0,26.0,68.0,6.0,36.0,0.0,9.0,52.0,25.0,50.0,6.0,0.0,0.0,0.0,11.0,98.0,63.0,13.0,0.0,21.0,74.0,0.0,0.0,2.0,2.0,0.0,56.0,0.0,19.0,48.0,18.0,94.0,45.0,30.0,15.0,44.0,51.0,67.0,13.0,0.0,0.0,24.0,48.0,105.0,0.0,59.0,0.0,0.0,0.0,12.0,0.0,0.0,2.0,75.0,88.0,68.0,27.0,99.0,0.0,0.0,2.0,45.0,60.0,201.0,84.0,32.0,74.0,53.0,4.0,61.0,0.0,61.0,50.0,35.0,0.0,0.0,59.0,0.0,22.0
361,94.0,11.0,60.0,5.0,0.0,0.0,59.0,29.0,48.0,0.0,0.0,0.0,16.0,0.0,94.0,0.0,11.0,0.0,20.0,1.0,101.0,27.0,57.0,101.0,0.0,0.0,17.0,79.0,57.0,0.0,109.0,13.0,0.0,0.0,30.0,13.0,73.0,10.0,0.0,38.0,34.0,135.0,0.0,0.0,1.0,0.0,0.0,55.0,0.0,0.0,73.0,70.0,39.0,55.0,46.0,20.0,33.0,23.0,27.0,0.0,15.0,24.0,17.0,9.0,74.0,51.0,127.0,0.0,30.0,46.0,29.0,0.0,0.0,0.0,49.0,52.0,71.0,0.0,123.0,0.0,71.0,21.0,74.0,31.0,118.0,87.0,26.0,55.0,44.0,0.0,38.0,0.0,60.0,9.0,11.0,0.0,0.0,9.0,0.0,29.0
362,116.0,0.0,32.0,0.0,0.0,0.0,86.0,0.0,150.0,0.0,0.0,103.0,15.0,1.0,50.0,31.0,25.0,0.0,100.0,6.0,8.0,16.0,49.0,0.0,0.0,0.0,4.0,30.0,12.0,0.0,149.0,4.0,0.0,26.0,22.0,0.0,61.0,0.0,0.0,56.0,0.0,124.0,30.0,0.0,2.0,0.0,4.0,14.0,0.0,0.0,14.0,71.0,15.0,76.0,5.0,0.0,63.0,15.0,44.0,6.0,0.0,20.0,20.0,0.0,5.0,86.0,206.0,0.0,54.0,6.0,59.0,0.0,0.0,40.0,53.0,29.0,100.0,4.0,102.0,0.0,41.0,30.0,57.0,26.0,177.0,30.0,22.0,49.0,12.0,0.0,12.0,7.0,10.0,5.0,9.0,0.0,0.0,41.0,58.0,184.0
363,63.0,26.0,29.0,15.0,0.0,0.0,52.0,57.0,122.0,76.0,0.0,81.0,35.0,37.0,31.0,0.0,0.0,0.0,108.0,11.0,46.0,55.0,33.0,0.0,0.0,0.0,14.0,36.0,59.0,0.0,40.0,29.0,0.0,38.0,4.0,0.0,45.0,23.0,1.0,33.0,20.0,134.0,20.0,0.0,38.0,41.0,21.0,15.0,0.0,0.0,2.0,67.0,12.0,0.0,0.0,13.0,12.0,7.0,91.0,29.0,0.0,0.0,0.0,0.0,49.0,121.0,126.0,0.0,0.0,2.0,33.0,0.0,18.0,14.0,58.0,32.0,66.0,111.0,20.0,0.0,3.0,56.0,72.0,39.0,84.0,8.0,15.0,87.0,14.0,9.0,63.0,0.0,74.0,7.0,38.0,22.0,16.0,41.0,27.0,127.0
364,81.0,0.0,10.0,0.0,0.0,0.0,89.0,10.0,13.0,77.0,75.0,34.0,44.0,29.0,67.0,27.0,0.0,0.0,66.0,8.0,56.0,123.0,35.0,0.0,0.0,0.0,61.0,12.0,87.0,0.0,62.0,15.0,0.0,10.0,49.0,0.0,53.0,42.0,0.0,20.0,41.0,68.0,31.0,0.0,6.0,22.0,65.0,35.0,0.0,14.0,0.0,12.0,68.0,0.0,72.0,0.0,96.0,16.0,104.0,0.0,24.0,27.0,0.0,28.0,33.0,63.0,21.0,0.0,20.0,21.0,31.0,0.0,26.0,25.0,25.0,0.0,54.0,172.0,19.0,0.0,41.0,37.0,17.0,6.0,56.0,15.0,29.0,129.0,50.0,9.0,72.0,0.0,26.0,5.0,111.0,4.0,5.0,66.0,3.0,78.0
365,89.0,26.0,29.0,0.0,0.0,0.0,90.0,45.0,2.0,126.0,52.0,61.0,11.0,0.0,95.0,18.0,50.0,0.0,2.0,1.0,77.0,114.0,0.0,0.0,0.0,59.0,42.0,14.0,114.0,0.0,43.0,46.0,0.0,3.0,0.0,0.0,53.0,0.0,4.0,11.0,19.0,71.0,5.0,0.0,20.0,30.0,87.0,86.0,0.0,0.0,8.0,56.0,115.0,24.0,69.0,0.0,86.0,31.0,64.0,0.0,2.0,72.0,14.0,43.0,31.0,52.0,104.0,0.0,23.0,3.0,52.0,0.0,0.0,22.0,21.0,0.0,0.0,121.0,0.0,0.0,51.0,29.0,18.0,29.0,21.0,0.0,106.0,99.0,18.0,1.0,64.0,0.0,60.0,17.0,115.0,21.0,0.0,44.0,47.0,13.0
366,121.0,23.0,34.0,0.0,0.0,0.0,53.0,12.0,38.0,4.0,96.0,0.0,41.0,2.0,124.0,0.0,3.0,0.0,0.0,74.0,0.0,109.0,8.0,59.0,0.0,53.0,27.0,14.0,78.0,0.0,89.0,96.0,0.0,0.0,95.0,0.0,42.0,46.0,0.0,0.0,26.0,98.0,0.0,0.0,43.0,0.0,28.0,24.0,0.0,0.0,2.0,13.0,7.0,0.0,12.0,28.0,80.0,22.0,52.0,1.0,1.0,34.0,81.0,26.0,29.0,2.0,104.0,0.0,30.0,33.0,49.0,0.0,13.0,56.0,21.0,0.0,93.0,119.0,49.0,0.0,33.0,97.0,2.0,49.0,51.0,0.0,137.0,107.0,13.0,31.0,26.0,0.0,35.0,7.0,115.0,0.0,17.0,0.0,8.0,0.0
367,111.0,31.0,13.0,27.0,0.0,1.0,12.0,27.0,48.0,9.0,0.0,62.0,12.0,29.0,60.0,0.0,0.0,0.0,25.0,104.0,57.0,111.0,15.0,23.0,0.0,38.0,12.0,65.0,25.0,0.0,11.0,74.0,0.0,7.0,78.0,0.0,47.0,21.0,17.0,24.0,26.0,42.0,15.0,0.0,18.0,18.0,14.0,39.0,0.0,16.0,31.0,77.0,28.0,0.0,14.0,0.0,51.0,33.0,8.0,17.0,0.0,8.0,19.0,0.0,65.0,16.0,49.0,0.0,0.0,4.0,57.0,0.0,0.0,0.0,33.0,0.0,6.0,50.0,49.0,0.0,27.0,81.0,0.0,7.0,125.0,2.0,83.0,93.0,0.0,45.0,39.0,0.0,30.0,40.0,93.0,0.0,9.0,85.0,16.0,29.0
368,52.0,7.0,38.0,0.0,0.0,0.0,0.0,0.0,60.0,0.0,0.0,26.0,39.0,18.0,86.0,16.0,0.0,0.0,18.0,37.0,7.0,3.0,0.0,15.0,0.0,22.0,3.0,87.0,77.0,0.0,151.0,56.0,0.0,0.0,81.0,0.0,71.0,1.0,17.0,0.0,16.0,6.0,40.0,0.0,39.0,45.0,0.0,0.0,0.0,0.0,61.0,69.0,33.0,0.0,66.0,12.0,16.0,63.0,0.0,9.0,0.0,49.0,0.0,29.0,138.0,33.0,57.0,0.0,0.0,0.0,50.0,0.0,0.0,11.0,0.0,25.0,0.0,52.0,58.0,15.0,49.0,75.0,67.0,8.0,97.0,3.0,46.0,12.0,0.0,20.0,70.0,0.0,0.0,15.0,5.0,0.0,25.0,143.0,65.0,54.0
369,42.0,0.0,24.0,0.0,0.0,0.0,19.0,0.0,92.0,1.0,0.0,36.0,0.0,0.0,58.0,8.0,6.0,0.0,67.0,0.0,134.0,16.0,27.0,21.0,0.0,0.0,21.0,41.0,77.0,0.0,159.0,84.0,0.0,0.0,35.0,3.0,19.0,0.0,44.0,0.0,16.0,40.0,0.0,0.0,26.0,34.0,1.0,0.0,0.0,17.0,51.0,67.0,26.0,69.0,76.0,0.0,16.0,37.0,0.0,0.0,14.0,90.0,4.0,17.0,51.0,57.0,55.0,0.0,38.0,0.0,79.0,0.0,0.0,0.0,0.0,0.0,11.0,97.0,160.0,0.0,72.0,46.0,52.0,31.0,55.0,15.0,59.0,38.0,24.0,72.0,50.0,0.0,29.0,38.0,61.0,0.0,23.0,9.0,60.0,86.0
370,23.0,0.0,0.0,0.0,0.0,0.0,25.0,1.0,36.0,0.0,0.0,42.0,24.0,18.0,51.0,0.0,2.0,0.0,11.0,0.0,8.0,32.0,21.0,60.0,0.0,12.0,100.0,29.0,193.0,0.0,137.0,29.0,0.0,0.0,3.0,0.0,34.0,44.0,7.0,0.0,1.0,0.0,0.0,0.0,9.0,25.0,61.0,74.0,0.0,35.0,13.0,57.0,32.0,129.0,66.0,0.0,14.0,23.0,87.0,0.0,36.0,69.0,0.0,7.0,133.0,47.0,0.0,0.0,0.0,0.0,85.0,0.0,6.0,75.0,26.0,0.0,49.0,164.0,95.0,0.0,30.0,44.0,0.0,20.0,51.0,4.0,22.0,175.0,34.0,25.0,22.0,0.0,0.0,33.0,33.0,0.0,61.0,0.0,74.0,90.0
371,86.0,43.0,27.0,0.0,0.0,0.0,17.0,14.0,64.0,0.0,22.0,1.0,26.0,0.0,0.0,16.0,1.0,0.0,79.0,18.0,18.0,122.0,1.0,42.0,0.0,61.0,13.0,23.0,89.0,0.0,82.0,24.0,0.0,0.0,19.0,0.0,53.0,73.0,18.0,0.0,68.0,40.0,16.0,0.0,67.0,82.0,38.0,107.0,0.0,0.0,3.0,50.0,19.0,95.0,0.0,0.0,37.0,10.0,115.0,0.0,0.0,9.0,0.0,16.0,13.0,88.0,17.0,12.0,15.0,1.0,70.0,0.0,0.0,42.0,26.0,0.0,53.0,126.0,0.0,0.0,38.0,46.0,0.0,40.0,39.0,6.0,42.0,193.0,61.0,0.0,0.0,0.0,78.0,24.0,0.0,64.0,66.0,26.0,78.0,71.0
372,82.0,13.0,53.0,2.0,16.0,0.0,122.0,0.0,27.0,7.0,60.0,0.0,0.0,0.0,134.0,38.0,18.0,0.0,56.0,2.0,68.0,116.0,2.0,49.0,0.0,95.0,0.0,52.0,0.0,0.0,87.0,24.0,0.0,0.0,14.0,0.0,63.0,0.0,79.0,32.0,9.0,56.0,16.0,0.0,36.0,118.0,38.0,152.0,0.0,0.0,4.0,54.0,29.0,7.0,0.0,0.0,23.0,56.0,14.0,0.0,16.0,32.0,9.0,0.0,46.0,70.0,14.0,0.0,0.0,0.0,14.0,0.0,66.0,0.0,6.0,0.0,148.0,82.0,75.0,0.0,16.0,106.0,20.0,16.0,0.0,16.0,0.0,244.0,0.0,17.0,2.0,0.0,22.0,19.0,89.0,27.0,17.0,13.0,39.0,10.0
373,37.0,11.0,74.0,31.0,0.0,0.0,109.0,51.0,49.0,22.0,0.0,0.0,28.0,32.0,54.0,0.0,0.0,0.0,124.0,15.0,148.0,78.0,4.0,28.0,0.0,86.0,31.0,27.0,57.0,0.0,145.0,104.0,0.0,2.0,29.0,0.0,100.0,44.0,38.0,0.0,20.0,0.0,3.0,0.0,52.0,12.0,0.0,164.0,0.0,2.0,49.0,102.0,12.0,0.0,39.0,16.0,36.0,0.0,44.0,22.0,5.0,77.0,0.0,0.0,49.0,32.0,59.0,0.0,0.0,9.0,46.0,0.0,20.0,0.0,13.0,25.0,62.0,0.0,119.0,0.0,31.0,4.0,13.0,0.0,63.0,43.0,0.0,149.0,0.0,0.0,14.0,0.0,18.0,44.0,0.0,22.0,47.0,11.0,42.0,36.0
374,55.0,47.0,54.0,81.0,0.0,0.0,72.0,20.0,99.0,16.0,0.0,23.0,43.0,13.0,103.0,0.0,0.0,0.0,118.0,38.0,61.0,46.0,6.0,86.0,0.0,8.0,0.0,18.0,0.0,0.0,64.0,67.0,0.0,16.0,0.0,29.0,77.0,0.0,34.0,21.0,16.0,114.0,0.0,0.0,0.0,4.0,0.0,83.0,0.0,6.0,55.0,51.0,0.0,17.0,112.0,13.0,29.0,0.0,36.0,35.0,10.0,89.0,0.0,0.0,35.0,81.0,188.0,0.0,0.0,16.0,28.0,0.0,0.0,30.0,21.0,0.0,61.0,26.0,77.0,0.0,8.0,130.0,0.0,0.0,24.0,9.0,29.0,68.0,26.0,0.0,24.0,0.0,100.0,9.0,0.0,0.0,8.0,70.0,36.0,31.0
375,92.0,16.0,24.0,67.0,0.0,0.0,29.0,87.0,67.0,0.0,13.0,50.0,12.0,68.0,25.0,0.0,0.0,0.0,25.0,41.0,17.0,152.0,67.0,73.0,0.0,0.0,0.0,25.0,35.0,0.0,42.0,0.0,0.0,16.0,37.0,0.0,78.0,0.0,48.0,3.0,0.0,126.0,34.0,0.0,39.0,0.0,0.0,119.0,0.0,0.0,5.0,42.0,15.0,2.0,92.0,0.0,102.0,0.0,31.0,5.0,13.0,123.0,0.0,1.0,4.0,0.0,290.0,0.0,3.0,36.0,35.0,0.0,0.0,0.0,1.0,3.0,97.0,70.0,57.0,0.0,0.0,124.0,133.0,17.0,29.0,16.0,30.0,94.0,5.0,33.0,42.0,0.0,35.0,2.0,38.0,0.0,0.0,20.0,60.0,15.0
376,100.0,27.0,7.0,0.0,0.0,0.0,33.0,40.0,42.0,36.0,1.0,99.0,8.0,55.0,101.0,0.0,0.0,3.0,111.0,37.0,46.0,148.0,60.0,0.0,0.0,74.0,31.0,5.0,35.0,0.0,97.0,0.0,0.0,0.0,40.0,0.0,58.0,0.0,0.0,3.0,26.0,59.0,1.0,0.0,14.0,0.0,0.0,55.0,0.0,0.0,4.0,67.0,20.0,38.0,74.0,0.0,58.0,5.0,7.0,0.0,26.0,79.0,0.0,0.0,23.0,74.0,106.0,0.0,0.0,29.0,78.0,0.0,27.0,21.0,32.0,26.0,120.0,70.0,10.0,0.0,11.0,119.0,22.0,53.0,76.0,10.0,0.0,63.0,8.0,60.0,30.0,0.0,43.0,8.0,47.0,0.0,30.0,97.0,56.0,77.0
377,18.0,2.0,3.0,11.0,0.0,0.0,113.0,30.0,89.0,25.0,2.0,2.0,14.0,0.0,111.0,0.0,0.0,0.0,142.0,0.0,69.0,162.0,11.0,18.0,0.0,4.0,29.0,4.0,77.0,0.0,41.0,0.0,0.0,0.0,93.0,0.0,78.0,12.0,0.0,0.0,0.0,0.0,0.0,0.0,36.0,0.0,20.0,0.0,9.0,17.0,22.0,77.0,24.0,0.0,2.0,0.0,62.0,2.0,9.0,0.0,47.0,53.0,0.0,9.0,17.0,22.0,22.0,2.0,23.0,32.0,98.0,0.0,0.0,6.0,123.0,19.0,76.0,124.0,41.0,0.0,8.0,88.0,0.0,25.0,93.0,7.0,60.0,144.0,46.0,75.0,42.0,0.0,53.0,33.0,75.0,0.0,1.0,125.0,73.0,85.0
378,138.0,15.0,75.0,0.0,0.0,0.0,31.0,19.0,63.0,0.0,4.0,0.0,26.0,0.0,95.0,8.0,12.0,0.0,112.0,0.0,85.0,121.0,27.0,0.0,10.0,12.0,0.0,33.0,74.0,0.0,18.0,0.0,0.0,0.0,51.0,0.0,49.0,37.0,31.0,0.0,30.0,74.0,84.0,0.0,33.0,42.0,0.0,36.0,0.0,21.0,9.0,49.0,33.0,0.0,49.0,5.0,33.0,0.0,15.0,9.0,0.0,72.0,0.0,59.0,93.0,5.0,79.0,0.0,90.0,29.0,98.0,0.0,1.0,0.0,64.0,3.0,44.0,35.0,109.0,0.0,26.0,107.0,27.0,13.0,84.0,18.0,20.0,90.0,42.0,0.0,0.0,0.0,0.0,37.0,107.0,0.0,13.0,79.0,1.0,32.0
379,125.0,37.0,20.0,0.0,0.0,0.0,41.0,11.0,57.0,13.0,72.0,18.0,24.0,0.0,53.0,3.0,2.0,0.0,31.0,44.0,61.0,63.0,15.0,0.0,0.0,42.0,0.0,37.0,61.0,0.0,60.0,0.0,0.0,0.0,28.0,0.0,29.0,65.0,3.0,0.0,0.0,76.0,23.0,0.0,39.0,36.0,0.0,48.0,0.0,50.0,37.0,94.0,53.0,18.0,21.0,0.0,86.0,61.0,48.0,4.0,0.0,51.0,0.0,10.0,57.0,46.0,20.0,0.0,23.0,20.0,46.0,0.0,8.0,14.0,27.0,3.0,65.0,39.0,75.0,0.0,14.0,21.0,25.0,43.0,113.0,56.0,91.0,60.0,33.0,0.0,0.0,0.0,0.0,36.0,22.0,0.0,31.0,22.0,0.0,0.0
380,107.0,17.0,33.0,0.0,0.0,0.0,53.0,18.0,65.0,0.0,9.0,0.0,101.0,26.0,75.0,0.0,6.0,0.0,0.0,5.0,49.0,58.0,28.0,55.0,0.0,33.0,0.0,17.0,52.0,22.0,76.0,11.0,0.0,0.0,0.0,6.0,94.0,70.0,7.0,0.0,27.0,87.0,0.0,0.0,3.0,0.0,0.0,43.0,0.0,18.0,52.0,24.0,95.0,43.0,31.0,12.0,30.0,50.0,67.0,10.0,0.0,0.0,23.0,49.0,97.0,10.0,67.0,0.0,0.0,0.0,7.0,0.0,0.0,0.0,72.0,85.0,52.0,38.0,108.0,0.0,0.0,0.0,44.0,58.0,200.0,81.0,23.0,77.0,52.0,0.0,67.0,0.0,60.0,42.0,32.0,0.0,0.0,60.0,0.0,16.0
381,111.0,8.0,61.0,0.0,0.0,0.0,62.0,24.0,56.0,0.0,2.0,0.0,18.0,0.0,86.0,0.0,6.0,0.0,19.0,2.0,100.0,35.0,55.0,92.0,0.0,0.0,22.0,75.0,69.0,0.0,125.0,20.0,0.0,0.0,30.0,8.0,65.0,5.0,0.0,37.0,27.0,147.0,0.0,0.0,2.0,0.0,1.0,54.0,0.0,0.0,77.0,72.0,50.0,53.0,54.0,18.0,38.0,18.0,37.0,0.0,9.0,17.0,17.0,8.0,44.0,63.0,136.0,0.0,25.0,43.0,22.0,0.0,0.0,0.0,48.0,51.0,70.0,9.0,127.0,0.0,80.0,31.0,74.0,28.0,134.0,84.0,19.0,59.0,47.0,0.0,35.0,0.0,64.0,0.0,29.0,0.0,0.0,12.0,0.0,20.0
382,127.0,0.0,28.0,0.0,0.0,0.0,84.0,0.0,93.0,0.0,3.0,96.0,12.0,0.0,64.0,28.0,22.0,0.0,103.0,4.0,8.0,16.0,59.0,0.0,0.0,0.0,3.0,36.0,12.0,0.0,167.0,10.0,0.0,11.0,31.0,0.0,54.0,0.0,0.0,58.0,0.0,138.0,27.0,0.0,2.0,0.0,0.0,20.0,0.0,0.0,23.0,75.0,20.0,85.0,10.0,0.0,63.0,13.0,42.0,4.0,0.0,8.0,19.0,0.0,0.0,100.0,212.0,0.0,47.0,6.0,51.0,0.0,0.0,36.0,52.0,29.0,85.0,9.0,102.0,0.0,43.0,39.0,54.0,19.0,183.0,22.0,32.0,54.0,11.0,0.0,13.0,4.0,12.0,0.0,14.0,0.0,1.0,45.0,52.0,181.0
383,78.0,28.0,28.0,12.0,0.0,0.0,52.0,55.0,127.0,79.0,0.0,71.0,29.0,34.0,37.0,0.0,0.0,0.0,119.0,7.0,54.0,30.0,37.0,1.0,0.0,2.0,14.0,37.0,61.0,0.0,53.0,38.0,0.0,24.0,1.0,0.0,38.0,20.0,0.0,29.0,21.0,144.0,14.0,0.0,37.0,38.0,21.0,15.0,0.0,0.0,4.0,88.0,16.0,1.0,0.0,12.0,14.0,8.0,93.0,27.0,0.0,0.0,0.0,0.0,40.0,135.0,126.0,0.0,0.0,2.0,21.0,0.0,16.0,13.0,55.0,29.0,64.0,118.0,30.0,0.0,0.0,65.0,81.0,30.0,76.0,0.0,19.0,109.0,13.0,11.0,64.0,0.0,75.0,12.0,41.0,21.0,17.0,48.0,25.0,120.0
384,93.0,0.0,9.0,0.0,0.0,0.0,82.0,14.0,29.0,78.0,75.0,24.0,44.0,32.0,65.0,23.0,0.0,0.0,66.0,22.0,59.0,135.0,38.0,0.0,0.0,4.0,48.0,23.0,107.0,0.0,70.0,26.0,0.0,0.0,46.0,0.0,0.0,41.0,0.0,20.0,38.0,69.0,36.0,0.0,12.0,30.0,76.0,37.0,0.0,12.0,4.0,24.0,74.0,0.0,73.0,0.0,97.0,14.0,96.0,0.0,21.0,28.0,0.0,28.0,32.0,68.0,22.0,0.0,16.0,20.0,20.0,0.0,24.0,6.0,28.0,0.0,48.0,179.0,16.0,0.0,38.0,64.0,11.0,0.0,47.0,15.0,23.0,165.0,45.0,1.0,63.0,0.0,29.0,6.0,128.0,4.0,11.0,70.0,0.0,73.0
385,90.0,23.0,31.0,0.0,0.0,0.0,90.0,42.0,11.0,104.0,55.0,27.0,11.0,0.0,95.0,15.0,45.0,0.0,2.0,2.0,73.0,3.0,2.0,0.0,0.0,57.0,54.0,20.0,125.0,0.0,61.0,56.0,0.0,0.0,0.0,0.0,64.0,0.0,3.0,7.0,17.0,66.0,3.0,0.0,21.0,31.0,78.0,93.0,0.0,0.0,14.0,67.0,122.0,29.0,74.0,0.0,87.0,35.0,55.0,0.0,0.0,78.0,12.0,40.0,40.0,51.0,120.0,0.0,22.0,3.0,49.0,0.0,0.0,17.0,17.0,0.0,0.0,131.0,0.0,0.0,65.0,49.0,20.0,19.0,6.0,0.0,120.0,115.0,20.0,0.0,82.0,0.0,61.0,20.0,125.0,20.0,2.0,53.0,57.0,15.0
386,119.0,21.0,31.0,0.0,0.0,0.0,47.0,10.0,50.0,0.0,94.0,0.0,37.0,0.0,121.0,0.0,0.0,0.0,0.0,8.0,0.0,118.0,10.0,71.0,0.0,53.0,29.0,22.0,80.0,0.0,97.0,110.0,0.0,0.0,108.0,0.0,45.0,45.0,0.0,0.0,31.0,92.0,0.0,0.0,42.0,2.0,24.0,30.0,0.0,0.0,2.0,22.0,13.0,0.0,20.0,25.0,80.0,24.0,37.0,0.0,0.0,41.0,80.0,27.0,34.0,13.0,0.0,0.0,31.0,33.0,45.0,0.0,10.0,61.0,23.0,0.0,91.0,144.0,54.0,0.0,32.0,119.0,2.0,52.0,55.0,0.0,140.0,128.0,12.0,33.0,27.0,0.0,38.0,11.0,126.0,0.0,24.0,9.0,13.0,0.0
387,111.0,33.0,9.0,26.0,0.0,0.0,4.0,30.0,63.0,7.0,0.0,55.0,16.0,27.0,77.0,0.0,0.0,0.0,23.0,106.0,68.0,122.0,18.0,25.0,0.0,50.0,14.0,74.0,21.0,0.0,27.0,88.0,0.0,0.0,78.0,0.0,51.0,21.0,13.0,21.0,27.0,50.0,9.0,0.0,15.0,18.0,7.0,48.0,0.0,17.0,36.0,81.0,32.0,0.0,14.0,0.0,46.0,35.0,0.0,15.0,0.0,13.0,17.0,0.0,70.0,22.0,58.0,0.0,0.0,2.0,53.0,0.0,0.0,0.0,34.0,0.0,6.0,58.0,71.0,0.0,27.0,97.0,0.0,0.0,135.0,0.0,85.0,106.0,0.0,43.0,37.0,0.0,32.0,40.0,99.0,0.0,12.0,87.0,19.0,29.0
388,49.0,10.0,45.0,0.0,0.0,0.0,0.0,0.0,77.0,0.0,0.0,15.0,40.0,21.0,93.0,13.0,0.0,0.0,24.0,35.0,18.0,12.0,4.0,21.0,0.0,24.0,2.0,90.0,69.0,0.0,144.0,57.0,0.0,0.0,79.0,0.0,76.0,0.0,22.0,0.0,12.0,13.0,44.0,0.0,37.0,45.0,0.0,3.0,0.0,1.0,75.0,73.0,38.0,5.0,68.0,1.0,11.0,61.0,0.0,7.0,0.0,46.0,0.0,28.0,144.0,39.0,63.0,0.0,0.0,0.0,59.0,0.0,0.0,6.0,0.0,23.0,0.0,51.0,73.0,14.0,46.0,82.0,69.0,0.0,96.0,0.0,37.0,15.0,0.0,9.0,67.0,0.0,2.0,11.0,12.0,0.0,35.0,158.0,67.0,56.0
389,54.0,0.0,27.0,0.0,0.0,0.0,20.0,0.0,110.0,0.0,5.0,25.0,1.0,1.0,64.0,5.0,3.0,0.0,71.0,0.0,143.0,31.0,24.0,25.0,0.0,3.0,20.0,53.0,89.0,0.0,159.0,81.0,0.0,0.0,28.0,0.0,25.0,0.0,40.0,0.0,18.0,32.0,0.0,0.0,35.0,40.0,0.0,3.0,0.0,12.0,60.0,73.0,32.0,76.0,50.0,0.0,21.0,40.0,0.0,0.0,11.0,88.0,0.0,17.0,56.0,63.0,55.0,0.0,37.0,1.0,82.0,0.0,0.0,0.0,0.0,0.0,9.0,83.0,176.0,0.0,67.0,70.0,56.0,24.0,46.0,16.0,53.0,38.0,25.0,67.0,42.0,0.0,32.0,36.0,65.0,0.0,31.0,12.0,60.0,85.0
390,29.0,0.0,4.0,0.0,0.0,0.0,31.0,0.0,55.0,0.0,4.0,39.0,26.0,12.0,56.0,0.0,0.0,0.0,29.0,0.0,7.0,63.0,32.0,62.0,0.0,18.0,105.0,35.0,196.0,0.0,132.0,30.0,0.0,0.0,0.0,0.0,7.0,46.0,5.0,0.0,0.0,0.0,0.0,0.0,12.0,26.0,57.0,82.0,0.0,40.0,20.0,63.0,32.0,135.0,77.0,0.0,17.0,19.0,86.0,0.0,34.0,76.0,0.0,6.0,122.0,43.0,0.0,0.0,0.0,0.0,87.0,0.0,4.0,79.0,34.0,0.0,43.0,156.0,107.0,0.0,22.0,54.0,4.0,14.0,44.0,3.0,24.0,194.0,37.0,20.0,17.0,0.0,1.0,31.0,39.0,0.0,60.0,0.0,84.0,88.0
391,84.0,47.0,24.0,0.0,0.0,0.0,13.0,20.0,83.0,0.0,27.0,0.0,27.0,0.0,8.0,13.0,0.0,0.0,95.0,20.0,25.0,162.0,8.0,43.0,0.0,67.0,10.0,27.0,40.0,0.0,83.0,30.0,0.0,0.0,13.0,0.0,63.0,75.0,18.0,0.0,67.0,41.0,7.0,0.0,64.0,85.0,32.0,126.0,0.0,0.0,8.0,70.0,0.0,0.0,8.0,0.0,42.0,11.0,116.0,0.0,0.0,19.0,0.0,16.0,15.0,88.0,24.0,11.0,15.0,0.0,71.0,0.0,0.0,44.0,32.0,0.0,59.0,115.0,2.0,0.0,31.0,53.0,0.0,33.0,23.0,0.0,41.0,29.0,60.0,0.0,0.0,0.0,80.0,29.0,0.0,65.0,68.0,24.0,83.0,69.0
392,91.0,17.0,52.0,6.0,15.0,0.0,128.0,5.0,0.0,0.0,61.0,0.0,0.0,2.0,146.0,33.0,14.0,0.0,74.0,0.0,69.0,153.0,9.0,44.0,0.0,102.0,0.0,54.0,2.0,0.0,85.0,27.0,0.0,0.0,8.0,0.0,77.0,2.0,82.0,33.0,13.0,51.0,9.0,0.0,40.0,120.0,35.0,177.0,0.0,0.0,7.0,20.0,26.0,10.0,8.0,0.0,31.0,55.0,13.0,0.0,12.0,24.0,5.0,0.0,50.0,66.0,36.0,0.0,0.0,4.0,15.0,0.0,63.0,0.0,3.0,0.0,168.0,65.0,84.0,0.0,14.0,110.0,29.0,12.0,0.0,19.0,0.0,272.0,0.0,16.0,0.0,0.0,26.0,16.0,91.0,28.0,22.0,11.0,42.0,9.0
393,54.0,11.0,81.0,33.0,0.0,0.0,129.0,53.0,52.0,19.0,5.0,0.0,26.0,10.0,57.0,0.0,0.0,0.0,131.0,16.0,169.0,39.0,12.0,27.0,0.0,93.0,28.0,28.0,62.0,0.0,144.0,101.0,0.0,2.0,18.0,0.0,107.0,43.0,31.0,0.0,20.0,0.0,0.0,0.0,43.0,0.0,0.0,177.0,0.0,2.0,50.0,116.0,15.0,1.0,47.0,0.0,40.0,0.0,36.0,20.0,2.0,90.0,0.0,0.0,51.0,27.0,92.0,0.0,0.0,13.0,47.0,0.0,18.0,0.0,12.0,26.0,74.0,0.0,122.0,0.0,32.0,21.0,20.0,0.0,58.0,20.0,0.0,174.0,1.0,0.0,5.0,0.0,29.0,46.0,16.0,20.0,43.0,22.0,43.0,42.0
394,75.0,51.0,51.0,88.0,0.0,0.0,74.0,19.0,134.0,23.0,5.0,22.0,35.0,13.0,108.0,0.0,0.0,0.0,125.0,38.0,69.0,62.0,8.0,79.0,0.0,12.0,0.0,29.0,9.0,0.0,76.0,73.0,0.0,9.0,0.0,24.0,90.0,0.0,30.0,18.0,0.0,118.0,0.0,0.0,0.0,2.0,0.0,85.0,0.0,2.0,54.0,69.0,16.0,16.0,128.0,0.0,31.0,0.0,38.0,33.0,6.0,94.0,0.0,1.0,37.0,76.0,215.0,0.0,0.0,23.0,32.0,0.0,0.0,30.0,21.0,1.0,66.0,15.0,100.0,0.0,7.0,140.0,8.0,0.0,26.0,14.0,24.0,85.0,29.0,0.0,33.0,0.0,104.0,7.0,10.0,0.0,5.0,80.0,34.0,33.0
395,110.0,19.0,32.0,66.0,0.0,0.0,36.0,84.0,76.0,0.0,18.0,44.0,15.0,77.0,44.0,0.0,0.0,0.0,24.0,39.0,14.0,168.0,72.0,69.0,0.0,1.0,0.0,32.0,15.0,0.0,45.0,4.0,0.0,9.0,29.0,0.0,92.0,0.0,39.0,0.0,0.0,153.0,28.0,0.0,38.0,0.0,0.0,111.0,0.0,0.0,17.0,56.0,26.0,7.0,92.0,0.0,111.0,0.0,0.0,3.0,10.0,123.0,0.0,4.0,7.0,0.0,297.0,0.0,6.0,36.0,38.0,0.0,0.0,0.0,8.0,0.0,99.0,80.0,65.0,0.0,0.0,156.0,138.0,8.0,46.0,6.0,20.0,102.0,10.0,32.0,44.0,0.0,34.0,0.0,50.0,0.0,0.0,31.0,64.0,18.0
396,113.0,29.0,5.0,0.0,0.0,0.0,32.0,44.0,49.0,32.0,7.0,36.0,4.0,53.0,116.0,0.0,0.0,2.0,108.0,30.0,39.0,100.0,64.0,0.0,0.0,77.0,31.0,5.0,49.0,0.0,82.0,0.0,0.0,0.0,26.0,0.0,70.0,0.0,0.0,0.0,24.0,72.0,0.0,0.0,6.0,0.0,0.0,46.0,0.0,2.0,8.0,77.0,27.0,42.0,81.0,0.0,75.0,0.0,5.0,0.0,22.0,69.0,0.0,0.0,28.0,82.0,132.0,0.0,0.0,32.0,77.0,0.0,0.0,19.0,38.0,28.0,127.0,72.0,7.0,0.0,11.0,125.0,33.0,56.0,84.0,14.0,0.0,90.0,12.0,60.0,29.0,0.0,50.0,8.0,64.0,0.0,31.0,103.0,60.0,76.0
397,37.0,3.0,0.0,5.0,0.0,0.0,111.0,33.0,95.0,23.0,8.0,0.0,8.0,2.0,123.0,0.0,0.0,0.0,158.0,0.0,60.0,68.0,27.0,12.0,0.0,6.0,33.0,11.0,96.0,0.0,35.0,0.0,0.0,0.0,80.0,0.0,88.0,15.0,0.0,0.0,0.0,11.0,0.0,0.0,33.0,0.0,13.0,0.0,8.0,19.0,24.0,91.0,30.0,6.0,6.0,0.0,71.0,4.0,3.0,0.0,21.0,43.0,0.0,16.0,25.0,30.0,31.0,1.0,31.0,39.0,98.0,0.0,0.0,4.0,127.0,24.0,78.0,125.0,39.0,0.0,7.0,83.0,7.0,23.0,106.0,10.0,67.0,177.0,50.0,73.0,49.0,0.0,56.0,31.0,95.0,0.0,0.0,125.0,76.0,82.0
398,141.0,17.0,68.0,0.0,0.0,0.0,24.0,18.0,75.0,0.0,13.0,0.0,21.0,0.0,95.0,5.0,8.0,0.0,121.0,2.0,84.0,136.0,30.0,0.0,10.0,9.0,0.0,32.0,84.0,0.0,26.0,1.0,0.0,0.0,58.0,0.0,59.0,41.0,28.0,0.0,25.0,71.0,72.0,0.0,35.0,47.0,0.0,27.0,0.0,23.0,4.0,71.0,39.0,6.0,48.0,0.0,40.0,0.0,10.0,6.0,0.0,63.0,0.0,66.0,104.0,9.0,74.0,0.0,98.0,32.0,109.0,0.0,0.0,0.0,69.0,5.0,48.0,22.0,119.0,0.0,26.0,102.0,28.0,5.0,86.0,17.0,30.0,116.0,44.0,0.0,0.0,0.0,0.0,42.0,126.0,0.0,10.0,69.0,0.0,45.0
399,133.0,39.0,26.0,0.0,0.0,0.0,34.0,9.0,55.0,20.0,82.0,8.0,20.0,0.0,51.0,0.0,0.0,0.0,24.0,41.0,71.0,83.0,15.0,1.0,0.0,51.0,0.0,38.0,67.0,0.0,69.0,0.0,0.0,0.0,23.0,0.0,40.0,71.0,0.0,0.0,0.0,79.0,19.0,0.0,39.0,35.0,0.0,59.0,0.0,53.0,37.0,103.0,55.0,26.0,23.0,0.0,93.0,70.0,48.0,1.0,0.0,46.0,0.0,13.0,59.0,52.0,24.0,0.0,29.0,21.0,50.0,0.0,5.0,10.0,29.0,6.0,71.0,19.0,76.0,0.0,21.0,16.0,35.0,42.0,115.0,65.0,93.0,75.0,42.0,0.0,0.0,0.0,0.0,38.0,39.0,0.0,32.0,20.0,0.0,8.0
400,117.0,20.0,27.0,0.0,0.0,0.0,47.0,18.0,85.0,1.0,21.0,0.0,98.0,26.0,74.0,0.0,4.0,0.0,0.0,9.0,53.0,67.0,28.0,56.0,0.0,38.0,0.0,15.0,59.0,18.0,70.0,10.0,0.0,0.0,0.0,3.0,95.0,76.0,1.0,0.0,30.0,87.0,0.0,0.0,0.0,0.0,0.0,43.0,0.0,17.0,55.0,22.0,96.0,53.0,40.0,0.0,33.0,57.0,70.0,9.0,0.0,0.0,0.0,49.0,113.0,20.0,93.0,0.0,0.0,2.0,10.0,0.0,0.0,0.0,77.0,88.0,53.0,21.0,132.0,0.0,5.0,0.0,52.0,55.0,193.0,87.0,17.0,95.0,56.0,0.0,65.0,0.0,49.0,43.0,46.0,0.0,0.0,56.0,0.0,17.0
