1,10727.889204490128,10834.822302973149,10532.331210417437,11317.792595535568,12176.04004955728,10503.765252074485,10561.686135624233,11359.706972901276,12006.69392102794,11197.865879249688
2,8022.569260533145,8039.679471487304,8239.886659308739,9270.22406507578,11405.210334900847,7358.010927376703,8342.407608911026,9185.944380848541,11648.99304277989,10705.019050708457
3,4844.841309842456,5858.287898384886,4226.827046405894,5315.584268386361,9228.14618577329,3837.265435607371,4025.01184070463,7030.074380606911,8107.8848879472735,7888.739928435113
4,4934.045808414701,5460.9990403230295,4213.245259764286,4377.966371302965,8552.779900004383,3732.9649800385187,4087.8139865913718,7928.570923128108,9213.140440509185,7664.540511380368
5,5659.274021610238,6475.075868129903,5740.6709049031815,4491.21696873127,9007.140634244466,4200.72807011407,4508.746350282841,9462.797418354734,12122.884530594309,9822.523047070723
6,6161.29461954721,7858.0948003314015,6005.875801757878,5249.811957720298,10186.362481190778,5188.412384706374,5004.341500757728,11271.227755183216,13581.754854944711,11649.972743182965
7,7002.721456580246,8557.14037773736,7374.074676080021,6312.0935089562,11878.486844096507,5633.859524168672,5685.797291699387,13493.89916242533,15105.270862875866,14543.37267531702
8,6931.304362671898,8694.63786272961,8032.726170494568,6623.6044499960935,13244.905552779961,5583.180939791667,5288.795318880561,16378.768159104722,16490.563021136866,15764.88810298294
9,6856.200677700377,7801.194048120178,8658.027511486514,6789.197896621564,13653.6231735344,6335.633707436412,4739.605784267733,19275.572847796997,17128.84204162426,16367.724924283963
10,6847.197031490147,7226.955553319518,8572.789856308222,6454.74539936369,14074.097535435127,8198.054002381183,3890.790680509474,20035.41715014195,17090.918524812583,16670.56221698335
11,6285.80084176383,7002.979301686044,7659.295521749947,6420.781827656449,17066.923311015813,8872.58303287002,3763.989708953478,19871.560110039456,15713.54912936117,17041.478265163118
12,8126.218476581417,5736.852670326175,7341.005419304037,5729.254046804194,16613.325423873215,7968.187293888924,3761.144786341296,20424.994419833052,17000.24684202553,17491.228279967578
13,8294.65963661687,5713.288173043832,7316.686364544029,5431.032612694088,16896.4126231917,7953.1262393344205,3790.3094955260967,20647.20487209806,17781.948307248207,16881.87109100878
14,8153.720471883434,5309.486347622491,7013.882032160798,5245.122594179261,17691.922932817608,7876.438746631354,3712.18637883901,20763.75257388361,17854.079585945048,18073.78898351615
15,8344.777876547094,5485.657028157625,6812.814310451913,5215.463513191161,17566.146144710237,7501.705728487732,3726.2020948496197,23191.331005120763,19347.789484434685,17795.15458917656
16,8387.154003734475,5114.031062151458,6810.611253708627,6889.684622041869,18090.780834173467,7282.378345419007,3261.0051603445845,21836.019580485372,19324.999840498756,18416.01333542156
17,7872.411166253836,4895.857380479019,6553.932383301768,7290.411512018026,18644.53425271567,7192.014154788749,2912.241461428453,21800.218108882047,19487.552895113055,18337.55756123523
18,7474.4055568608765,4645.86840757888,6168.535837359734,8898.451310575063,19342.081460615467,6613.846102487778,2717.0661366693407,21546.820188600683,19788.084912570055,18599.242156303993
19,7095.373635911938,4292.322984001072,5610.608236307933,8713.411458083017,20864.961684523303,6449.640869360303,2054.171802244979,21259.97227494632,19317.818636689197,20926.257568128145
20,6231.885202166817,4080.110030621983,5429.825749627799,9018.761143872374,23488.487202444496,6544.707959996481,1946.6231609461038,21725.582428246984,18925.657214652965,20835.30935539933
21,5900.3636895795935,3982.2236166061816,5508.690941042157,8146.798726142799,23257.579090027342,6158.0547462943305,1825.344390348361,21245.573247627082,19512.958779703982,22493.787804382755
22,5400.575257361885,3699.3276896131756,4969.736910107011,7831.101395816583,23745.374159806343,4850.902070068321,1672.0646127149564,20933.837787920187,18765.17341638015,26395.07846254551
23,5388.676641125698,3577.9166526423514,5056.475543120443,7519.147692105433,25808.187436547574,4450.164232520269,1477.6647070836852,20478.459116045353,21040.54650280375,26865.701094124055
24,5812.670329385076,3438.2698051604393,4930.348324544634,9787.281946201867,26898.234155992348,4414.192385430614,1535.8205015834444,20473.35624982583,20940.43816149498,26917.307215527286
25,5454.70643217307,3233.318000565358,5095.9574943304115,10053.602563692906,28760.43349948978,4462.578919517749,1572.0788399631201,20262.338224715753,21846.494953795962,28391.59337855166
26,5142.913126413342,3045.499269689683,4612.8066794259,11029.590914787144,30076.187323364993,4579.866823016999,1371.29785063611,20847.231588469338,21566.564105123267,28963.022092276395
27,4766.511662721616,2891.6097927836818,4587.746777097358,12909.978822023691,32413.62169653767,4164.739443435253,1254.8537260198261,20832.521268010652,21371.090696244562,27669.223545182413
28,6294.700657326279,3033.3326418965394,4616.528142763306,12632.838638415977,33231.66387367479,3747.738291488462,992.4409081092898,20194.478306224253,21712.64945970137,29251.179332558582
29,6038.24303483578,3064.6561909366937,4384.787097002297,14886.016178246202,32218.484074283133,3465.4160085917188,897.5609598749828,18836.999249087017,20293.26385584718,30418.264920338042
30,7158.127216716961,2900.511096216928,3998.9102099981874,14311.731514258003,31332.966648109996,3602.9529541017255,945.3176280936935,18799.52777781496,19582.662986715368,30867.17227837956
31,7153.953586859198,2709.610634578104,3521.0906850502743,15299.322522556156,33214.300677172745,3348.921879305157,775.9134025386318,20371.114061514836,18816.83369519683,29763.79459466783
32,6939.585796455747,3715.773737149764,3515.891827719525,15305.074705032668,33895.79172015899,3216.762154363447,686.964535262972,21215.957306095304,18321.624963514405,28882.44216886397
33,7220.414027108013,3679.7983418884646,3132.693788545764,16405.60698012986,33384.51330140709,3683.0021661461715,739.6214011911665,20852.641540017732,19954.535002346976,27583.640323312047
34,7154.7525614027545,3876.6836493553897,2962.948235756977,16087.156984212366,33195.58081944504,3299.9706973000148,708.5084220112822,23370.480956259285,19153.607999217467,28784.317247791838
35,7025.896917479714,4010.0693636826063,2943.9872517943154,16364.90799120195,34681.25652998546,3237.725575847774,734.9312513674322,23239.096509926745,19331.394283181704,29308.562801706892
36,6720.574829306991,3860.0913547758437,2557.4435932088822,16220.741462975124,33736.092306342725,3017.8641285011486,491.49705681992987,23690.564257410315,20824.351548558127,31933.59289212043
37,7053.134839449001,3795.340978026164,2399.2892052923626,15948.757080011716,34757.28677768461,3070.9648157061238,509.5013306317638,23624.282608040994,20296.782244405455,30477.594560497975
38,7416.90337063494,3598.7752319983138,2344.0534301402367,16330.798011102403,33270.90747086417,2996.9918306541445,535.0015373076154,21945.21616258981,18858.253841711245,31158.374164591834
39,6750.233224849477,3497.8851966046914,2325.3202736242865,15508.191627687123,32115.12871721855,2945.818652780257,504.1625958975092,22454.44160024497,19739.483175120462,31246.973461321035
40,7051.203122638016,3223.9029336986264,1837.207810645679,15283.580004361209,32517.921003274078,3111.3018231057927,404.4693816643736,21941.067802203255,19785.049002183936,33670.1785121357
41,7344.830530430864,3287.5968915529775,1895.326058035485,16033.448360040526,33386.23773665321,3322.0647221715085,446.43834663910167,22762.923723605087,21530.843274904037,33351.853949442346
42,9914.236535856491,2677.704600424538,1901.6611550001692,16182.29783769512,34203.487176086805,3535.5449044782495,500.9229078236141,21743.124383191527,21088.566686638813,33072.62205658139
43,9661.65213659438,2692.1451926162263,1802.3684666838956,17447.664533798154,32241.951405183878,3112.533158941691,410.0938502727472,22897.833475659936,22585.163516283916,30886.9591083507
44,9337.364007806076,2552.6571525435443,1749.3575456642236,19724.40849695528,31779.92750187785,2724.622049810609,363.35017132780666,22766.822879504194,22436.14370094837,30556.41366386846
45,9855.716764145443,3270.0427539204093,1718.7521839780538,21218.2569284135,32246.5568570925,2406.331539437499,356.25930451351866,23162.660486490873,22326.141067117474,30479.01359512493
46,9605.42094755252,2719.769392127009,1481.6305099770464,23670.499872014407,31837.664762272943,2214.4359643317766,288.0179665452382,22480.317289566177,22308.056182288212,31704.12467229162
47,8854.632581900512,2482.054851559298,2296.3690741509004,23132.84172719406,33545.59998610815,2576.397426496004,291.4910229607136,22863.18214284825,22498.88049953938,31268.50862537907
48,11399.980991142667,2676.820543568387,2774.0941780609655,22972.196351532486,33418.435948657025,2546.385984458037,263.91185972270364,22176.02283186023,23467.166199337047,29706.489623025103
49,11490.521830371803,2348.4827813876113,2179.4295038354676,22691.755974578205,36690.94365018681,2364.727852310289,185.36927397037005,20735.938988753944,23629.799046491386,29076.735878036954
50,11663.252653297593,2296.878079291334,2366.3512293901435,22589.966717750463,36026.46174265088,2095.688680036672,172.1418319334565,20668.49382047294,24033.710082657322,28835.357601284697
51,11682.381039887836,2371.9608087393563,2338.950918690167,23682.23051510817,34380.75056473961,1760.256841665003,165.13240874869294,20424.41612002039,24476.572896793845,28088.272483673198
52,11389.737718485037,2326.491525946386,3387.685062329195,22500.10383783745,34306.9133745419,1634.9875646633259,188.97337993564958,22314.58923557319,24316.174801322264,27571.288744519028
53,12152.842193691957,3157.545824927959,3481.39787197032,21989.922737719655,32884.927619315575,3012.486639713636,137.02455160425967,21231.89206953155,23450.73684929343,29101.92052830034
54,11888.174040869782,3105.1797207405616,3350.553634230176,22360.243227696265,32927.00253923084,3039.764981768018,96.53976393074585,21896.568039736252,22779.724876649365,29587.34862467992
55,12394.314005931543,3498.196724315711,3682.0958382993313,22040.500810676185,33385.37428895508,3113.0713519804895,129.43085658069634,22092.37191224411,23449.65784954418,28047.407510409772
56,13807.228127163256,3722.354140148179,3271.56246184774,21548.497613769607,31494.95073388036,3461.660867801566,90.42698893344172,21830.788871506687,22171.324584003778,28138.746743195108
57,14474.558641948539,3604.4898801077543,3172.861923993611,20727.75365084218,31521.419712711926,3403.9760317372397,100.61285282503512,22939.241110167026,21189.190481128102,27780.750143389057
58,14986.351405700321,5532.571879670869,3193.1909308796007,20038.84588364067,30881.507279882746,3626.641391509759,114.26900665789157,23728.520310068103,21151.19255289748,26596.36595164137
59,15835.12995916886,5906.470509552948,3160.928467446173,20251.4392614431,28789.73357755209,5812.666736828689,78.1050459483774,23458.38454820807,20993.175196167173,26270.166223837965
60,14772.562758484491,6103.295233611805,3388.9647504796803,18967.514725760866,27886.252441516677,8087.302439942831,93.64010190654781,23132.787344200045,21865.449024104484,25507.350182480386
61,16432.702374725246,5560.363143740444,3913.144387414019,18378.855729820163,27197.647413465664,8766.891562062825,72.86380900425743,21566.77928579846,21367.21527180721,25436.594007585245
62,15641.22123205864,5389.932928648011,3484.1745070051684,16776.385302714738,27937.657405210586,9420.188395102246,70.31134512906587,20543.35610874226,20949.66707767601,27902.38776660733
63,16472.795932932935,5485.100573476018,3625.9679085798916,16876.355188933943,27183.865471861605,8388.858844245351,79.3958172959059,22074.60990718075,20620.530442179508,27165.490695085657
64,18854.67599372522,5008.738188350922,3707.9454394314303,16400.624399804816,24514.995031248167,8079.331059154609,66.5768155624707,21180.58242283341,19772.802587315633,26936.29086726696
65,17484.510668568277,4840.927500921146,3657.268604880496,15466.40600782371,26133.71922295573,7684.465580799076,40.0810750863197,20389.62092502059,19193.096149906414,26626.6187671432
66,17890.678408958778,5183.442283112256,3877.0750170500296,15450.488567678463,26078.843695256106,7353.706825152442,65.04822363231528,20236.274776014376,19078.191693392822,26240.96894547266
67,17555.53444041398,4806.744818537832,4802.700098135832,14494.609755043559,28843.51953164169,7403.734582296366,71.30292545451762,19829.866672121876,20222.328285166634,24715.152955456826
68,17048.246761761726,5703.953309885322,5066.5579580169915,13723.585424706655,28798.772195345227,6464.1360821962935,61.49040444713174,20866.319010146417,19936.374774753105,24179.767357114342
69,16412.39872793592,9612.975503480664,4901.600084939785,14781.382266116492,26918.132915660957,7110.257351879511,60.70386398838455,19911.656268596325,18955.615925727714,22946.011499580207
70,16517.518414586117,10330.653740788439,5279.374830351993,14190.740775553275,28094.784246785068,6951.738260247719,67.73814086412902,18981.73556830325,18310.492632156976,22632.416821206534
71,15854.16325132422,10806.89442186637,5042.955843833272,16038.306143568325,27161.402190943212,7236.501232820182,87.03106512155813,16862.203242088846,17093.711326226912,22718.588647996734
72,15293.420042334852,10268.732288380175,5484.850405408063,17035.853556381517,25283.579293749946,6802.813767221441,41.94730442976193,16257.196696850795,17745.279596336717,21729.258863499294
73,14366.484611410679,10987.92855180693,5772.231804711033,16583.33177063221,24193.1252566455,8001.721356744502,32.53153493854707,16442.818044481806,17581.900084218087,20850.156625202355
74,16559.831038747936,10342.257745704244,5432.002784970832,16672.932453610105,21689.740802039123,7804.938314795034,40.530621199511494,16357.182523664162,16631.552576900904,20651.13275639061
75,19372.470621030006,10273.495059265291,5158.916950715316,16741.506026191397,22034.98852938041,7001.158248989437,15.556658259398342,16109.526642321605,15453.923759299752,19327.968987285487
76,22037.581863127325,10157.33281565957,5191.522064770933,15842.524694644948,21541.582036562446,6965.768775689274,16.086080688554066,16138.797235105876,14419.3911524375,20001.794750238456
77,20365.475679806732,9942.912988287071,5239.599998873919,17404.470099424736,21668.848377988554,7172.399547112898,17.596422523599134,16646.93770300434,15081.074495689254,20141.838537031796
78,20599.628175062127,11486.773566127817,4869.263612647459,17473.573020977063,21167.85628875091,6561.899516209795,8.540779014914872,15998.835532197081,14349.187063820365,19298.25829306176
79,22845.867705429468,11233.933272481021,4922.282401044965,15869.485875341503,22072.050256378774,6762.605161967028,8.181496657350696,15649.616941818847,13639.232057226742,19239.640651837413
80,23653.84386848324,11425.373888002137,4864.72547168879,15013.664750995873,21377.915432013473,7622.180488644825,7.961269973529571,15329.11127690151,13297.18738462014,19722.589981563517
81,23846.627323834862,11204.39336979005,6130.141233377501,15192.956479018056,21573.83576077873,7750.511465941246,7.876578040199838,15542.411789692962,13245.231295925822,19787.10743814223
82,22780.63794506632,13948.194869662118,6448.44653594832,14684.733025197665,22344.598401580584,7462.9880758632025,16.905835372044383,14690.53342209532,15627.283735560235,18812.771185267928
83,22780.301162374955,13859.28735165927,6725.125969527119,15402.692047821212,23011.646067310987,7881.568328471312,7.903614660584964,14568.969130554236,15498.700631978903,19427.02849295944
84,21839.202272259867,12747.55801378345,6214.03177622179,14864.207981339201,22300.92218096779,9792.17547266549,7.927055811216345,14427.203453568136,15592.792940289337,18691.010208756623
85,23111.219802554242,11162.414395054235,6386.701680220877,13967.84891385197,21262.090243111357,11182.798307382753,16.994502265159287,14992.583254242974,14781.097804852203,17837.301479108126
86,22983.23471516899,12481.47285518205,6215.209365711618,13756.839034623616,19759.102274900863,10759.136385787391,0.0,14289.595360307067,16941.217373441843,17921.48308522029
87,24149.61776840675,12485.054636551102,6012.656325975719,12275.226177009563,20087.35988466171,9696.771049211722,717.1799230263592,13666.250604153234,17536.673757132186,18680.559924427755
88,25303.704245102334,12209.315730052338,6114.812768146449,13126.96679207079,20635.272213226326,9953.991238669892,800.4004497686043,13384.315431794668,17894.683030109914,18210.141126074817
89,24809.5494007428,11582.473955613847,4058.392350105968,13391.134066455856,20264.608030570686,11725.92154784184,798.285886863818,14411.7053648263,19285.763961951092,18454.67300575212
90,24383.269384794563,11141.510462194006,3570.8131179852608,11951.50515132024,20265.11728977542,14375.481287358962,889.4582789951311,14423.068956364947,17571.31236944243,16888.564353824728
91,23248.321901510582,10933.143019508536,3366.8045070549215,10872.596274841242,20792.576006073887,18501.64417654004,717.1723020845366,14918.898722905818,16449.54873037575,15267.202854856214
92,22855.990825475605,10965.862217885955,3358.851938683093,13168.408412290455,20752.43029763636,18797.784648263285,691.9629760329822,14959.510407142654,16382.302133232784,15858.940463146808
93,22719.311516998438,10884.0356465317,3137.832532459135,14253.210502757409,21784.503666829314,19294.603932183734,785.1839415756732,14744.158871898673,16739.572953157625,16268.3644130684
94,23700.369423717777,10513.73046428308,2866.4066125005697,14724.343973325967,20762.391243143895,21639.371661635385,794.5081636787064,14428.247027185054,16596.773481323646,16600.481514168605
95,23367.98406800329,10365.627516803495,2625.2163046849914,13851.569858488077,21716.423796185565,21238.84273737042,783.7429283367729,15717.644004068457,17135.384077172548,16244.303019547904
96,22990.119986905207,10943.645742558261,2263.870443378362,15396.40998715444,21240.345074765864,21583.82938304073,839.9488730927715,15720.745355631785,17435.3262833081,16377.809466133162
97,22538.505854330473,10559.837395293443,2030.7267234979931,17362.80920016076,20406.77154923682,24108.885362169978,307.42645436734216,14430.875831238964,17428.687735536525,17111.869859358183
98,22210.59566195504,10361.3530398165,2323.2891960861343,17042.344790999636,20170.14164039025,23519.904522149653,256.19775735385554,15064.573945207547,20310.09958584272,16629.697163326968
99,23560.58234828116,10449.21289640449,2157.0972019320184,17265.079372330438,20465.258213344518,22107.62246304034,268.5302077602951,14773.943573792725,22160.88499876456,16779.11822618294
100,22803.560625834667,9655.534474286735,1888.3116640200553,15356.751059009179,22412.021810583385,20877.09669696409,285.5654193437839,14472.15151882619,21953.94261864595,18546.110103322844
101,23493.583405155405,9279.824253731545,2016.033702354921,15236.066699670517,22120.989280165606,20567.208830642267,186.84050907242354,14646.525586276071,20980.971472990226,17219.704228012743
102,22307.255120466034,10117.669184888797,1723.506957557354,14659.143326259982,21578.210069783367,24310.58406990159,169.32715016197506,15056.662945762848,20106.118579194364,16694.066244439044
103,23255.97365093192,9389.365086123715,1653.3488208277033,14814.181630778012,22306.03219570923,25688.972823316937,192.5250959053218,14497.503788578706,17855.379357649526,19996.297757597815
104,22918.777960905354,9549.266497987177,1552.875423403268,14039.604611455217,24335.54630262463,24432.571985784096,138.06767158391276,15129.303936855158,20179.579395302546,20369.47640788721
105,23107.02641485151,12612.477345645833,1467.3990990999816,14280.939785037584,24689.52121848776,24037.730233742626,108.42911319660314,14856.589440548012,20327.87734746626,19880.694516388226
106,23163.131575597785,13923.00530743533,1405.4161425633533,14899.388873662889,24182.878582494734,23391.918443556257,92.76174920748018,14824.354138694234,22384.29770770573,19539.19533704154
107,23078.286738251532,13757.354029917211,1394.8329168257037,13920.749385852043,23761.06144934563,23535.135092607867,103.08138816499866,16033.779281021203,22108.26026687347,19809.16391475894
108,22257.606359631383,13927.34940563396,1475.016329468138,13928.103672949765,23273.680792648065,23508.024110638526,104.27878465310611,16168.378958407899,22351.3339411148,20684.777793484056
109,20548.682216736077,14221.63131110474,818.0627180720998,13409.65246607546,25011.331898649878,22488.386505432503,110.57337021387906,15309.53131216899,22542.09846931496,23184.29225203713
110,20370.781011829324,14487.342263278928,677.7071491058837,14202.534601266749,25326.670739912934,23350.430791955536,67.06204340466627,14702.47997453686,22457.64834438372,23060.633621950794
111,20389.820968060776,17252.02305198947,871.1695762133206,16757.270811814342,24965.125027330483,22157.225465529038,29.936591452069326,14130.429447044564,20537.14848738532,21445.353809657812
112,19884.54737386629,16483.13193869724,873.5771362412978,15383.070150488587,28978.39088972377,22685.835999674848,41.28825726590114,12760.309794717883,19341.597613739767,21187.22674240291
113,18968.675853755845,18127.70874001779,869.5484705343705,16331.367094362324,29647.27336383558,21923.01472648879,39.51772906790097,12649.635263633747,18834.573298155465,21204.782866286845
114,19435.311222104163,18022.36115007044,1044.0675120807618,15519.585613450472,29298.376655366053,21352.965109354922,38.24396346838753,13091.044698379703,18559.11253775799,21862.37115011323
115,19374.38276522244,18652.869574469525,1204.2153153368743,15697.211919233529,29777.785154356083,20533.13289239351,37.58093451691635,14683.413601807271,18755.786291055196,21687.07354425127
116,18699.217379084726,20624.058949676855,1284.7544192669313,14248.522068492299,28274.59386601353,22057.563672473625,37.143659146253654,14905.461988959398,18328.63886958325,21613.89215431532
117,17780.79779792882,19446.98124943282,1124.0365972528857,15417.268950756257,29016.11516853297,22282.99175246647,18.928174543456283,14851.177292862536,17983.991974385284,20478.586019962306
118,17875.575032016473,18148.83586526996,2486.049252074251,14171.45785118945,27805.54218222555,23749.143674694278,0.0,15797.842930245764,17041.596730293888,19872.528641076795
119,17322.12575633626,17954.66419179239,2382.5743398676914,12957.889594450957,27274.05046544591,23721.48246264329,1157.4404625369507,15465.71655470238,15869.676956616835,21781.929191360265
120,16660.509102965025,17741.537916718433,1868.6612198423106,13676.038300506389,27369.81925052955,22440.935437564665,1262.110650351052,16449.80546330171,18180.785629274957,20988.026566768
121,16789.672764676026,18057.384156942557,1752.240375391634,15002.503004936525,26935.361390345002,23017.305161445292,1043.3899661881915,17351.855860868483,20198.038131335095,20230.86053727026
122,16770.489409407415,17358.582971075077,2005.6770387280756,13284.049832579429,27156.15452306104,22967.150890806017,841.1087984754269,17756.539520682432,19124.90272354987,24894.726034209794
123,16136.12688519756,18149.894682541824,1872.9753109250107,12985.440272309497,27056.680655118176,23525.201898478026,901.1542997901329,20043.42228435898,19333.206669123436,24862.841168612726
124,16573.098996883033,18008.474964447203,1455.8904614982089,12422.687939039644,25734.663267439348,24406.105304308898,783.9342235690464,20855.126515711036,20695.580119511415,24505.72127691742
125,15904.261522871171,17671.810510876305,1715.689695639552,11933.576433265185,26262.74717680378,23941.21331782999,839.1434409324083,20124.8954156932,22668.176344293406,23711.883192988025
126,18166.785137866293,18323.05471572972,1643.5704787498278,10402.211410802414,25086.688450306596,23345.260827531492,680.7513394172518,19303.90344837023,22269.51605822667,24606.74332198132
127,17691.657902350278,18141.872047736873,1279.406672036936,9945.315965587855,24231.581532802164,22756.83660811546,595.3346544501994,19328.704936507886,23709.245414081626,23942.565672219196
128,17889.69097418995,17214.819524677,1458.0928616245963,9539.506840880322,24121.65163753368,22769.901971653584,617.6785304350911,18674.749802847087,23217.348323712486,27143.61882444631
129,17197.43773908608,16698.35420612441,3043.2510783169014,9052.938194783932,24037.76381378308,22084.65968900601,541.2974003646744,20903.81611004279,23652.40749166319,28174.4996762684
130,17427.000376554875,17244.281894410877,3310.2674451655685,12137.420395524221,23513.79218902864,21251.13039846702,418.3074980882438,22039.780830093947,24252.027818912524,26702.62557381132
131,16712.406538702395,16969.918563162577,3380.9236800627614,12332.420228386376,23131.744763994393,22386.939856205005,473.254831779516,23371.543391980405,23849.290273805153,26952.836388616222
132,15415.450167086497,15496.605289660476,2901.6384175196727,16285.283548239704,24103.574854279843,22074.600457859247,347.40824541178387,22546.919220991575,22923.23541631553,24060.515681520155
133,15080.866442296332,15130.035496691771,2922.7050438981832,14976.951466484024,22115.780889529447,22810.517879205927,325.09608479958064,24708.748252900667,22359.09900295729,23896.42457888938
134,15346.046598319446,15050.234057403297,3677.3527502938355,14838.50221366163,22710.392206469405,23071.402834241588,277.2087249024179,24181.449768068058,22476.405950223663,24665.568711672437
135,14184.694536316458,14508.217994481523,5741.120994161447,14658.098358057914,23091.41350655204,23595.85971380036,293.8632216151621,26390.053833661274,22824.174516708892,24307.107192164283
136,15271.863185623446,15552.977713323047,5878.609595171387,15168.39363379735,23066.30332239481,24634.64057165696,301.0321340839981,26704.778633585633,22530.49778413168,24065.22674323515
137,14571.420085485344,15307.134625524226,6671.492331910512,14821.379628134911,22761.2183620976,24147.532567088467,230.1354835323098,28765.1840582316,22324.115132387014,23748.413672507126
138,14042.562055778224,14115.174375337818,6830.29183939762,15276.28519533768,22855.9161051782,23849.322794037053,186.64300440819028,29477.25190170335,21740.202191763503,24403.611403125145
139,13932.705447126922,13125.513275462019,6889.2727363944,15218.354994185387,23430.94580358592,21703.1847802762,181.69836914191077,29415.823166809074,22989.594246353863,23151.50515645284
140,15718.30117188547,13269.215489670407,7106.445685980737,13362.696635714155,24381.831544567605,20725.67109583753,149.6775745232353,28061.771151210607,22145.310711725382,23542.804280160137
141,15646.867644469392,13971.090624864402,8246.213063786552,12643.477346105832,24401.87359784113,21695.172843181335,104.31168028471618,27596.506175611354,22382.937606917134,22577.28849869619
142,14863.876694085699,14689.878193488605,10714.312011835802,12557.841820288468,23133.614742203034,21536.376906776404,147.016430123677,26447.36116686061,23422.8702060864,23387.589979765467
143,15076.415746701725,17095.608530062495,10963.859771154946,13160.031842580258,23106.457671987733,21474.157789997385,166.37330542968436,25195.97492071601,24182.90443001643,23051.13876037684
144,15264.43981852862,18276.030853208595,11061.511157057688,14325.181887233053,22839.112886623276,21110.89563739859,111.0156669042217,24770.234259703917,22556.895006523537,23278.93331423669
145,15430.314192613785,18852.343892630153,10667.316123687693,14880.981396906322,24048.379115189153,20544.33648848644,122.44881517070739,26957.859601437678,22050.63137705739,22491.408929874317
146,15995.758068197782,18717.971003751732,11513.682634124361,16091.09610405135,22864.335606574965,21771.17849336947,103.7928626790158,26306.8500890285,23045.16380300088,21420.298852954427
147,15930.217761610254,17675.985111181628,11956.043510839017,16133.575171762724,21358.056658260743,20147.511372230456,83.44214040476334,29105.792600675013,22591.393464410325,21428.888341695234
148,20270.585026091303,17234.689764041053,13078.394115839594,16237.043601966678,20327.285611894873,18887.65151489448,67.19410511810551,29247.546207275813,21494.493682833527,21510.41321742042
149,20156.117300058366,18162.528146201927,14855.436817466212,16582.102573653767,19497.667850589572,18243.02910913783,62.35359231668532,31915.254769537514,20993.57722801172,22456.719946056484
150,21987.312053566857,17805.12637934535,14506.724399954473,20195.86986389267,20105.47956182034,18141.443671448786,72.03648345147124,30620.551923280196,20643.01495374742,21441.037497822523
151,20772.582945047634,19629.131877402204,14316.409482285702,19568.890142745153,21659.478989259373,17779.83001329548,80.74518816413512,29080.13403682784,19666.47929647009,21179.33287073504
152,20077.489896519743,18817.23553472781,14728.351596771849,20945.250270982473,19743.44144815049,17199.59799415522,73.24174820077418,28267.5590615462,18873.029926293882,20651.136655112976
153,19298.889628523593,18555.751942540213,16863.019167454757,22232.18298147549,21364.970669257757,16580.500727701026,26.781353991736395,26875.74075660805,18186.761800947108,20391.46947568079
154,19034.278030866655,17649.43311023507,16702.02328545911,21651.65155136091,22215.803469848343,15932.404898213807,30.48072438041496,28157.46280290799,18069.931778100145,20688.70041020864
155,18500.578673358843,17527.346201174376,14040.227700217338,21465.09470081456,22155.37120695817,16024.417412651603,65.21600397868103,29454.498188537258,19170.865866504,24914.11994503157
156,17509.895502934218,17368.327738143675,20105.52291095909,20502.401866380213,21017.52551061924,18046.043509767856,36.81716335307272,28555.608708450585,17817.92400139235,24776.793299682577
157,18620.65570162783,16265.129642575628,19462.657228685333,19585.591657928522,21440.143131520777,18215.262113109085,19.00845200021746,32518.39080947632,18134.910408008865,24568.05678977074
158,18104.794018777648,16166.80884495711,19558.185119120306,20323.419280322527,21559.27245762669,19781.284096314106,39.69631805003243,33976.03084784604,18593.682570785266,23604.05380824281
159,18247.132222406268,15764.739863819334,19932.1675299683,22712.776876567383,23192.13474080556,20409.317720245166,43.109377478168994,32252.355821082805,18853.74925502145,23307.2460536635
160,18248.457868099522,15884.93815185566,19449.786441922846,22986.43643795937,24231.915943159627,20097.425927526398,31.717846817858273,31534.848644215537,18801.09361676802,23072.73026621819
161,17907.078925498,17613.265060214893,18875.237660340437,22944.95384957003,23832.651677446614,20035.272804601256,30.187319665088197,30305.513242196615,18365.828897272753,22541.79786120023
162,17325.01476471539,20232.06631292413,18888.685579168898,19794.514140558327,24039.024225977977,18619.041175862836,10.778502863921238,30862.5730732839,20379.3360990963,21258.87535474556
163,16455.948537138866,19520.954574131352,18396.315024433403,20257.19416079016,24403.5571077309,17870.299071144946,9.663019729848806,30542.276870164776,21442.973620104945,21033.198734453472
164,16306.638275945488,21404.477900017853,17698.301251878824,21379.274176184863,24847.59739837151,17410.39901784065,10.724478141494547,29903.687911728815,19949.89412411902,23232.121611295082
165,15934.226863820439,20149.716525707896,17657.722072570574,19523.598369654545,26254.862534853644,16715.556458026902,10.945530968161327,31602.84844548267,23520.168539708142,20809.102221835128
166,14522.005750781507,19420.93688181193,18252.66322054733,18901.861665711138,26587.801778925157,16890.404695370315,0.3681599558530735,31755.509856336677,22637.78049154079,21411.87548142131
167,14174.936691297513,21718.04611849799,18574.902558815047,19159.445205964246,25178.49953064505,15757.729784212721,8.31821099318953,30066.990411052593,25453.23387782084,21853.589731543536
168,14407.711890361006,22812.053394751292,18532.468931289215,20930.85640131234,24625.861132164475,15711.120189911993,32.26932178238425,30168.53652763749,25891.360114889783,21833.13717073353
169,13785.305615813897,22893.68743321212,17368.649816309324,22074.696096906373,24333.420435437147,15172.78846883661,14.257009375908943,30777.30003096333,26896.384982752243,21659.42812902037
170,13474.309121792898,23484.9641363887,17620.974238141782,22660.41504519062,24111.48320475646,14849.794318446042,12.866919804101546,30520.915582918038,27946.190628422384,21192.460488572488
171,13615.933540561058,22932.651891458856,17569.249955640542,22960.513672364756,24695.464547324704,15246.720529003245,27.844109076029824,31119.342025812246,28394.383481373796,21316.097398591875
172,13950.494649075135,22715.82871989961,17897.23074347187,23116.014773971103,24453.97104161536,15169.584943306743,26.936780184394802,31237.749359370075,28513.231639994734,21886.34929259811
173,13628.24115537627,22796.915591755813,18323.780692330572,23479.322089688645,24798.597235241472,15495.494786445273,26.098410429505655,31521.351257817863,29225.52448950006,22189.374783045034
174,14156.439396699938,23072.75834473764,18649.56974139498,23672.28902474702,24509.923015907923,15842.696743180944,12.296681776263707,31887.851390938413,29761.106034581568,22294.84342745623
175,13953.099157994304,23825.48502273554,18873.45249040649,23235.795986624424,25472.23317858142,15482.238847724899,11.609336069837292,31942.465751441665,28875.431822966104,22813.15671631053
176,13097.566729350003,23956.822451601685,18618.1047142979,22892.201696946213,24976.069142131484,15293.216995501145,11.061439441117296,31782.324068872313,29448.25773967502,22930.008050812165
177,13357.991657450371,24067.275586800628,18999.48879246183,22969.869080323246,24618.07919703328,15464.463827905045,10.512092348167375,31549.00056252729,28292.446414827056,22437.914110820566
178,13462.308548356661,23763.937595526757,18317.386257752136,23251.439940448192,25192.81402647304,14758.768735305512,22.98174986864031,31884.675336718006,28743.740714664826,22267.880885689723
179,13624.823883224562,23643.866172683636,17963.048677828538,23292.653878912235,25478.570023957545,14894.557950238315,0.0,32570.799810343116,28868.649752735237,22302.897753561483
180,13559.600869650905,23084.265136490252,17032.731163261597,23191.598870906902,24656.032531837267,13834.58799967347,1500.7925191834584,33647.04361411831,30786.288805992004,21010.76511993542
181,13245.534995840559,24168.512572125626,16953.81889084684,22965.316532754303,23182.420499155156,15197.758384215336,1403.9402425784092,34453.92236595779,29869.39872501554,20602.490040740166
182,13548.036300281281,24361.818522869526,17139.260511478296,23182.934042496872,23617.933526658628,15063.866590909936,1277.376943328235,34769.6428234571,30382.13154360873,21000.013250610766
183,13965.699172037012,24260.12605055607,17640.829901125908,24137.5300920547,24481.094866949697,15798.59694319249,1308.1754928368898,34858.28498390345,31299.367699036207,21898.310275489766
184,14341.18200680005,25958.19537738992,17342.113551979168,24312.481614644512,24672.106321795032,15708.14276443203,1325.5201217704948,34730.91281970937,32436.31088784247,22563.418805854333
185,14439.65118353697,25297.196482926378,18092.290279280463,24149.79315034786,25697.039254858315,15997.972220018477,1240.7402843227846,35146.738907524676,32707.804378754947,22355.51545362624
186,14657.563671087739,25401.42131008929,18706.350823372068,24061.1658740073,25635.243652573976,15880.960115990969,1306.648294144591,34032.51248595774,32172.116790705986,22525.538389191846
187,14071.172741676215,25615.157016280395,18267.364095646248,24116.100690148418,24776.332690736177,15550.665427073072,981.7704014639118,34953.4303067381,31262.883347868472,22341.95249972881
188,14360.64647234891,25697.198856021918,17513.265993923458,25362.52239689403,25334.483938555823,15923.282848635445,818.3580532188444,35013.05282920383,32208.31532449409,22461.15457609481
189,15146.241345501905,26563.507665488956,18515.342950810867,25351.570722377513,25899.99513541637,16341.075157414374,740.1297712324362,34954.19857970929,33192.999527821514,22762.095114430555
190,15150.461886136198,27344.21576245844,18228.976863027,26310.357869638075,24809.51786970225,16628.6026147505,738.7329041143406,35870.260850011866,33538.30221804972,23512.243235354534
191,15785.815765311452,27785.65092895185,17184.773706949356,26794.772477966566,26180.003204740377,16566.222474881826,628.5872098755,36872.67123476526,34460.68754861013,24583.438634133516
192,15246.675713331168,27315.463592465618,17986.42202027898,26635.34283885949,25782.061039633703,16820.97880677042,626.4637361752573,36289.13121596206,33596.24976830197,23533.180280701854
193,14370.239204971065,26853.768528456992,17620.10159433349,26416.757022067995,26240.15592615582,16877.809825232478,691.6014516793482,36449.3146088499,32455.613951505096,23628.394153450223
194,13874.535006083159,28192.43485891296,18024.245324684933,27600.26182076439,27353.876118334447,15836.324619279383,445.70409656088697,37696.1318831319,31734.004441324112,23162.110925439676
195,13482.105276613003,29835.50868210032,18537.223138198853,27471.473712109593,26948.447749881536,15505.968064455083,422.8778172365887,37770.48700884705,33162.15160936372,23464.636244753176
196,13169.984518946618,31029.022468591567,18883.96693854025,27548.384485136776,27216.89146895486,16057.792244891965,595.9778566552551,37858.60483622307,33990.35229510264,23338.499543118636
197,12951.796532865492,29082.667755453687,18420.83195428073,27691.41735975726,28114.76809171904,16654.69673401722,569.8833987740495,38372.74538510004,35610.2859452231,23823.5651892416
198,12214.9325140165,30200.173503074548,17861.763332588675,27245.43549058165,28693.72802632451,16588.993595413904,468.3588091890936,38464.31742352965,34809.8466198687,23730.599697667625
199,10733.678761991261,29973.475153106105,18357.40244684519,27419.92458020463,28167.6871585279,16830.509500368185,507.5830589946054,39249.09558086887,34438.112756116214,23551.60890042494
200,10308.267170442357,30600.665974981086,18135.67535499545,26973.399701025377,27819.765132052264,17133.6111647759,730.6502194399833,38328.309028005955,33896.09793599022,23296.27966405461
201,10767.175850632882,30900.75103471466,18153.701272999915,27747.024894504942,27242.239476739178,17056.61720784971,724.7064401580836,38274.06118678364,34795.90544430606,22652.461308382433
202,11295.441474953777,32315.64349298603,18026.710893368905,28300.85696634944,28410.781639806093,18618.292331002915,933.2102157856713,38485.20110588832,35806.99036168433,22058.019298903615
203,10910.266551237906,33177.08138548816,17739.47608677927,30975.224316182015,30303.202339207477,19769.10058280648,792.2337416632016,38336.508358208644,36674.199086918445,19745.29031396872
204,11105.197868471874,33886.545452540944,17622.069209962377,32051.91157601772,32172.05877165777,19954.108772908643,582.244470572563,40504.83923384433,39020.5114115126,18858.579147380715
205,11205.498685131837,34377.634740932066,18109.23752156762,32097.307344788474,33376.89334560818,20502.841364853713,364.2935427747194,41972.39410366932,40838.90573453676,19783.82413449547
206,11521.12110849309,34899.56016435967,18211.22349076706,33487.073073239124,33429.012871738436,20759.2236994526,390.5716429707888,42991.070940276884,40996.71975884991,21262.75099384074
207,11701.29561182413,34975.992298298595,18554.30087928009,33606.59415360257,33282.799803192574,20696.044597658838,387.6654329409958,43059.57311459243,39618.65056466848,20928.85148606644
208,11313.845058467723,33690.734864928614,17049.93557963119,32716.347528897568,32289.31315212058,20239.744471107366,309.4312490073734,41737.485079446546,39589.88568830194,19229.772214817738
209,9730.350349788008,32395.977444830387,17042.36192269845,31304.665058901563,30211.013641450536,20013.39311799656,448.5732192856183,41737.38840120717,39501.328768973144,17412.40300533649
210,9518.969934205594,33098.95526258693,17426.904356650128,34112.695316818244,29286.244245268426,19786.55399357406,359.7792508894967,41978.37126279129,40224.3768136379,16706.390921155966
211,9672.324104969357,35544.543807920854,17824.79113263358,34899.52675455354,31681.852272823653,20722.457218052325,322.27891039135363,44693.933234721124,41478.74934534469,16601.96451998548
212,9993.112917143939,35435.30945059885,18197.738021783094,35208.288258906956,32518.48378073176,21863.4381578556,340.64739192713193,44112.33091470636,42206.03843912579,17606.053616687874
213,10923.393616118923,36502.67989332213,17657.15872430095,35806.02638592813,33709.922450087746,21378.503203825236,359.37292681076946,45270.46363470473,42192.06317035692,17696.866931181085
214,9913.034994215926,37340.409329978065,17247.489503263838,35403.564803489324,33127.838846538376,21132.186213710953,284.837855078128,44920.15604586883,43163.30352336116,16379.705922893376
215,9685.856154481164,36391.42396559467,16759.97906804856,34185.62685481761,31888.490313549148,20252.997302612344,226.07807089099154,44554.73490617695,40264.57312906181,16431.06502943442
216,9470.481148419025,36414.874184967266,16133.112201680244,32167.590735119225,29502.958359139757,18921.570618816004,200.0150578429264,42805.60045639106,39152.218654662654,16213.178814769173
217,9784.980075746436,35268.190209884815,16614.057385811077,32647.392898203365,30227.940677246363,19505.44241970194,225.54033957907635,42165.34630136081,38755.64701929568,16198.539115839605
218,10069.368263285605,36442.91152889905,17611.44074125335,33280.741774464725,31033.30345273556,21053.15927953623,242.7186400574708,43243.34173853707,40307.80713084398,16781.36204447428
219,9522.703753537897,36706.38169908212,17703.093046450493,34060.11875865594,32059.621505875548,21081.15184557044,248.30420088904214,41806.696431651,40951.16019019996,16091.32485974117
220,10179.19097902513,37158.31057604889,17913.879184421836,34419.87146087552,32996.64251255506,21364.883088512644,267.05896639255843,42753.69155721432,40582.55422816089,17512.86498281892
221,10464.487247640507,39208.007935855545,18611.26980355249,35174.06105563366,32876.37006995842,21388.608748117742,198.0624535219927,44045.95427680179,42538.78962577652,16484.877552381382
222,10369.711197589242,39720.497657858665,19216.99196496309,35061.96158911872,33308.9872311818,21832.21930796705,184.6010997493508,44545.74165868996,44136.28284374283,17653.294440592003
223,10928.149690322598,39230.76164720793,19110.394479906758,36081.95310238887,34376.003083136246,21917.167058761035,210.66313690951557,43862.41306539104,44486.82265504231,18286.354854350102
224,10448.40579033986,37112.47947819725,18545.093926570797,35150.42335567468,32112.296929832344,20296.904263220807,190.24520431353173,43540.06364451029,40722.479758723726,17370.382301493824
225,9706.010172420902,36663.28835453655,17736.24972431847,32957.35737335308,30984.804761326206,20506.178693755828,175.38218398460825,42357.02563697642,40140.90223435682,16579.312612734866
226,10394.865717923927,37390.56183995907,18169.106472383344,33974.1412490745,30960.213976331976,20614.99207816481,175.0097156250626,44457.73640143684,41884.032976959665,16039.84491720726
227,10105.936661388976,37345.10282277253,18905.891808909637,34495.964079283185,32060.452731292837,20960.7511692071,141.88086432335083,45790.5915280179,42193.38951802131,17124.07473294542
228,10466.172345367022,37842.35638702508,19265.228480998954,36886.161778380636,33433.136368429114,20932.18223927245,139.46650098584152,45882.77885227188,43353.8355204903,17448.934174348895
229,10905.389110006927,39628.60311110856,19279.189214645306,36776.790148108346,34645.81876702055,21142.126643806656,83.84446098477912,47633.1525495316,43627.92398062378,17848.149171200082
230,11015.510252303895,39609.39742138616,19593.11241734779,38558.86871818399,34503.599466409934,21650.909909367096,110.15809241369321,47337.98980112858,46713.26807083562,17791.847451347232
231,10904.3475948761,41189.233480012896,19582.634889046414,38731.62095254028,35464.41743842838,22465.90000950632,104.35725718905432,48321.31030331754,45563.10350873137,17523.286166594684
232,11223.78809836021,40794.62001210206,19644.453478632717,38086.163842011585,34759.24451138667,22900.333881654806,101.9294045303866,49289.5282585042,46594.67527099118,18805.03818506809
233,11441.611839913727,41793.900692281284,19615.175175561573,39013.61943274043,35243.38486538312,23869.196458846433,124.61900403253169,49101.708782659756,46657.47456561004,18259.07018571434
234,11345.97930950058,41101.466611909236,19680.391480828876,38881.7077710646,34725.597768514446,23182.397172306893,85.30886041222014,49831.941425278565,45325.63579923592,18577.093921026666
235,11219.501833545384,41732.302572747016,19174.24833983231,37414.56132809864,34012.687385653146,22068.615280004422,69.71044157395595,48717.589182639254,43671.776467761185,18821.242610868885
236,10634.808350568588,41910.07697959697,17991.04058995634,37006.29848256631,32604.731519818997,21484.441365328086,74.79073598695452,47353.59536548868,44454.33088815536,17404.636068321925
237,10089.335670657469,39787.855013931214,17928.46766804899,36770.707452388146,33249.35743646265,21716.471279723493,57.13258121824416,45398.713704461705,42346.826324893904,16172.292882665302
238,10340.80856899305,41222.89491586575,18589.480376615906,37461.66010955229,32535.23991017262,22437.49967619678,82.8901757704818,45407.87515386313,43455.94678095241,17002.70320442655
239,10795.584403916164,41699.16490032905,19410.01418651223,38539.23711871829,34266.88007522905,23170.852393056677,116.25948610664891,46776.50321997355,45033.498298820385,16870.77090913286
240,10614.653674732588,42362.332257434195,19102.45551427305,40291.353823420206,35136.43279240814,24262.36047699132,109.55016791763914,49632.8109488827,47340.760713270116,18607.932927251743
241,11046.54823687789,44795.75524745716,20756.32941674961,41846.69001996136,36750.548170420494,24603.357059726448,68.83341087823692,51574.801303590335,49530.9618984045,18518.190313099247
242,10430.993790880962,47106.00772430217,20074.299929464047,43993.176996575145,37124.13767958275,21943.03760164139,189.8604669897557,53872.349379774285,50871.26355322272,19109.20314541646
243,9860.158746139567,44859.67081269036,17922.373750843602,42826.61035940865,35021.353076441395,20924.85637348765,218.55159077304876,49942.33046654804,48137.94215992145,18373.940538409526
244,9471.474322463166,44027.30211557105,17721.876897076825,41704.55120384232,34153.78266294387,18790.130863154507,170.36796386513564,49183.8615010193,46330.56457759588,16733.847089120012
245,9335.213356040367,42974.780488815784,18376.855494233398,41635.746300560735,34793.57657746541,19170.912138855823,172.21685059291949,47447.38796983395,47859.41792137636,17348.30327030487
246,9303.343989870673,43590.66979516444,18317.575593484165,42170.95428072146,34970.32428175472,19065.711210893816,189.97254454644602,47263.6962715645,47466.93992415797,17496.439457747547
247,9621.656636269974,43125.80676957624,18757.795581661823,42498.6372570839,35909.16628602003,19401.22094781078,180.80534703023486,48232.41758550524,48064.39766972639,18314.87585054045
248,10176.490023193577,44107.513515969295,19537.495079268294,43738.10086310625,36948.76652426466,19545.94612850137,224.55440831287356,48965.405790667595,49795.368918054526,18100.28590459119
249,10233.772949037253,44491.1945725916,19672.48527279047,45549.68316716877,37728.87189526491,21051.10453843532,134.62971855003633,50820.88670773438,48951.678652619135,18551.73029632809
250,10273.76178476271,46174.905125056684,19622.471016606898,46357.22775909342,39411.826771996995,21103.771403246028,155.02950282728284,52547.81774226214,50185.247429941934,18848.45737446347
251,10561.090651329872,45782.63786546895,20555.963720303815,46523.55484700739,40327.308290373534,21129.41857040741,145.2212454714395,52973.83555810807,49560.898895782884,18876.917246145727
252,10690.363960018,46349.193827307965,19843.02832399404,46413.337033548996,39530.83544031095,22270.722635804053,119.98415448981758,53958.098682645934,50632.50905936605,18669.19419067065
253,10463.63173075749,46303.560839334554,20081.90180224879,46492.473970088686,39580.50082869963,22109.204801750075,120.73649478795707,54555.21194808024,52096.25557823788,19374.45863725536
254,10710.277248551793,48022.2652129955,20614.930810877897,47623.75687022731,39893.23122367035,21749.690632882146,125.05989837142312,54528.86449788439,48145.52883684671,19692.518113410715
255,10792.82965284067,46976.982417950894,20336.555568341468,46224.14640116317,39416.27683305017,21345.05931175749,62.82467950896871,54447.51575872925,47332.26389446542,19534.139286177142
256,11056.395600482289,47553.89003714631,19371.729522257312,44836.70070237186,37888.76047560564,20754.086351345875,67.26702822786342,54203.40356295291,48284.326036343846,19247.52561988811
257,11114.750025458188,46847.574239882866,19588.479374912233,46722.319589474966,39167.33758935181,21460.905981124837,45.77874620786034,55374.95946644896,48913.0041923963,19310.00661336765
258,11116.871974112648,47771.71232739074,17461.139872391122,47404.257658149974,39453.970860428184,20602.766479300357,507.6609593984058,55004.64752601981,50659.88229758296,18142.073204446937
259,10870.609804063437,47160.17458368477,16985.119987902046,48682.369379947806,39228.38541605804,19648.420912406564,481.0555833277751,55007.01253302188,50071.76986616937,17900.940672908586
260,11367.948207501153,47419.2884693875,17434.088963299204,50705.96395712925,40211.76672952833,20289.4854509045,469.72354122840403,56969.89876109912,51191.434373067605,18556.49174458604
261,11674.416543391846,50704.453553071966,18852.720364075874,52296.799223008056,41426.80816440839,21177.202633940633,619.6773105251573,57472.36095769053,53473.474220893564,19939.159709963267
262,11808.872265202432,51526.07182387316,19321.072974368857,55799.89730681768,44731.41349037545,23191.738073525572,954.566063731361,61336.59718548781,57877.87128932355,20210.142668853692
263,9876.425866227877,44122.981505340715,17592.242680172527,54137.756858781366,42690.104486942546,21077.00875723777,2184.2765216754074,59291.26012334166,58819.68244297238,18643.25786327177
264,8697.386325495678,37059.204562895036,15930.485802727007,53188.526742662536,44506.52580546759,19554.31604680475,2978.1067794016376,50314.08586905058,56739.3210427124,16696.089459726718
265,8194.521863170183,35245.63034242934,12915.941232572895,50984.722361399305,42917.094354231405,18479.115501466764,2581.1704658872322,49361.23959813313,54109.143134297,14697.587236043513
266,7898.364978568581,35032.279211927795,14513.960758262085,50422.48362114904,40199.83366503652,17662.087836185994,2529.949354479393,46485.39888802194,55538.20415536518,11620.35403245613
267,8487.815808086361,37306.977882835694,14837.380889850916,53006.52284280612,41782.73256505403,18374.47923619559,2332.213766160503,47607.15033704293,57940.976991994794,12306.958928658978
268,8751.2087652633,38398.5713788223,14890.434766246533,53944.60228799653,42943.348494650665,18659.04914986282,2094.0609419897905,47717.86243035099,59615.20089265281,12866.864527312433
269,8870.462109773138,41257.29238089913,14755.101190538042,55032.38248108219,46591.104092211244,19725.268569714877,2074.196513292668,49538.43613060587,62191.8732821413,14076.455154989457
270,8844.24758321205,42427.43287578118,15606.62701884259,57043.70832798284,49218.61336244168,20505.2932284288,2192.3936452114785,52287.490543292835,65324.28709703775,14540.192605138873
271,9092.564371665876,44660.288106498774,15177.596695601906,61482.327576202326,52904.297553970406,20519.031422783075,2131.596919633385,55206.40796624032,66531.04048331495,14943.04883093184
272,9518.539652309393,44928.18979355655,15294.851790164304,64755.7854606206,51522.68412561501,21784.16236092615,1367.929811786369,60111.37004807925,69818.18765921112,12479.438048211123
273,9842.612855215688,46282.65652865275,13584.18708836163,63181.33222292184,53484.400725349784,22068.88063662147,1313.2383882773947,66193.31996369522,67712.83498766767,11504.920433808653
274,10989.584632992563,47438.87187229547,12837.113389129,67177.10281817606,39017.966956769174,19023.73637923198,1244.0878239357085,67258.58246043498,66923.49193855474,10784.958558836
275,11378.03222319015,45511.70167062435,13153.689083441606,66808.57812063869,38968.80387058388,17871.0558883981,1097.004976140314,64951.44518127944,64733.11787079291,10327.121786614003
276,10760.995352930187,46495.698838742086,12919.427798130202,64566.101366077215,35128.27411933496,17845.684505526362,976.9922884293433,63153.903073055975,61219.62564804914,9676.301254908914
277,11246.594636742777,43886.99336752318,12167.28627456617,61626.47003316723,31950.890742562908,16227.521715683686,781.451001871164,59112.810629095155,57989.75115718077,8965.234731295777
278,11118.923650914594,45327.53654154709,12748.70493457838,62244.29706531466,29965.410325268367,16527.31605987387,947.4727911935541,59071.29749654353,59450.77165225308,8563.111287290914
279,10291.441487636088,45848.847173192735,12713.547906984992,67645.32459027538,32278.42346380615,17125.539741356144,939.1456086998056,60020.5535698093,60376.270266199055,8543.177856890872
280,11212.789290790746,48493.80813994474,12832.435450508303,69043.35285864995,34992.00385861016,16716.61434204189,897.137030454407,62407.57686593274,60568.3013901035,8735.30100431104
281,10257.927599818127,50494.18729927265,12628.668267620791,69428.98152430446,36811.604363362574,17358.193836839484,878.7290640701137,62283.769191504434,65123.12111244958,8883.543271079065
282,11159.43369044954,51215.77320217373,12205.631780306252,69631.87701582514,37473.92963695686,16336.971491691444,803.484577024897,64054.449877079634,66807.45558443661,8658.558814665103
283,11198.940918069226,51639.02872644237,12735.066496910526,70603.33457901231,38257.66761756785,15900.688598174003,754.3371599475762,63270.69309115072,69627.24564652488,8344.29721331382
284,11243.345279334417,53113.61218106232,12425.910940449869,68880.13257793398,37165.91478001623,16211.599177820186,753.7498244485048,65121.13295066352,70867.60758365584,8552.850597587194
285,10570.120426782556,52693.36639847267,12337.462832039279,72429.16808331024,34691.64700560634,15520.470934547671,682.0351023534945,67339.62562535875,73322.22029925788,9818.684789500487
286,10628.349143117865,54208.707062136724,11778.978160655248,71868.59869561538,35194.218437839896,16805.05441039941,666.6138802698963,70245.7599364932,71784.76032090207,8879.094493375425
287,11215.493681263,55883.44142621667,12713.659596491661,73333.75152807898,37717.541398925845,16558.962391778063,808.3104755499544,70506.2978273104,73620.22208291173,8931.314314894054
288,12582.440152572104,55793.28607853319,13184.473721060767,75232.55982899865,38103.39978396061,16156.02897273117,585.8780899748006,67826.64389940708,75131.89923399345,7646.061858536218
289,13182.497401632612,56368.40588441082,13495.133464057752,76915.62161057391,37310.70549591179,13908.024668046875,465.51961642149246,69504.98180738995,75677.23809976513,7492.477810504771
290,12280.741633034908,57651.27782139989,14038.442076202053,78748.76968005176,38140.758553205495,14112.92811115105,538.6340976291053,68237.84387725065,75802.4538255236,7162.756467255432
291,13295.693978434509,57752.17611985727,14930.045713513693,77944.61119856821,36776.51197700016,14269.186898773263,441.82669802825575,69028.67086492233,76075.54221340414,7064.665281253861
292,13961.814004261501,59037.84381833408,14545.63753122975,80463.0701538585,37038.04171329552,14448.387207815067,422.51138707251124,70378.90146126373,78870.15124332499,6921.097237146197
293,14069.372312566516,60308.950958395515,16087.318205511161,84596.50255212317,36172.18462693653,13406.791132371005,517.6362919185058,70622.60479591115,81918.45804590145,6951.475421188329
294,15387.014437603802,61936.2340799548,16816.03059176138,87003.6958747654,35360.52509386658,13711.119003572645,493.81486280179945,72580.13763491655,84712.37720873425,6418.879460601174
295,14396.489696915793,65478.197549554505,15648.141760103195,87478.56362695289,33507.04191524376,12940.296973757955,843.4014157072385,74789.89017488233,83061.96639344866,5559.398568340635
296,15845.232153093319,65732.61808974,15919.574259542103,67926.72418885455,33912.64644773402,13851.753883986737,853.0618571449637,73879.26959835058,78854.80396465419,5597.09056956547
297,14040.258292619083,62029.55073754007,15167.318984228667,69099.60810085536,33357.356709275475,12418.191468818746,725.1296067435652,68135.51339012168,75917.41617416599,5210.10956741282
298,13414.634448634157,57696.37543345052,14196.30630150686,67835.84829154707,30767.66506886648,11751.791449420116,640.9795385828278,64924.40741133351,70880.71040449518,4988.278217365609
299,12822.05318359556,57280.14642739248,14475.576217248828,69309.60049440851,29663.198993004986,11869.966023872586,623.4926554815387,62799.60931390058,72819.31857207243,4964.101967555018
300,13822.792235160437,60008.698647948055,15231.195186700881,72244.34929825111,31732.448175278765,11775.049680861506,581.4019331790813,67195.88778502055,73205.50629792994,5375.944805545453
301,14100.549397324781,61571.796873699175,15707.589626210394,77023.66016615285,33262.817136990605,12571.167376843587,671.0232068618272,70596.86239902658,78308.97817977227,6045.3475495783
302,15755.526740790348,65294.0926183619,15498.171508965266,77404.21011970664,34181.022455119986,12320.389862433214,674.0449349715697,74280.83752354444,79415.32705891355,6018.492236955108
303,15367.238660028646,66386.51075381247,19106.700175521957,72666.75780666493,33527.7555921787,11804.632186468858,2715.264177826539,75400.21236500672,81927.62228871678,6159.381917602874
304,14670.855536897785,65007.819091364654,19001.464929743328,72023.95482861785,33866.461018232236,11937.166298645074,2477.9688044925524,75733.68332037408,80785.85513525586,6575.267574119007
305,14381.665937844635,66753.57311891079,19219.413695424115,72450.33072244089,32579.39063170533,11745.426496668368,2397.5587320750615,74002.76730809241,80790.38891824643,6140.576125861038
306,14345.026484209928,67509.76894880127,18990.833427382673,72576.09737538244,33023.68717962624,11898.201816653214,2173.928603283522,74432.30903534743,81150.26774858397,6178.894142548865
307,14561.112408489354,67168.06021543339,20404.419892823975,73727.10358353906,36324.17808708711,11343.547496314435,2522.1798376067245,76432.36425272892,83083.52502834672,6460.845208750168
308,14390.054903055723,68351.78108268407,20103.7960138861,76970.90488724684,37201.73081845867,10931.146027727624,2524.0038542686616,77750.37079546718,84967.7828849696,6776.8943412246435
309,11570.231363500585,71885.01713070417,25463.92993404058,80571.81813384582,34987.48889085191,8348.082405120245,2479.1532049024586,80461.69795290011,87278.77925839486,7576.5071961290805
310,10526.04493216046,70161.08343543972,24711.32670416948,76280.44274096354,35336.17082783789,6704.996959017862,2065.20690978431,75703.3311215192,86324.87382206995,6304.378472497357
311,10024.17202525439,64880.900050051976,27798.94717020658,72632.9808326755,34460.76915711476,6740.613823908643,1845.7070374417542,73392.87061638222,81636.81214796264,5289.535156903501
312,7749.967937949997,67859.14486645549,28307.29778621604,73865.70855248801,33674.347164651845,9538.900279314512,2102.621270489805,69946.18677105084,77828.84967746299,5167.742268567685
313,7568.497926944679,64030.76510650039,28580.625023488286,77653.58788785139,34972.73623658872,8302.850128175392,2112.21180216881,71812.46368883568,77831.30722846722,5419.970129330378
314,7582.343604792584,71089.23576840947,26692.205898813678,80366.48956371687,34664.7144780638,7637.921137002121,1981.6216343819817,72892.84863524474,82033.14777714052,4907.23132194561
315,6504.380314979167,73481.78488597559,27501.000877615927,81341.95529356257,35648.145065742516,8018.192844316344,1791.4227599106216,74797.39477524236,83546.62141098898,5069.092315238339
316,7400.769258284259,76443.05707090163,29644.685704743293,83882.7597458773,36679.838389537115,7809.51189840041,1713.259990578145,79854.34591580821,83262.27433689963,5249.374742686478
317,7564.822865801599,77904.77411873995,30195.780174681357,83279.64942799378,37765.25118243567,8033.569104193245,1723.779853407057,81246.17920390428,85486.90358076466,5245.836402420677
318,7451.160795149634,76666.21625693077,30604.06581363656,82975.4798673857,37322.87807492536,7670.992629930287,1761.9635219799736,81365.70937740446,71180.90191193213,5021.082846646583
319,7075.463597723469,75150.32327997754,30156.572347248573,81272.1625161202,38137.724566108336,7051.217999333921,1770.1824950382852,79149.17304511866,74397.03656830807,4653.014863913973
320,6801.040823991095,71790.61423831413,29127.1674301815,78821.89008756145,36598.65374665296,6308.727567400932,1687.3073994557235,76649.5400688736,73475.72129396534,4490.02004249702
321,6416.52784455794,71511.58824335726,28431.28345860774,78145.16931425995,34752.44555553029,6293.064612531465,1691.2224765073402,75987.6739057838,75422.18156435828,4477.425382911971
322,6503.3352495966665,72017.92027873601,26985.756904927228,79062.64164825488,35420.094869697336,6249.6937363339775,1939.6988356323288,76608.88688432242,75865.64092219537,4731.933203161182
323,7274.203201889542,74151.86894230051,28599.955899621356,82519.48590430462,37283.84169960776,6079.981811635507,1805.1795726651808,78726.02113869782,78020.13631970603,5041.424597469006
324,7022.115931295282,78147.18312264723,30306.673529173568,84161.81902144011,39273.39748745935,6807.351814937075,1829.993781180743,82614.26791767342,83816.9223542071,5204.383790952226
325,6669.991028108105,80377.65111671614,31286.780639936074,87471.06954010754,41000.683068276,6844.823117725629,1573.716228059035,63148.85076737128,86977.2224897317,5055.166120884337
326,6011.512938282637,78038.25462508902,30410.640370195964,87447.45298996684,39725.53667094672,6877.625634156401,1729.2082364844546,71559.52114844364,84713.6170671721,4845.469739701947
327,5288.447145671019,76514.08172044487,29843.124222948725,89090.63300000582,41322.04722982898,6578.01032341542,1653.6122454494039,73060.19624356397,84334.42125191898,4215.4792393611
328,4331.55537225743,75734.09616213515,29376.648154303737,88596.44990309389,39602.28333208394,6523.096166798414,1536.2614290358392,72566.48461794428,83722.45787475415,3541.5897396956307
329,3898.9678727870537,77297.96073184698,25816.87673760987,88416.33538194487,42715.81897278711,6406.073144687467,1389.3025300775269,74096.31018386537,85060.38544688074,3681.622330049744
330,4325.196883220528,80844.91838967864,29001.109542129165,89829.74471656098,43488.283782527506,8470.381956367137,1422.6384625700819,72199.12387518739,87050.19017446043,3620.8038388385494
331,4227.247758122977,80668.57338242559,30361.010309903195,90500.96591694985,43567.55643568177,8053.745748784128,1253.652373162914,74965.96222317997,87807.15975678942,3610.402022349633
332,4481.465130710885,82209.925594129,28853.04362056364,91950.5082953521,42034.872993237215,8118.37215606575,1294.675787330144,77464.5697723486,89667.96075039092,3320.436293306228
333,4132.738945664068,82806.45008731894,30160.85219736753,95128.75339617072,44197.517269875716,8050.628479718017,1219.2887663103008,81510.03547175221,89867.16010769857,3122.538868466708
334,4668.594388813653,83615.88531503576,29576.209237634117,97629.09209060976,44248.178848596384,8380.504705152642,1104.3792774617104,82610.64203393353,94829.77840947518,3328.8888247041523
335,3437.6144606069274,80661.75202939704,26454.98778192109,99850.19344750956,39186.58133835985,5945.231581188758,1285.038590508227,81638.07147190812,92721.44103746432,3451.176425833723
336,3990.1317936719747,78915.2250550976,25312.767245186737,95649.9159449782,38209.872266396036,5846.7521242047105,1163.5702410903937,81557.61469215482,87917.37667896153,3969.722614220178
337,3986.822335065907,81324.40559363473,25996.017301786156,93732.64210419022,37449.196921572904,5655.658165307084,1316.5721469918194,78267.3488610293,89620.30018316147,3817.564022625218
338,4486.625018601482,83928.07748820422,27347.481938007404,99363.92521179563,40185.386457536806,5531.779217195036,863.5296302751394,83883.10208717943,90512.76502116903,3746.592377923774
339,4949.7975809478085,88573.5040886621,28731.080488993946,75681.87502985579,41369.99930108067,5720.0188910860315,934.3463246021884,86264.98327423453,94950.12824076925,4316.034897531665
340,4569.098777351312,86695.85768857057,28057.501231509283,81866.70544255637,40571.217036781105,5364.4762680449685,880.1093218946758,85947.71991520633,92815.37154281407,4561.594982470281
341,3859.934953222347,78231.18724017718,25204.903878352616,76772.47859121082,37054.48623946374,4511.401566581055,649.6665765322331,78519.72121963753,84252.18893192013,3801.9620468256826
342,4283.781279899034,73713.74769874063,24052.081937382754,72941.50703553137,36848.970711051516,4059.192812105313,620.8145096695689,74340.71986867348,83237.84421293242,4079.615959100403
343,4626.3625326091305,77546.71008396037,25289.57997770423,79670.80806817442,37472.60186100271,4316.690167112326,613.1889836140073,75980.76099710084,83822.6040706038,4155.7228121540065
344,4639.858704789216,78255.68329294921,26011.2857460542,84008.81134508282,39068.56487811403,4631.442054543078,606.736763069085,78612.97677036416,88266.12773547058,4661.913672915387
345,4742.637065038787,81446.9291792568,28561.705950160795,89640.50749631943,41607.490596589836,4360.401372438773,696.8505542043847,79756.28229242096,93720.77532058896,4398.145457177273
346,4302.902564196051,83990.10569578625,30162.521393902436,94281.20167938848,42788.317937948676,4286.46741188286,762.4128727296884,84847.86775265996,95254.70709245777,4169.7232749475515
347,3292.0365902178587,86255.24361204063,31434.718470056483,97088.77486286314,45245.3574091156,4597.226429717458,734.8189529161757,86015.89174286555,99950.12384505368,4076.2920731268923
348,3047.9726140598095,89682.1071381549,32203.728412350716,104349.44770086324,46346.41726487349,4634.509585683025,810.5696162557268,87521.34774303451,101194.56455475285,3970.553701329569
349,2757.7182578398165,92176.87998752586,32386.1453215811,110314.23140811054,46227.18615478214,4715.803818032576,801.2595897846224,90685.24299338684,103647.72187054192,4356.504788767164
350,2825.187419688364,91540.50391150307,30932.16167628915,106401.17782284347,46386.234113608574,5951.39084043455,725.3163371553175,93692.96890659776,106626.41915554772,4014.966433730115
351,2623.7521701418923,87573.38262450608,30451.267103269292,99927.72591926645,46430.60439639664,5500.505717370321,595.5239517468683,91046.1187650708,99339.43726203409,2919.520436463719
352,12709.249980351391,85235.96216270191,29344.141215541666,83448.4011880113,45265.718975614254,4843.493664295331,559.6819977699911,86470.1481868004,95557.0795357879,3948.4835419602787
353,13330.035924742775,87154.05196543533,28511.68571294013,80513.83322424183,49860.65638949473,4746.345296337031,547.0985159838634,85974.45162002198,97382.35463532984,4838.426692806368
354,12515.96535496403,89016.65019368271,29647.512280328232,82778.21484592171,49441.85026625249,4979.83369082021,462.34286441391157,88816.95518491739,101436.02128102287,4491.898285630217
355,12776.019720377055,88786.82102025289,30895.380362848016,81268.87617369184,50869.007631705346,5275.887756009783,470.6912688902927,89384.06646781796,103598.01044899058,4960.795074396615
356,13464.84496545064,92624.32017990563,30134.076489375984,86434.16029756196,51420.67883658737,5773.799260080612,486.7525653266635,94692.6487842773,105962.50897069983,4185.835314481341
357,14609.000280831862,97095.35705596434,31845.84409987948,88839.45736809277,52149.128407834236,5690.868621910412,752.7110454086994,92106.62161291893,108287.27865653511,3800.6167956170866
358,15055.796768104059,97082.32454560738,33097.98307295311,90173.60702844303,51763.94768401932,5585.651981732162,678.9264859557247,93146.09503122167,108712.16776101934,3217.133619169632
359,14971.940541749933,97686.30015775746,33272.02719258887,88152.20271057631,54546.09837914696,5532.309670104741,587.371222723401,94669.53456223992,111637.17778034211,2841.906498308093
360,13883.413318578776,100765.50534019904,33863.44063231128,91571.98743681813,56538.20912093689,5335.812605228461,727.6856991825838,93750.25705615283,116880.96935122857,3539.3680808383174
361,15484.1765520544,101982.59831540428,32028.83710527448,90340.32011752199,56951.33997098846,5239.827318579856,669.3646253708199,91906.57934109069,115776.32038138321,3669.6727145836267
362,16010.578690794737,102167.6073235925,31913.136876967958,91894.64612810758,57516.22267678805,4910.482940904332,602.5872280952896,92135.86799285271,115744.29945981712,3506.1626086173837
363,16313.711629257887,104624.40689497502,32813.23381785296,95163.79144142623,58066.90261694899,4623.474219036268,729.4719794141015,93952.92059474967,114639.74561680808,3760.3699130176847
364,16605.29011137842,100170.33797142703,34170.503560359415,93881.57616439846,57338.519255978346,4791.993325212881,649.1535772062449,93912.47231327386,118256.073468849,3406.8402438971375
365,16926.124536383853,102444.12199687517,34398.47699257482,95074.42206666601,55300.309195770984,4399.262299631662,645.8915922442718,93714.53342673239,120132.73375998957,2979.9935562473815
366,17132.96530478735,102421.11271442437,33903.60347550519,92447.97143914219,53173.67308665171,4226.915460211452,658.1557027073734,96214.46270185978,118427.93500708349,2841.80565867779
367,17972.542134735086,104983.621328135,33595.74959040424,93619.5985172274,54381.263495054474,4247.069213376389,593.722631357443,94283.51940637693,119359.72106302918,2789.3229405926454
368,16289.146701725096,104985.86245912148,34443.14115067072,94777.82845157223,54422.51271507126,4319.760282085695,497.486878619957,93268.99746757516,120367.84828306409,2695.028883071297
369,17277.19160649136,102950.91755115689,33709.57828061688,91199.88435864491,56144.415876200364,4251.245103742664,552.4890648476681,92701.99683459975,118332.69073157117,2718.1323230870353
370,16898.26007569139,101256.61015240596,32697.394852951973,91791.54628418743,55714.51642058142,4227.230475822691,563.542033734228,93208.9353268523,119360.31964749398,2615.114732021707
371,19310.530907953198,102323.20699174643,33261.840116016516,88002.61859311169,55333.742681655836,4034.5148518281876,587.8424843933535,94751.01593189625,116671.36734483014,2742.6023591592625
372,19209.534224093706,101879.09957108909,32509.097102560107,90734.1656382156,54476.42007164278,4244.601077555526,392.300612667465,95051.37627055787,114155.06276207931,2907.6201623654324
373,18332.250547554755,103775.98679498021,33270.81939900562,95653.47663202997,54524.360880214306,4420.977234501752,411.11400563475775,96792.24896397859,114906.89648275274,2881.593171374695
374,20287.54170809062,107568.9438368164,36499.947392430935,99802.62164385238,57242.29101771257,3381.8813107348624,387.7184663244594,100793.88596618501,123883.04137622894,2499.0476093327848
375,20472.954352016346,105027.38788514005,35671.7161809229,96676.51368351457,55817.414490053474,3177.1400983299964,320.68214062852405,96866.13319026429,118275.98740573281,2309.1393797338774
376,17119.47002099464,97651.35024235873,31976.075744036916,88100.73617276049,53496.507420184,2546.7744923095215,199.404471918326,90141.3315549548,114165.85811102382,1921.8650326456407
377,18045.072402211998,96402.63779438261,41512.75399441369,84960.10552894213,51904.40789934991,2460.3309220367423,129.0696678381059,85858.6537909421,101587.06610082283,1819.8411945263495
378,18612.67642810034,96814.65546082468,39081.7871138609,83825.84705587801,51264.61419334563,2441.4508452790756,129.24813791826745,87459.46526713471,103214.4135690959,1714.811323734283
379,19702.38195505691,99772.30463064845,42494.543429565434,90064.93873235662,52660.76387664211,2355.3355746445336,161.5274218601548,90498.45444553369,107219.12702980504,1570.3906599418333
380,17997.03857624482,104418.04896936113,43465.406269182306,96676.62192847051,55837.87283169546,2279.0080127347105,425.31353587621055,96939.69433983504,112330.44907167864,1460.5024744996094
381,22717.291231037718,105551.97676585436,45226.2654497856,100632.40974833263,54977.87646611178,2316.112477854547,332.03126910634467,101025.56583807977,114358.7706266833,1352.8442522654295
382,23319.48999351245,106470.29052735356,45588.86003261034,102670.9771283507,59894.63025245951,2445.874090017723,308.1096555922566,102462.19807914914,116267.15053528013,1360.0497432701577
383,23534.884594487063,109566.36527562018,46943.52337522756,102988.07445678666,60544.948930770326,2393.475998605718,388.65939872049086,102520.68962445574,117165.78784145806,1511.3336340442195
384,22463.634353191097,107136.21881013205,46296.79568422594,105255.77125298342,60209.66817240412,2503.491676944989,287.6452709507327,103330.40252847572,117892.18068176408,1574.212356182576
385,24374.09657696158,108017.97425867466,47572.667096610625,104181.98703995724,61493.68429030166,2458.9509126413477,301.96185263594964,102635.58974716307,120012.6552406159,1415.4515549415212
386,24668.079154372845,108414.31212087644,46795.88138893959,104383.01829328075,62860.95125864015,2489.57688837998,322.09443075960104,103642.00097666871,119892.3493638253,1452.9328369252564
387,23798.003537944696,111074.34524881103,47929.15508237285,108752.75803169065,63436.707812636625,2471.4854463745064,314.3205143804179,104859.96948970084,124668.44473617764,1467.7752168763975
388,25857.603369377437,113269.2828355423,49037.15413490017,111949.90284290006,63260.30816940916,2499.62360744681,334.7549998747608,105894.4754884238,126952.46478665821,1478.8086649856245
389,24890.05899894029,116801.3032473085,49653.80629096416,112030.1658562305,64198.485090750706,2444.5755496317797,394.6604385539647,107725.74104333066,125909.16615160598,1504.6985359176542
390,25862.807306655417,118939.63812337675,48309.100721093426,112153.47478105385,64123.01958052527,2670.0159989866033,391.47504932673417,109678.13992109822,126297.63167522881,1379.4166688997298
391,27094.42374164477,117869.85028129297,52874.3850884823,111719.66777258705,66396.47233472393,2909.93126752862,362.9868717996356,112385.39123317014,128722.15488368801,1544.5870017624184
392,23868.23839686475,114510.7407294177,49971.109465562804,103536.9882899955,63801.37091331363,2641.773754896028,326.28500913230175,105581.56220498844,124501.84512252425,1412.1925188150622
393,24234.461545191167,106509.72152912576,48763.381475186805,102204.71387735977,60128.816879562866,2346.4514237229273,290.9719340705136,104751.94164047576,121499.88569213008,1255.0170269517284
394,26739.21767978655,106834.61419476967,50312.934406238375,105364.27497299106,62314.347114705124,2314.4353820972833,284.0070285586246,103191.34749453996,120775.19011246001,1171.225465862381
395,27882.75833763208,106712.35249392105,51115.24994264653,103430.59920872217,61441.094706164,2466.7686170264637,245.75250848500085,107091.0522884856,121822.61503443604,1061.5486937058854
396,28687.590833736012,115952.64962671905,51837.81621591462,106967.56172107786,59892.38705699546,2481.028721439374,314.0603142134189,109606.1000641747,121747.13875675952,1211.045737247171
397,25984.96075587261,119348.04621702604,53083.68328808842,111118.26254855459,64647.17096848931,2473.1633771680426,354.4584234499574,111920.42180075785,124731.90565155713,1176.253712919308
398,25695.218173684723,119847.99970340812,54239.095820476,115234.85510089016,66293.93580627494,2390.1278469277727,318.8019817536245,117208.24619411599,130944.48088831097,1134.1054531516552
399,29814.65673981286,118487.07018058475,51300.325231686686,116661.63253289263,68371.82014663545,2337.9303380857546,350.11110554455,116441.03872348051,129819.59232684782,979.7720210080587
400,27255.348499980257,119691.54100030214,48871.36135154388,117667.34851100904,68692.69635563002,2276.369198735785,353.29023605994564,115673.05985317664,131884.4623901253,1084.4974249003835
