1,0.6193497980050318,0.6193497980050318,0.6193497980050318,0.6193497980050318,0.6193497980050318,0.6193497980050318,0.6193497980050318,0.6193497980050318,0.6193497980050318,0.6193497980050318
2,0.3642840452155744,0.3630055002679826,0.3451697392152978,0.3625266106968007,0.3546475818993286,0.37155676032747204,0.35265732194987315,0.37508568154278055,0.3514523264811953,0.35964797333760906
3,0.6591334791722586,0.6500789986184962,0.5858500838112831,0.6777870043513093,0.6380491011019223,0.6887125979630049,0.6054258989329742,0.7347866958209686,0.6257634311043468,0.6364415144222689
4,1.2177810850044375,0.9991419381575768,1.464705880828081,2.5456553942304705,1.7404436486581465,2.1815789764751687,1.7208991490440801,2.0531919248532318,1.584661657438582,1.581665465641236
5,1.4286797572885137,1.1645673369196385,1.3805247832675833,2.2639877353549265,2.016540598612318,1.9577458894173285,2.0465678127108995,1.885230108254263,1.7192349492703711,1.3788549153458194
6,1.0753779063005608,0.9629187363574323,1.0439676357020415,2.2871781110759026,1.504505539145577,1.5173776556410983,1.6095992813243447,1.647118351459783,1.15365053538016,0.8828989009506523
7,0.868421776787021,0.8257700756891839,0.899484049729865,1.711195209704443,1.15658419654804,1.172000033915506,1.4929089208384558,1.2982291253841316,0.8048808755159895,0.8263393674042327
8,0.5736647727853486,0.7252058493907544,0.669486980911874,1.261084660041722,0.9363295170474106,0.9772257965451497,1.1064168563135013,1.076446262697613,0.5284188680204583,0.6336976358472721
9,0.4982597063150359,0.5650744377849742,0.6973200574223937,1.2124900970900765,0.8118097251048149,0.8313663736083305,0.9199737147975553,0.9843361844282883,0.5239085100040646,0.7778905028286145
10,0.4329237027753679,0.45432808004735015,0.5870574645368366,1.1378294958758728,0.7924554075793958,0.7702306441525205,0.8490106108280161,0.9422111695908169,0.7098431523717488,0.49704752241409167
11,0.4860813821323443,0.7710643565885948,0.6217738175032046,1.0942670267212828,0.6981617004910071,0.7554788689141242,0.7985565031998918,0.8558916124659322,0.42498975605200934,0.5219518171381748
12,0.46750827155039193,0.48575587398099257,0.5741780263657776,1.1056560132034587,1.4467868547118896,0.7807585011090586,0.7752088761768853,0.8857233776488341,0.42120462288299637,0.4835777002036156
13,0.42854981036302514,0.9236707045502808,0.5877987306167528,0.9848809122889373,0.8453700148782612,0.8045576422105541,0.7587970698944784,0.7476644267358499,0.41462602365369744,0.5240621835746434
14,0.4193504895685713,0.5301935807770969,0.5693914989914708,1.0058965479520015,0.8100124259048541,0.8038167927259592,1.672617888370452,0.7391601897351657,0.4009732923407772,0.5742320073722142
15,0.4232879243693708,0.5477724927692909,0.5734824943348726,0.8491753738736927,1.5791618132758558,0.8353628780263211,0.6924611049848102,0.6909054121605492,0.39713644277329196,0.6056206720015603
16,0.40809212068478035,0.5828682275688623,0.9555164683970686,0.9538948996789735,0.7758302221247686,0.8637014159093467,0.5568234149150448,1.0957017938667748,0.4047497260364918,0.5474525076992254
17,0.4126843650922784,0.5896878432261184,0.6366728452696861,0.9312102388074671,0.7261188287863587,0.9288728240034265,1.176712788193932,1.3511558028060866,0.4146409486363924,0.5904762319126265
18,0.4108243879848458,0.5784170065611447,0.5926070804092247,0.9806362332817133,0.6991829593724292,0.9865803811723503,0.562478933855528,1.3995274172227226,0.7358918641060056,0.5866604479183665
19,0.4228800760319244,0.6355497129443117,0.5024777167830212,0.9355565257198215,2.1258791151896275,0.960291305967425,0.6701091884144209,1.4041461003754687,0.45314258085099657,0.5709265457115017
20,0.4297456464694723,0.6237450515320109,0.9527344790557397,1.045358474064107,0.9645865060257184,0.9695341419271575,0.9537174131107014,1.4456889465656995,0.4403514057222424,0.5975034998211443
21,0.47545947656541304,0.5839795405254309,0.5615122895130852,1.0864045897177512,2.3579844935579697,1.0964699010306684,1.1016235297678239,1.544735586031828,0.44879869162053115,0.6414113855395254
22,0.46635891017942327,0.5912241418238141,0.641972364547579,1.122171719791987,1.1483120060911218,1.1267765920267987,2.3531626630501377,1.5494328461190727,0.4368390203568254,0.6338040004658491
23,0.786305438716615,0.4970351209529843,0.5987042584293154,1.1596046101781763,1.2539106454397397,1.1389365890014986,1.1761875531269386,1.3436624015478391,0.4274657308440556,0.6425072281645736
24,0.45431439703718857,0.6853494850448331,0.512751141968016,3.239228377432439,1.1711106141864571,1.1253922718169478,1.1510173915507746,1.338489607131363,0.42509861102565016,0.6078899292708543
25,0.45224718305729483,0.8681311534549144,0.5129957632784986,1.2062005954072756,1.1203345619963099,1.1387252093541376,1.1276479428001636,1.172667874194887,0.4217497766849895,0.6045299808439417
26,0.43529035044605496,0.4669541071678714,0.5024817227255994,1.2333951448407094,3.1939858058750503,1.1763715465502729,1.1534711448494837,1.2074913208715876,0.44807165201809507,0.6063458549253686
27,0.4354012772315628,0.44038682395995055,0.609461860669691,1.2604190106377209,1.1240244898552705,1.2327690591276188,1.1524836710403048,3.261172258253815,0.4038126948760552,0.5985325534196778
28,0.43772992980250797,0.435042096912426,0.49026498964067333,1.2810517820430911,1.1127209143466756,1.212895263307712,1.095153135819852,1.1338585390827254,0.40645344696569063,1.0588225400602302
29,0.43022075655342507,0.44012264318679517,0.806414428827342,1.3795494911514072,1.2260760392826664,1.1822611858378578,1.0643828799106936,1.1481286601583303,0.40662121225608394,0.5900807998481853
30,0.43329165509508466,0.41629063691325946,0.8221034851705094,1.6008225553477544,1.1054841418130583,1.2585456577848366,1.0784577965441875,1.138408745498809,0.4013845489455231,0.6135645051000386
31,0.4370655224014255,0.48736446546704476,0.7605210185887258,1.5088328436936136,1.094869547029283,1.1874776902121444,1.0885100828801204,1.145324144185955,0.4053526458085635,0.5919648848875196
32,0.4447597479330619,0.47176487849277804,0.7621136980844543,1.5915972317865945,1.0545442750264595,1.1692732546230364,1.0702327568450993,1.0589065435527119,0.4078186565684104,0.5940424913080453
33,0.4313385446142243,0.46295069676606104,0.4677004655087872,1.897130752702706,0.9752469587548419,1.182091389237377,3.0079932280314927,1.2202409345922671,0.40630693923045214,0.6061306955387074
34,0.4757057700658173,0.4639980548838699,0.47116330527798617,1.5423773481179766,2.9334414893608027,1.2261896792932314,1.0250218033653713,1.2402066055151952,0.40371979148626774,0.6007322839437382
35,0.44194745485588643,0.4748230865468712,0.4727283700869341,1.5248883233129342,0.9006775116862703,1.2921770415870764,0.9737172632609753,1.2842441019106443,0.40601809006501083,0.961555602417044
36,0.43988053071032324,0.48204104445238993,0.47769065009524786,1.5496642708061175,2.12075412702428,1.2171567810675696,0.896941388752148,4.918439328300006,0.44214865094707156,0.6584445977647675
37,0.4421158563182429,0.47483202688479603,0.46339538720404083,5.671558963414016,1.0775552505901782,0.9829782711800319,1.8938261927149922,1.4990093724749838,0.45126613907722674,0.6766915331286019
38,0.4497125949694739,0.4782608318984965,0.4697706923308179,1.6228923086420348,3.1142811660011582,0.6354691153092666,2.088403169492374,1.554186560057676,0.4611703135044317,0.6601639080641848
39,0.4493211534355583,0.4655915869131897,0.4676533025461857,1.8614183942126157,1.0271856896506355,1.6233450007364776,1.6161639253332787,1.7269718903298696,0.4585681165028031,0.7808066524729685
40,0.5998452675496353,0.46661607919574083,0.47247302773511907,6.582866988472306,1.1532908062112723,0.6755008111259372,1.6880401482984972,1.8803350776477097,0.46377108605077216,0.7803123210366582
41,0.4990386585721845,0.4700766882622057,0.5280454573853399,1.9757854071016694,1.3165991365032301,0.8781931408856621,1.530901952320935,1.9914985702711208,0.4714653306909902,1.3162286401818033
42,0.48754391023532573,0.5104432268344427,0.49032136669837734,2.06950868779514,1.4138406144224818,0.9846316694356796,1.6303789268171451,2.128953384288349,0.4610649734140196,1.6059993388151586
43,0.4823533276373696,0.498004032158275,0.47424237390481544,2.0759987355133815,1.3742001736613638,1.1056438168104314,1.49684067190197,2.2866951267204874,0.711208666709896,0.9386633576129774
44,0.4527996250224409,0.7675457490648101,0.477611380409879,2.227754701721159,1.4953991187436952,1.0828531762434719,1.3075348952238337,2.1092016626987298,0.4966086549767111,0.917050107632573
45,0.4442738790440426,0.670136637418625,0.48020613554157393,2.3077023812809196,1.6235678130593945,1.1567082743829928,1.2598447890320523,1.8036458037911431,0.49460543119439077,0.8747748700838058
46,0.4453464607621071,0.46325500453027735,0.4810038019826481,2.3809642823727843,1.8637202788511944,1.2198657663472117,1.309873517857966,1.9272727849864617,0.5873905939103804,0.8539955381800132
47,0.44615581708062013,0.4651160160203264,0.5950202016255447,2.309899414739695,1.5594149446812735,1.32636138647646,1.3375235130021677,2.0961865274941474,0.4446357125875035,0.8477667681914071
48,0.4420813022271968,0.4770314295466739,0.4917757411980715,2.444897579950087,1.6063122540544135,1.3925851797783635,1.3884398318799076,2.2411068207760114,0.5350145546017756,0.8469701659083235
49,0.5234009255924946,0.4722379006265354,0.49374160919654647,2.5331443012238486,1.7476558156975015,1.272749900128026,1.4110537977903617,2.1270128477743815,0.44756361306040227,0.8420446230830114
50,0.4361672776158274,0.466932022494558,0.49720592336471636,2.6709337075001556,1.7658631526865343,1.2674356019527402,2.8538474703764174,2.086470937903452,0.447536097271402,0.7890424047935349
51,0.4389152471868196,0.4812312569903337,0.49486062895741234,3.1231956563990675,1.6317838209343765,2.0781065347296783,1.1523443394851363,2.451324961294038,0.44248062340047095,0.7875036091402232
52,0.4407740629840807,0.47970637918738507,0.48861452768636476,3.6338609233629997,1.6435021321110452,1.3614625971692058,1.1466413764741288,2.159928184288172,0.44778382962828456,1.0153334294978733
53,0.44757256260267203,0.4811275726443997,0.48556169347400824,3.2029636073959793,1.6820702494399467,1.5490607021079876,5.170458369336001,3.1530567518619703,0.4447051905447823,0.7600645140216018
54,0.4568300099442882,0.48731365110562086,0.4832027100260917,3.2181924384925793,1.2335540678952541,2.204565019477139,1.9729912603572668,3.2902654826441724,0.5391659326029041,0.7741649423082855
55,0.5677170437183253,0.4917374757629839,0.4950636314206363,4.016148030303129,1.4555337282406526,2.4711204524615353,2.541307296398275,3.975848942621583,0.48309708438172894,0.8204786893534914
56,0.4980520165758247,0.6343682737829803,0.5054463204104248,4.183490544651786,1.5220502726946037,2.9402477463921612,1.8305346480095246,5.1029820655319975,0.4813834461098584,0.8875326499239614
57,0.5061790617921441,0.6399925201265898,0.5466366288211201,4.063316430752197,2.8090011192688795,3.4201757611573367,4.178233905964389,5.339969666164405,0.47950472497612445,0.8826646980814015
58,0.5001665244279696,0.5092429424503331,0.530872806611732,4.39072490836315,2.1308658926316455,6.626605586785437,9.356755411420338,7.053196962121017,0.4876314384089024,0.9197731809995582
59,0.5133792267854788,0.4883639236194094,0.513427822499689,3.868068231976883,2.883873015416237,8.042582801637048,4.930513898726464,6.361603762392505,0.46479686610699417,0.8469199090687838
60,0.4915585118370043,0.649035569493569,0.5011537403833826,3.4753049344347704,2.5156914557559475,2.559222295236658,4.310937444421275,8.90635117833978,0.4613512588330831,0.8257994054199124
61,0.4903037209220781,0.4831764583783128,0.4971013570723498,3.698224925410515,2.7950783747688304,7.00393313020201,4.482119508812812,15.819820301873861,0.4587108387537366,0.7792229110134009
62,0.49517505729435596,0.4508894276460431,0.49700543777511774,4.041711723863516,0.9524975785336168,3.1734538515214874,4.703161810792298,16.338560425412915,0.5704593050525504,0.7739216110389378
63,0.5393390374550315,0.4535372710771026,0.45437247108782547,3.6749250433664984,0.9725961644833272,3.8342788421730125,3.7440634325946065,16.366852645827006,0.4646211870982275,0.6395423099146631
64,0.5113024232064418,0.4581217060633614,0.46435048865709755,3.507689042493886,0.8414147116818806,3.769998455304839,3.1426607199692222,15.694180142768037,0.47172465159187665,0.6597566437405734
65,0.4647847196178367,0.46429476095277716,0.4795741604717852,3.437801797463351,0.9981874482909129,4.644554613387256,6.089090474914259,34.43909897521017,0.4877111705015873,0.6530451151357591
66,0.4738777550006518,0.48519289014912226,0.5021698304988884,10.753635419967985,1.2932892520266646,3.2498827292642396,2.9272244278681447,145.74491098872443,0.4634630252567572,0.633138899054837
67,0.5961520187664348,0.5257049898770314,0.5825683295878724,1.8386961315518664,1.4784523157111398,3.9369154342786645,3.1095558541319717,185.66359038688734,0.5233700615645557,0.6397868945734877
68,0.5500679504834471,0.5964206309892097,1.0658775342634563,1.6478540989596637,1.3626562189087008,5.029464193870527,3.7271478702192438,125.83749919814038,0.5200926026279916,0.5644041029313853
69,0.5320827670553735,0.5834854331376352,0.5607233571275712,3.467058871557177,1.2888895132376192,4.287472158404608,5.5165857480885965,80.01906358236378,0.5333379675098473,0.6056427645641843
70,0.5184339267170688,0.5451172975904309,0.5504263806260942,1.429221282548553,2.864674437015777,3.122210345395335,9.538263182262,101.04684385831563,0.5170032274405763,0.6110628720796856
71,0.845586853364619,0.5225743003101601,0.5338423985537395,1.3263542849027286,1.2471666366445955,2.4904948688737063,11.092762941493664,0.0,0.4672445834621821,0.5327008655439426
72,0.7351095517832805,0.4729118319668258,0.4758362598054869,1.3822620359140378,1.0657463433765912,2.711578393196231,11.961111127454942,6.145744791672083,0.4610950595522894,0.49692541736344326
73,0.478913286441188,0.7002880181348733,0.4934277627609963,1.1748591439193394,0.846138115160216,3.026198964483307,11.331402397645347,5.347363262627033,0.4580925097547072,0.5076155348443009
74,0.4830711146553889,0.5122762613704307,0.4978546290312384,2.0119071361899477,0.8668170421461444,3.11983114547222,10.166793096275414,5.371125162819739,0.47489303161327723,0.5174685730909284
75,0.48639289909510763,0.5130466537165981,0.4833045321682534,1.3018258211731186,1.4325741967782186,2.7444525578442396,10.133468729661935,5.3835267991584725,0.4820978865525395,0.5267534372453078
76,0.4914027897970204,0.4994585346209252,0.7394167044466597,1.001647768076364,0.8304508399851355,2.9759593986228605,11.265705017225518,4.949210547125918,0.47032822804498164,0.534377892341058
77,0.48731643693292664,0.5131631157213692,0.49708529098085996,1.0036835830754531,0.8766056776470836,2.5881980313571358,23.988463688836497,6.31684767530203,0.47105032953450365,0.5568845186319569
78,0.48154770329050306,0.5165263518798756,0.5079878511246482,1.0482544307657256,0.9267612967063608,1.2072736786300957,24.93478871389511,5.868575488716698,0.4618639438403433,0.553033478519043
79,0.49838009319377985,0.520339646119925,0.5065831965312483,0.948005988816998,0.9362939902248186,0.8616169270288205,26.617625061820625,5.522794212470314,0.4383117585089462,0.5229420416810437
80,0.4821566502967293,0.5268854906964163,0.5080399063241329,0.9313762426362424,1.0146288887062367,0.6654197089311696,7.401918524015693,20.753358290672015,0.4450794039710509,0.5398657559777346
81,0.4927741642020937,0.48012731388817814,0.5143179472734595,0.9668203161379308,1.4313059917223228,0.6278881260802478,6.763111048804267,8.686037582337383,0.4463450787684213,0.5686416198343117
82,0.4842347920425293,0.47449497342202174,0.48107259669373104,0.9955004897750347,1.0971060627999039,0.8143811411114867,7.998445749644524,34.285448907374295,0.4477363565420369,0.4864238230302638
83,0.4875975141956317,0.5028681750380255,0.48342794686063034,0.9808984873295422,1.1250079639545245,1.118747690699113,9.066125549801354,6.98601054604945,0.45290425451330096,0.5069294088372386
84,0.49120378319598196,0.5608549899160125,0.5498228588339572,0.8984359951036938,1.21509220673317,0.7808053705366631,32.62378950433339,16.451319947050777,0.4582080339943243,0.5104553467264994
85,0.48716764366168414,0.5500034435848369,0.7640113457749108,0.9775072524058617,1.2843015111487224,0.8406894181147421,7.094909627602022,10.197431134666294,0.45615995075029164,0.5606432960636014
86,0.5326485494826402,0.5332114217444487,0.5014443025300183,0.9654781570465443,1.262058950027485,0.7620855614151252,7.563833261847477,47.367089956699985,0.4487556430737365,0.5577298219190858
87,0.4745241561014056,0.5231696114939729,0.6827236836763452,0.7902487733324413,1.1614818575428951,0.7604670374138618,5.876690081067322,19.61630553947429,0.4555748627805041,0.520555979972397
88,0.48258757927925594,0.5268522033536169,0.5435466388967598,0.7555618953557469,1.1402931987295541,0.6904544015627387,35.564380517746024,51.88928509071566,0.4714879112412522,0.5314926058300845
89,0.4807447806018376,0.6143494252276982,0.59485251782012,0.8077108324198617,1.0037945380916342,0.7430453819505289,8.54334375943965,33.853187696561065,0.4736473730811127,0.555358562161214
90,0.4991995922189103,0.4894517516061174,0.6048953171931323,0.8209076130663912,1.063513978459665,0.6765882270730901,6.273939771584755,298.1806739722838,0.47542902320122643,0.5414162405921648
91,0.48377558640528795,0.4948397482602791,0.5913754287804076,0.8447476483840742,1.1005414566390248,0.8134768068959362,1.1520620203667036,577.9434946730659,0.46959169327773387,0.5154422302295761
92,0.4995207649597556,0.49486415832419806,0.5516727562633935,0.8827273401833253,1.1603225789322937,0.7018860735954054,2.7027203856559265,55.30703346240873,0.48415249856370046,0.5555865072664881
93,0.5019444262455685,0.516862169993196,0.5527697131462779,0.945472875885351,1.869150215776073,0.9336875809360985,1.8297432527982629,130.7875014218339,0.4847191672363989,0.5602819468866521
94,0.5121309942304644,0.5375439518907821,0.5527238462545756,1.0135609571113002,1.2534909132550387,0.9931190919652352,2.1267647454601164,326.74458671044266,0.49348547642272866,0.5777562297513776
95,0.5122316397066979,0.5315185999695825,0.5655885848146749,0.9959048072220561,1.1254062643881224,0.990048240238214,1.854728956202278,86.27396579660322,0.6800113025164022,0.558296161352248
96,0.508269322304497,0.4926482887377719,0.6271061619004248,0.9626459183028527,1.1419661960826257,0.9942881842948875,2.980124119190272,25377.585289877814,0.48832248274796053,0.564701259802636
97,0.49400009216844426,0.5290083884171363,0.6123112302997255,0.8996233665451989,1.0389742348593785,0.9685736660157573,2.2840368462054075,440.36851496963476,0.47892097670307193,0.5999640722380027
98,0.5004397439894811,0.4736155496677167,0.5668304450061734,0.858163506501749,1.4345606559122117,0.9368418613472433,1.4966590448104986,987.938096920271,0.4672513830595454,0.5928863416946186
99,0.5093543137761567,0.5072102662056508,0.5774709070004348,0.7163296929456238,0.9948350294479361,0.9014672375333944,1.4322964021161464,544.9174072408783,0.47296905000899636,0.594548677745971
100,0.5123690705796877,0.5158718821259809,0.6233242162760755,0.7431918795262064,1.0141449862242327,0.9106017726657,1.8573967796485389,61.927133953430626,0.47340635494405586,0.6097328531194309
101,0.50210904896276,0.5191401322069755,0.7519440608974456,0.7510129056258511,1.0320410449576725,0.9271097606111467,1.1820189817720643,0.0,0.4924731214441512,0.5734885783006004
102,0.5126752998196027,0.5156266280317613,0.7392550357224417,0.7787594851248696,1.0484263968063896,1.1444392809132262,1.257471142704746,2.7805677078198365,0.4816892282219877,0.5395802228456323
103,0.5005856067584893,0.5108461205067455,0.7562696262407829,0.884578056260729,1.0861669158040252,0.832010922667952,1.2995110403092633,2.6664373659649185,0.5554933671364092,0.47298845420474517
104,0.5005672654892139,0.5038966301307974,0.7398804058286744,0.7881918485107935,1.138792985727448,0.808737052262088,1.2891575653448122,2.714925477681773,0.4582110246463496,0.48748747327523306
105,0.5084300431282938,0.5140179547341636,0.7056323204306639,0.9043926952245125,1.2913300940791712,0.6567845657873956,1.4051597400217146,2.6158486174397804,0.4709359698296107,0.48470258843207775
106,0.5154318390783755,0.5293377056871912,0.6892704563258429,0.8746892569598719,1.493145520724836,0.6874514080308683,1.3878708124713792,2.799146651721291,0.46928467825678777,0.5738279798934091
107,0.5886558195310246,0.5257955351728658,0.6779128708457568,0.7804812624265369,1.6507665286650957,0.655264072182284,1.201964487170108,2.1433332091098007,0.469955472280756,0.5378614041072912
108,0.5000848313896552,0.509591541858495,0.6997887516669024,0.8213935653569654,1.4967942995147847,0.6750802624076649,1.036462799367292,3.2887793347504815,0.468598333103756,0.527672742625166
109,0.4964897932343764,0.5167716694137318,0.6546367223073661,0.791250203061052,1.5304176667288099,0.6323260840715677,0.9089530885135736,5.773430447695132,0.46380703710277515,0.5311598224551936
110,0.512339448038482,0.5178792686929419,0.669478068585517,0.8082394439881733,1.4716109675186664,0.57994537709625,1.5356576864775793,2.082388637078704,0.4715168621846426,0.5528874323874154
111,0.6580592988718069,0.5262537792523854,0.6186648672160128,0.7991036446364709,1.5330133087152862,0.5154306268950215,1.6923865505928684,2.0323982191357888,0.4826387472393434,0.5457332729095655
112,0.5151444700897433,0.5338661449599106,0.558912572075273,0.7048304158445069,1.5101922264556489,0.5559321443906533,1.7219921108585021,5.008220650703216,0.4483712003330674,0.7325252299555337
113,0.52326156057583,0.5311194119372005,0.541365053553637,0.717496360480618,1.4448910006010378,0.5421765140837607,1.3269624122036539,12.430149963230734,0.43233096967519896,0.5156874304816266
114,0.5174270409723755,0.5436918075357605,0.5712533341347695,0.7268199180446142,1.4059736356645778,0.6443814630011281,1.078009645647488,4.468519752673859,0.4524002430031016,0.5308790050934478
115,0.5181569580756319,0.5580035591032593,0.6180038946557974,0.9670549300966539,1.4007151019876716,0.5670931531404697,0.8537970337742785,4.540939419132106,0.4618746103387232,0.5547705138041535
116,0.5035241007927543,0.5414740415545105,0.6242538533189085,0.7658664720594777,1.8764380851312252,0.5512427031366782,0.8382362789728283,4.189859738325748,0.4624912392545054,0.5442483705255776
117,0.49985060278646126,0.5487277061201339,0.6304665889921495,0.7112996502158443,1.4526476734600182,0.5629788564113913,0.8410684669191328,4.362648106968097,0.4490137904148995,0.6542427811930883
118,0.5060289549821078,0.5425945788800101,0.5401833684490467,0.6504571509448974,1.33512026412392,0.5942262889107826,0.9118287321241175,5.38808909587828,0.448795686216837,0.6130925763820148
119,0.4995682207423287,0.5503508539346037,0.5449406484426049,0.7679649029329167,1.2395596284583719,0.5769614328393368,1.1113129870027512,5.1856336720146485,0.45474495815808397,0.5649482311854708
120,0.5049337719431292,0.5694765919070075,0.5564286869255026,0.7613417980944518,1.7228098406545918,0.595615788853272,1.1375657903143008,7.29619684839209,0.46453291881586595,0.514002181904942
121,0.49280456005714096,0.5569883642758033,0.591400548491916,0.7929114808794576,1.2056873494753717,0.5888206171623932,0.9090635257108188,8.586438520466178,0.4637001562478037,0.5987325886353765
122,0.5006090285779917,0.5491056993931155,0.610201350603394,0.7609396478094145,1.05115236643003,0.57369324481525,0.9902197052235496,15.861452968138945,0.46838603073934226,0.5031792426055709
123,0.5017610065213092,0.5435059803551126,0.5954709654854956,0.7849390085336052,1.1921899322159073,0.5536246288522897,0.8862668696787764,22.166608584864523,0.47326945373186086,0.5551947745673022
124,0.4916800771261534,0.5455309753922478,0.6313724580270703,0.7128131328002728,1.2256652947293345,0.5478646295408368,0.8494464807744226,11.019219870504958,0.4532919551494487,0.5569108715306262
125,0.5032486898476455,0.5679542482159206,0.6313962419920869,0.734221559676423,1.017515939706283,0.560346048877035,0.8656758388128685,8.01758034000573,0.4841396671350391,0.5523975674178279
126,0.5126510619990625,0.5273019744934226,0.7037573287284501,0.7115382316955061,1.084237900491749,0.6035023486880982,0.8772807433728443,19.118877907400122,0.5055769451571568,0.5608142304708397
127,0.516259954141982,0.5324396660018501,0.6802091003939165,0.7346463626015771,1.0992983704109074,0.6098803736868244,0.8642010010159233,20.39405715146417,0.4916660786075914,0.5444203154960247
128,0.49976931394690477,0.5238341136257234,0.7511345016301862,0.776497738972086,1.1994594680407529,0.5769850000860118,0.8099953295744118,26.452302753051036,0.48914277348142715,0.5437393161693598
129,0.5080643210787911,0.5326874539444899,0.7568818103413876,0.760992428003832,1.2231252059544568,0.5751579959020381,0.8492731154285129,26.55437468079436,0.4902232929304673,0.5635214778094408
130,0.5146884544783982,0.5375454333140819,0.8058930215521959,0.7261411681038935,0.8461245605494799,0.5932435292827928,0.859166788261895,58.358739953966996,0.4849773569752122,0.5594401293485161
131,0.5198185103643368,0.5298344585182809,0.7251645063158858,0.6325926265422541,0.801718453659486,0.6021265253367689,0.8117294791814432,41.286169330733536,0.4873620402667386,0.534604684446949
132,0.518467830051308,0.5067417967911473,0.6813746337436506,0.5974544962358963,0.7717648189989196,0.5912173305510687,0.7710775335339842,21.398860648452555,0.49329672724938256,0.5528581466682825
133,0.5285424562847253,0.5164433574198823,0.7287158700106652,0.6005503151115288,0.8783652580245171,0.568019194232817,0.7618468726589012,29.055178325324643,0.5004986433949039,0.58819978664713
134,0.5357365628631235,0.5326179443770963,0.7562151478966767,0.6167388236525555,0.8151207829879619,0.5732332709805873,0.8152088766326566,26.23051310343744,0.4809084400796229,0.571942435164159
135,0.5221815713410153,0.5090568426878188,0.7015534154528595,0.5957069313837577,0.8999104517574565,0.5873162039820022,0.8293427204928708,38.57110418758,0.5006819468364128,0.575845207116329
136,0.5031159096094269,0.47749640291299816,0.7358852115466591,0.5956071355737321,0.7307364085956458,0.5895477053000785,0.8787545624853264,59.31732718365964,0.49656160864516263,0.5680537152696042
137,0.4905559949857493,0.5040454437071283,0.7984050588745104,0.607677619763324,0.7825869121925116,0.5693972965108137,0.9469523979434596,56.903438286663295,0.477934955218394,0.5755254530471823
138,0.4686583578565769,0.5157149811055518,0.7636976246910447,0.6154167350714663,0.7681667768812739,0.5828072605966429,0.9631037417991277,56.50426936328647,0.4647078488359633,0.5493094421475424
139,0.45394509659654897,0.5162141155224588,0.7066937146978143,0.6159679039359863,0.7647482900724041,0.6000444941991869,0.9403180423079032,36.21740510815429,0.4624705804549767,0.5266094703487999
140,0.44565682283218494,0.510568244011908,0.7076204328725514,0.5737570171727842,0.6163943370284991,0.614870054183205,0.9204052331751856,35.452303223017516,0.4680362482329937,0.53079604961216
141,0.4447895269650897,0.5363194785143642,0.613097548784938,0.5590207093329531,0.7204037724128811,0.6446811336856999,0.6868317958385605,55.324275456182185,0.4925305016621459,0.5464474039833169
142,0.4412910989505014,0.5229951049459283,0.6201021576137318,0.5727279369318692,0.7556372178658687,0.5879656775207891,0.7229361920527853,39.5939210556506,0.49496126132928947,0.5173332558195073
143,0.44871662944937885,0.5086274527924239,0.6440693542127702,0.5682427554766502,0.7298842270196177,0.5785481260765407,0.6291928281567785,40.69901457130543,0.5132971476987902,0.5164277968773399
144,0.5003483364015715,0.520655021334715,0.7033622981823294,0.5536468697205537,0.7792751422901344,0.5984289464138908,0.6196684034561297,38.03429924214731,0.5077401428027823,0.5366370702029813
145,0.5668950565959326,0.54800206787088,0.7249536633074504,0.5576784674653311,0.8414913811039769,0.7104551243493467,0.6694952777631893,53.77160447773856,0.5301941637799412,0.5238347961888413
146,0.5658138995995232,0.5527597265493942,0.9057172374588522,0.5761069684599068,0.9107390771507025,0.7485852028794094,0.7164515789712258,49.437094623267505,0.5429625455412038,0.5707972260870366
147,0.5587109674926749,0.5558712454841322,0.9118053016096913,0.5888498982900718,0.8821537645161511,0.7590604047048075,0.7462779822221302,46.96458631164146,0.5262733440371383,0.567967847106754
148,0.5316906265862907,0.5517161228880209,0.8762867233802536,0.5928192522509935,0.7888261187579633,0.6627171181879067,0.755796274946439,45.665757914661825,0.5181895373595192,0.5396545596317501
149,0.5106470198345554,0.5577596980471485,0.8630785958113781,0.5571450728647561,0.6857682886733942,0.6928547885807822,0.6952172078314526,0.0,0.5163645616197727,0.5058816671660479
150,0.5461509217720925,0.5309571353284496,0.8776659999202493,0.49787611682058186,0.7071451824234832,0.7142541531614601,0.7696867611224831,1.4261433854189265,0.5134014646165884,0.5044952734571112
151,0.49531277999131246,0.5314081428122751,0.9010220694277059,0.4963494918178962,0.6999038793844307,0.7105450978850192,0.7787320133462466,1.2515669920086085,0.5001408481184648,0.4785262799807225
152,0.5011742582467138,0.5540883270884986,0.8798575991517589,0.48914108457983263,0.6794006758172421,0.5561127007044779,0.8996698606270569,1.3139772211986864,0.5015607833914663,0.5096370381516176
153,0.4952835685967151,0.5244735438550819,0.8032817526274668,0.49614060408392824,0.7239446392838832,0.6590321947989063,0.8064414990155278,1.1739826085123455,0.48879585168892437,0.527854348164388
154,0.5026226854446458,0.5088568654322712,0.8363341053886362,0.502676395316335,0.7424144435807267,0.5579156943794205,0.6736864599446295,1.2502454792466478,0.4855401807998281,0.4825726968732038
155,0.49299115327847354,0.5125373018120103,0.6831970831020521,0.4926885031217826,0.8876733305403167,0.6199477867738282,0.6536235167912354,1.125043699007871,0.4836682984046431,0.4833981683957367
156,0.5136030102521174,0.5275366548960649,0.6832786001175788,0.48758428678890925,0.8001350899313013,0.6464416374263912,0.6848044614741473,1.2061648475488271,0.4886979231024278,0.45599933709197055
157,0.5092756871638793,0.5328296782651903,0.6231826318284527,0.48704012421408305,0.7453155059594263,0.5946831017882374,0.7194310138011384,1.0338227755071627,0.4738321765526756,0.455399357578124
158,0.5132496469080435,0.5437863806026414,0.6363951515520495,0.5058919765556841,0.6526915162422361,0.6165019559115352,0.7102007077746758,0.9071955729616041,0.46857086455186775,0.46251619998129584
159,0.48221532686002355,0.500183409348159,0.6528955126317268,0.5158291450837272,0.6453676856744333,0.6636166237740558,0.8553628120602519,0.8997414048945724,0.4689180939286175,0.48596947482374386
160,0.4885776488436018,0.47921195947534445,0.6915620605693273,0.5066973585926718,0.5432960989649044,0.6702387302285022,0.7290735155758837,0.8802048763278295,0.47108354018100906,0.48134631865572125
161,0.47793460566899654,0.474347188857089,0.709530279797602,0.5129217394373264,0.6960047810469058,0.6546038837861095,0.7053207108659367,0.7885019444871831,0.4827217567017053,0.4814437903622926
162,0.47883935742208594,0.4741268362838586,0.7150462889916638,0.5022602022803242,0.6645439821542598,0.5565857595837107,0.6586479302658947,0.9407449107843853,0.4806341901579672,0.4480660870598982
163,0.4152156405260531,0.4709906035892071,0.6755902743549939,0.5039072886341439,0.7507272250795999,0.543309527395794,0.6426509511084211,0.8695569820610136,0.4801364403234855,0.4541015945454494
164,0.41506311838401116,0.45824680611387864,0.5906896008867254,0.5160208178968696,0.6128547733674062,0.5073385622996583,0.6291605899865421,1.569924596282695,0.43890650689242233,0.4545475272878594
165,0.4065685608492024,0.46446723562839304,0.5507710931553572,0.4670321009379362,0.6521268053777542,0.5383940678020432,0.6070826363182161,1.5743897262450874,0.4384554617561402,0.4583024505116315
166,0.43224493643970024,0.4877456423324564,0.6589587098899734,0.5004087538259271,0.5638007097933767,0.5612499718583183,1.9175996402960915,1.750180032766153,0.4621572907422589,0.4340747115063345
167,0.48427638682669066,0.4801826253553681,0.6060621317303562,0.5217474722436707,0.644400706884462,0.5577644814618001,1.7402794973501294,3.1150474281920673,0.47725802813686485,0.4974220251023147
168,0.4871394241970215,0.49239844024334,0.7705321590476694,0.5539235115261648,0.5471472257077173,0.5805634353386426,2.2155171993674907,2.814764130953423,0.47682929023319315,0.4981294042771406
169,0.48021226310720766,0.5055434462531946,0.6514513089613371,0.5402318688813512,0.5234467789387186,0.648092647265221,1.559080252130459,2.2571740844967385,0.45229715373130386,0.48832855840622713
170,0.49003403524215083,0.49972245226363693,0.7334288658466929,0.5529019896374229,0.8311925014203514,0.8023608636684498,1.7355940128915683,1.7545125113121378,0.504013956196727,0.5042874839021898
171,0.49494849192310064,0.5544446193717655,0.8581906234669412,0.5584197144244804,0.9101970304162055,0.790798855082888,1.6319727455887818,2.4465216525574007,0.52710655532254,0.5066742069110549
172,0.5145422701470175,0.5395528057274926,0.9618123241351629,0.5414139469249418,1.1315737189398234,0.7505257910499992,1.911816552138373,2.9884277287462457,0.5218984270690369,0.5008428466537146
173,0.5195922325012328,0.5201633013004635,0.9192139486424853,0.5384079594885658,1.1992185402855569,0.8858017051080692,1.6863363412679562,3.1403072363177027,0.5264318422400421,0.5393225494265137
174,0.5040325792644981,0.5111323163729765,0.9755603946020132,0.49632580179409863,1.1380075539738248,0.8265361508129011,1.7196923179129318,3.1452986446172293,0.5024109258069129,0.5303998901390952
175,0.4891247222941378,0.47781365634789014,0.9509606467414853,0.5354079467210636,0.9494948147452168,0.7230581170027807,1.2475465409262223,3.3209666468428503,0.4882647219084845,0.5223350106515715
176,0.4423400106463748,0.47225147029995834,0.9112726277890584,0.4536529875557452,0.8785223928699211,0.6934726544860709,1.2585599182959466,4.529012940868359,0.4796689418100744,0.4964529873145486
177,0.4454212555824606,0.4441734177854619,0.9026386492674342,0.46116977908478446,0.777932462606715,0.6657946882788074,1.1269525581378286,7.172361061348985,0.4485087780149224,0.47765556706569834
178,0.4561122196832824,0.4513081943902318,0.8820334842024652,0.47954772815900076,0.7057028455500093,0.6926661438585292,1.225188483854516,8.924156274731313,0.45391622951517857,0.4878164347034609
179,0.4607632898032711,0.48094964738658746,0.9721542904607621,0.4881029593654106,0.7744924067663759,0.7714536498382556,1.0549857624920647,9.454780105581497,0.466713735092701,0.5072032870407499
180,0.4787376439899405,0.48918524534438984,1.0880744231822765,0.4984551101187516,0.9322784970969459,0.8132404874425595,1.208931997388167,9.145022515254517,0.4749732755497319,0.5149702264775137
181,0.4837797675775568,0.5628032711658997,1.4177857677188268,0.5141724535128147,0.9422096987148924,0.7337165691012644,1.038514362762159,14.512603288904781,0.5352849276279783,0.5036627905740633
182,0.5451217345328037,0.5415642341676388,1.3548642587498239,0.5744630786689642,0.982240692565505,0.895732010589796,1.0414416061278822,71.80520641680096,0.5465568836557119,0.5535826967000905
183,0.5146694080903956,0.5334179128407597,1.2848204306481772,0.552907652610657,1.0547741524451952,0.8888939702932576,0.9423181069441847,45.481353297589514,0.506925662175653,0.5193152571498062
184,0.49754596755317804,0.506751929815454,1.1409073524278914,0.5300802908511343,0.9328176862252728,0.8201021464365809,0.9204853962291025,12.013700854258678,0.4850201104973739,0.49418380260241856
185,0.4846572593275567,0.5108963410883367,1.1561787266121444,0.48811463616701256,0.890849879585774,0.7524801967161941,0.7889456349337503,24.326728958809444,0.47662036649384876,0.49588518766313855
186,0.45217807877168326,0.4743567857288499,1.0364403945237766,0.4898604461760537,0.8112419825290116,0.7377601403811449,1.2967753773249309,48.09919327610939,0.4938308096993418,0.49000755036006466
187,0.46719447718805457,0.48489242355609846,0.9422628259041891,0.5087000838497857,0.6680964986000794,0.7455670203094374,1.9468924804818526,43.908236610079484,0.43994860529310187,0.5232834472616853
188,0.46994906682415033,0.4786341456510452,0.9696720457778427,0.513796282587426,0.7106970503211764,0.8186905414819997,1.7832498029936985,18.930637943684893,0.5102366429045219,0.48319759515494426
189,0.47810343401320154,0.5385826685909322,1.021937127254017,0.5207203736172391,0.7757396439668052,0.8701345103906831,0.9882868415267079,32.08900098098872,0.5130797128021064,0.5676243733887545
190,0.5297253664974398,0.5384185806511216,1.0904849442356481,0.536609753450152,0.7675309080562286,0.9499529062899474,1.0841367341957364,25.38345085300931,0.5136816760027328,0.5162656351012067
191,0.5331052638740826,0.5321605780827948,1.050322799161418,0.5693170282471978,0.7142890040719609,0.9046817948592991,0.9140118506158909,31.335727553262394,0.5032695977805698,0.57447515441236
192,0.5275369553193398,0.5319525677678748,0.9992179242306568,0.5377124811060511,0.7965878010998106,0.7202019134434382,1.0095195000022887,34.574168079108766,0.49349945373711035,0.5655918341481369
193,0.48136147974465576,0.4942053143003106,0.9210656262720914,0.5370936484788894,0.7578468587887566,0.7523467674576141,0.9830004377648072,15.141877300400466,0.48410084964913985,0.5593543394733275
194,0.47808937852385003,0.4900448343573914,0.6385663306059114,0.4902498114143516,0.6377783150773593,0.7955885727346919,0.9041848288911348,25.33390489551606,0.4683058141974407,0.5021637117433941
195,0.4551154992091962,0.4669239454385569,0.6637029825224982,0.5030495290182779,0.6672668645969372,0.8040277503489998,0.7634797712262364,25.18276550776509,0.47367895904082874,0.4815925015800038
196,0.4663523711608148,0.4806480018273727,0.67580833229502,0.511417091876369,0.7000000255801606,0.8395725622329043,0.7899924709631063,29.07650606775765,0.43003562942129653,0.4940179269843404
197,0.5130807685592484,0.4991029576163108,0.7199435186836963,0.5280823524092044,0.7486276545058146,0.8525573892202276,0.8305554885389438,29.389388876814586,0.44667009257330254,0.510341574418935
198,0.5373907821427009,0.5111526811118192,0.7614076953502283,0.5446506198984605,0.7890319763602716,0.7790876138241353,0.8151008252216339,33.12002181668389,0.4730602471103813,0.5090260497379623
199,0.5435298221404834,0.503190708332518,0.6859587123061887,0.5248685895354828,0.7824791806760705,0.8654550656573081,0.7597075599468043,42.915881959844285,0.4854074918725327,0.5190338578979089
200,0.5076429174165537,0.5001008613654466,0.6727823620702919,0.5458016064232342,0.7343496515445332,0.7596136730414527,0.913968798677855,54.58251567676579,0.4842449130378073,0.5267065099491108
201,0.4983465822604281,0.49554684063264,0.7192963727695962,0.5362756558519349,0.6770988405589824,0.8598539284715463,0.839694460311264,64.80108762899046,0.48232312323989013,0.5280337369432936
202,0.519397053226677,0.4969327589339712,0.6943215898775975,0.5496810343398059,0.6386159594754456,0.800357451874755,0.8421383266911185,0.0,0.4830351767114302,0.4967601219754851
203,0.5125350128985262,0.49671266707641654,0.8807767495972907,0.5386289602394748,0.6551897901566754,0.9576120065141942,0.8968115762555721,2.636420301696734,0.49727212132099896,0.5069744601261151
204,0.5014313205804857,0.4894624467645515,0.9480416919607586,0.5272537296742027,0.686226185798062,0.7865698197053991,0.966823393168817,3.5482181653285068,0.4919808913038883,0.5056972650449998
205,0.5028719471069583,0.4667103687252478,0.8051785582585647,0.5450100845785041,0.6655646691772683,0.5876640452536483,0.941246986567339,3.37347912454738,0.4961904437184816,0.47939657981976364
206,0.49540327228056324,0.4751485687880262,0.7196820307318021,0.53522963505062,0.6532532188349417,0.5302322666070345,0.8841438193389766,2.515942663993147,0.5078187307147463,0.47163182315109575
207,0.49550551781463004,0.46371508444707177,0.7103459431369351,0.47632586239509933,0.6262405295084862,0.6183108401320976,0.8474376558098738,2.2913076572690896,0.4509250110020601,0.4805176561883983
208,0.4564438912454725,0.47070002512478976,0.6975888684564171,0.46335682279287194,0.5942611369640233,0.7233742629920034,0.7546884994598779,2.0744921799439022,0.4717547253395294,0.49007088968636825
209,0.4402495164659748,0.4388348001529451,0.7135708533823657,0.4627323596304252,0.6206807691190388,0.8016838997934627,0.7499234149746998,1.6556129233251373,0.47042969336883883,0.47714686909734194
210,0.44350773415329653,0.4517747121908336,0.8242429494677728,0.46387317140248696,0.6054375602057194,0.7615876451113385,0.644440359178885,1.5136068211929345,0.44763875504788486,0.4755160219948949
211,0.44427589336036594,0.451643226805289,0.9930899399556133,0.462821727049404,0.5414011256958948,0.6986854648363057,0.49347395969376945,1.0809525617575253,0.4646211143638226,0.47323062209203615
212,0.4284893138694554,0.4516475874774454,0.8900124409540955,0.46827952634616193,0.5463857366155841,0.7473587644270279,0.6431893014517922,1.231167185701205,0.4630563091762543,0.303193850421565
213,0.4627915008491958,0.47957267024844263,0.737447253440562,0.49836764054379706,0.49594681877579616,0.7788946957185455,0.5585168311858438,1.0065183058693383,0.4968461136075094,0.5416730997486726
214,0.49007469275645016,0.46359772561709484,0.7804289004783664,0.47461717237129564,0.5500308909452725,0.7680217386293339,0.6956931553569997,1.1961720392506612,0.4693140227819457,0.41738597282519413
215,0.47537320794368193,0.444785910949331,0.6415238615959752,0.47432638563580237,0.5355912127060868,0.6726024302877426,0.5527033380884592,0.7858140059462487,0.4484032743465158,0.51151215889658
216,0.4392562904644926,0.4406060572801465,0.5943594281759682,0.4632587828675482,0.5869278645175032,0.5959557215430441,0.5889444311482145,0.8145241114074723,0.44188811653522925,0.4927341427266717
217,0.4390294107973756,0.4326070660365169,0.510757466986492,0.4552873000923933,0.5266886184834095,0.5118902381365181,0.4949255671019186,0.6238958739183588,0.43631152360784364,0.561933182573674
218,0.4277800097915132,0.42442783972841563,0.4810833717813129,0.44566874815997776,0.5062344137045591,0.5370327840561773,0.5508888320905082,0.6399456286956966,0.42534882222889203,0.509041290345337
219,0.41423354343592034,0.4205576430323291,0.4479333179481616,0.4460253893751147,0.4483548588755088,0.5090210055477942,0.47424916178414306,0.48709183175636145,0.42897927191361007,0.48683447466448737
220,0.42544138263649633,0.4247659056216962,0.8538188360278308,0.44554992294312046,0.43651335794959695,0.4957866260010416,0.4963611773765382,0.46056608602874266,0.43590634966072467,0.4386788956315079
221,0.42884349574904274,0.4231704819749336,0.6435034567983996,0.40675428763581756,0.46335138054475916,0.44850126475066304,0.3979427375635124,0.5150410233819291,0.4317637753037017,0.4681066287291168
222,0.435781036874943,0.41608678812877975,0.7808551167310476,0.4157329692567063,0.4705480978914994,0.44904089252255225,0.4468755530852447,0.5160232724281686,0.43885343762826634,0.4369795138904127
223,0.4519121709982788,0.43617205954482086,0.5575223630587011,0.4266625409703696,0.4847197467914122,0.4876737744236392,0.38739637102897695,0.5554840704762385,0.4435444658949797,0.6282790816874425
224,0.4378774343078024,0.4323960439683147,0.624225055849534,0.47029528373770185,0.46460851153469523,0.5431016852879232,0.4744470743555156,0.4547737699094735,0.45032935322644624,0.5033966102184506
225,0.4288590260186721,0.4194679717611527,0.5452795744038988,0.43569307814704905,0.4622222062773736,0.4574738751921686,0.45778346293276134,0.4978234095802761,0.4332680049768406,0.577110044529319
226,0.4321657286999148,0.42166124140104244,0.6419599559481961,0.39840176804576516,0.6536052434142857,0.462824105095017,0.6029153355186032,0.47945760312060554,0.433763156580203,0.4331740114643067
227,0.43285496230721104,0.4222250686430991,0.4512836613936926,0.40461523534931043,0.5201973345102032,0.929005518240858,0.5301335299763428,0.4986134770926445,0.42840854489439273,0.5468926289899575
228,0.43606132790921,0.4188155451103509,0.8081798210816615,0.4154472529792583,0.5716423991829124,0.7850107176823969,0.5427128206416045,0.5457364175726463,0.43905977422785597,0.4781168637410217
229,0.4270839327397806,0.4171670832249618,0.6253194330719252,0.45791877838818534,0.4355672213692964,0.8486913477335833,0.45378519678009466,0.5748566357882477,0.431723233899773,0.515823092254407
230,0.4462659182616103,0.4304299689247607,0.8403832428422875,0.45858078656636875,0.693920372782933,0.6088362780206016,0.9351430996787843,0.48226190032618454,0.4498883428728874,0.5091525987009788
231,0.45028042925526585,0.4323061236597946,0.5738143755003611,0.46822521736276806,0.7486591393492359,0.7177790211212453,0.7060166425549245,0.6096733848360301,0.445336661325721,0.5750924791884419
232,0.4932827351186176,0.4597815457035939,0.7096107392204448,0.45104935421556036,0.7447181465334839,0.615255865776486,1.0362310186298271,0.5761086857184571,0.4858179792217564,0.5991118038422666
233,0.484725159625388,0.4605402891523918,0.5547477704845714,0.4777937598108118,0.6405600870600868,0.6558128936178673,0.6888669893761694,0.7537488945211894,0.47367361020877335,0.6165294401688561
234,0.45746688956405884,0.43821362413660336,1.4521308942382096,0.45460382527722143,0.5496848009192402,0.48960685626529205,0.8520864368305785,0.6943618305144708,0.45567504243450374,0.5470611623494406
235,0.4136875543446665,0.44339479511752916,1.2202062797384357,0.42600854354119644,0.5512680711708584,0.5855934121525788,0.5247208122616009,0.6365762360660533,0.4120881674153509,0.7323209806443525
236,0.4169511785432175,0.402873073380487,1.3858163557590262,0.4197746715254758,0.5833192936619974,0.5280542301135125,0.6096174308508402,0.5093318570581202,0.41721440548719896,0.7265826779995603
237,0.4062809810650914,0.4008348029218499,0.9485471197504514,0.3926953326879986,0.5272527370230881,0.6683668721345479,0.44224722712305575,0.6143856920542525,0.40445293091502815,0.7518313392048431
238,0.3864058163404397,0.3956974618150768,1.0186138020942577,0.3943960259109112,0.5021399712114127,0.4814152929700835,0.6159618839897556,0.5900798201138739,0.381672155364392,0.6050220306035349
239,0.5473086214360869,0.30018090353824056,0.7602569177323704,0.39877517369204374,0.49144566474362156,0.635338008456063,0.47415636034774455,0.8136203385825316,0.5222562070593179,0.6318773785693832
240,0.6005496999821134,0.5893231760085746,0.9297170974552466,0.43142546278270827,0.5156769908921863,0.588082609253511,1.1404572756123863,0.6867239963287134,0.5754748093719753,0.5675221053792605
241,0.6516600269567426,0.5793767344011108,1.0336680947382852,0.49913771906517024,0.6303657484671088,0.8006938052637393,0.9986330661537626,0.805206575415404,0.638417483333906,0.9562076768821102
242,0.6437534732147524,0.648946819497664,0.9508762069014665,0.5018253032174954,0.9433986801429426,0.8214211773020318,1.2671477199729315,0.8171555823145221,0.5987529087470699,1.0154468732331152
243,0.6116805562474569,0.5870322842716202,0.817506648353053,0.4785734846863871,0.9664457280760258,0.8528794897344163,0.8677651038331478,1.2458699930892136,0.5904799968908291,1.0745392800891267
244,0.5646505869421493,0.5355513846323953,0.7431486815258044,0.4408417411188081,0.9850333113855344,0.6526885975315899,1.2907832557570724,1.2664788480995335,0.5254236360442828,0.9604256386835471
245,0.5172083939546458,0.49125702166203655,0.4346818476193588,0.4307595336550193,0.7829353192744475,1.5140754887097543,0.9147896613362799,1.1584932327328172,0.49614022072950553,0.8975608175045171
246,0.5106448190892237,0.4959113115630966,0.6365660224895163,0.4069556743921873,0.7811519993419248,1.5589943649496425,0.9190982851151974,0.9864972898358689,0.4831161190491051,0.6293259543526016
247,0.5011617835361799,0.455140275395765,1.3632198458610207,0.40156956875249045,0.6673591681265963,1.7581534711414986,0.7248430493446756,0.9301625340232104,0.47754060740416326,0.7869769143717534
248,0.5254422744939252,0.485677388833789,1.5049733468827489,0.4246741046283389,0.6805284462544812,1.9922353687008711,1.1679155200342075,0.7953512821771652,0.49816243749108524,0.9573788988715466
249,0.5596898133218913,0.519517871538231,1.5289275148943449,0.4283528612481968,0.8333384564169983,1.828240317657956,1.0682879422594624,0.7217952307953192,0.5371250733124942,1.1122593742024034
250,0.5445382501315201,0.5063641198841812,1.2576931516648164,0.44828624371314246,0.8332452492241395,1.7302747898312199,1.283248820878768,0.7901444360080476,0.5450651295591763,1.108824057791633
251,0.5531885358483859,0.4851445431447798,0.9907859559265607,0.43175151268243345,0.8271513639016206,1.462024913406858,0.8640071135810172,1.5666872740470335,0.5461579312627489,0.9418983304871149
252,0.512781170686896,0.48032925713805064,0.7542915114911264,0.42474328167748165,0.763701856484886,1.2803001354511605,1.1591176801471095,1.705477282376001,0.49903349430666455,0.9114653767543485
253,0.5105116371347792,0.46816757050950497,0.6993265839790526,0.40201420526964093,0.7540886959269986,0.9103187355762747,0.775814699594583,1.396604595470586,0.49031208628900913,0.7474459863562792
254,0.4816068902135223,0.44881495774166547,0.8512802417043899,0.3964529636547811,0.7515383016189738,0.8612761512302379,0.9347650830328752,1.292191050617572,0.4728155463491448,0.6679156192451562
255,0.49794428032103516,0.4532135314913118,0.6686327963098001,0.37769612417995796,0.807854232841038,0.8977903647982303,0.6609258616503284,1.0557468120175766,0.469847806066123,0.5770998580697713
256,0.4648227990709677,0.42907411172691123,0.6814017922860631,0.3537477061816014,0.5863884082974138,0.6975022764896885,0.7726831865291268,0.8776357800346556,0.4677446706902411,0.5568257513965985
257,0.46598713194828323,0.4288279023676707,0.5129077960796471,0.2886362475967907,0.576018690801398,0.6720060498443389,0.6261835699195296,0.9048058709499412,0.4417864350229732,0.5167657551988573
258,0.4894783141640613,0.4786677973620953,1.1338665596582573,0.4597476033062905,0.5523645150019467,0.6513966173318225,0.6190958595983257,0.7800768096446914,0.48087596214419337,0.7132606369315634
259,0.5333930112813383,0.47914507679006274,1.1218729266041754,0.49333462131968586,0.7694872839114493,0.8673023328864287,0.698060984422319,0.6421420635701305,0.532782018008302,0.6942985147717415
260,0.5878461486018928,0.49448738904331563,1.4641768438285059,0.5063447632143224,0.7790597623288343,0.9548967259721122,0.8322731367565467,0.7435974620097917,0.5496983033326369,0.7309099329910614
261,0.5543988585935419,0.5113294422979014,1.0478398457055835,0.4967803448580707,0.8367717224727816,0.9807026257814855,0.8850423374048798,0.722344044397498,0.5507445870297084,0.7377558822547413
262,0.5395487680544019,0.49469009237408357,1.0492501343548548,0.4658471824472071,0.6563829347364337,0.8663859582348535,0.8892602803761549,1.3378737257674485,0.5337240128035191,0.9904906428404009
263,0.5335626466282345,0.4770872109047703,0.8055796398006337,0.4671056630948803,0.9609003023801665,0.7421666842829623,0.8167486104431578,1.223934645700356,0.5006592643922092,0.9202103642422854
264,0.5259780001288974,0.4822438115146681,0.8456337308927043,0.45894747128856495,1.0000373474484334,1.0256189062481857,0.7778217546657445,1.1027602442388416,0.4768579282084902,0.7802624627298939
265,0.4947470366963096,0.46893979456248563,0.62175751522797,0.4389451142900686,1.0228041649558515,0.9450470050453362,0.8631126036729854,0.895974884144444,0.4529408913638173,0.7042633949141485
266,0.48124954973489287,0.4648344144476402,0.8168696216717577,0.4454241536054682,0.7812141936617731,1.166534841825689,0.812440106742378,0.8558769777073486,0.42889100203101804,0.6664085932488587
267,0.4521559627406676,0.4352847541564192,0.8833668521960308,0.4102372400154864,0.6317272622803837,0.7866327911019859,0.7244969732336825,0.5824712068759959,0.4169176013900303,0.6565833861977297
268,0.4595151851692736,0.4235501185252301,0.9574012585654693,0.4187469913590039,0.4999508274553801,1.1155777444578692,0.6123193307417325,1.7267124580199533,0.4269648158892808,0.5657437938480891
269,0.4533870792667432,0.42151789059790284,0.7665569709328591,0.41613664182700694,0.47770242569591875,0.7940110037501243,0.5853956820608393,0.9151243444212867,0.41887382321407657,0.6884492455022356
270,0.45641258958415964,0.4357682926456188,0.6448683971057444,0.4265703417238991,0.538364784731256,0.6627521263124286,0.9102469338500458,1.5512975089326528,0.4209260306734683,0.6355703891002268
271,0.47747123437333194,0.4432732746919645,0.564180946307637,0.4211984907180072,0.5283033357479537,1.7994045308552518,0.7759884478862384,0.8669174664819459,0.4499046444539032,1.3196653436943215
272,0.507821235208564,0.4893885231051479,1.0949868447143265,0.4486383027786167,0.8579418290979225,1.4304697650458384,1.1667720024734505,1.151941977160947,0.4600281073763917,0.9517912838201027
273,0.49784694060120394,0.4801101958048681,1.288122784170108,0.4256703967374947,0.992400690638362,1.7909960352732262,0.9597254071415393,0.8149658646019745,0.47028557181578673,1.0041605554742195
274,0.512353309074122,0.49066064004658855,1.3770015515287832,0.45741062136652433,0.9439810189126094,1.5148784451778798,0.9109779997413601,0.9611076579568767,0.48004225546658646,0.755695807238334
275,0.5134616175261001,0.46722491590679555,1.4750397392554986,0.4570946606649004,0.705613540058536,1.6461110076626895,0.726657736001794,0.8260428942391307,0.4724153505189528,1.365004521326811
276,0.4946452507166206,0.4645040735529661,1.3412348376658658,0.45869878545203346,0.8139613602970504,1.1604699871704696,0.6247860615911769,0.8849408261562695,0.4493876024950957,1.081406074804397
277,0.4564200119119734,0.451437754914605,1.0959079432413896,0.443772188952321,0.6545042094213235,1.2917985044156157,0.5143846709897064,0.7290086736597994,0.43159981314977497,1.5212367305186842
278,0.43823764225044787,0.45037990387785326,0.9925650868004424,0.4235520218772129,0.6457697456825516,1.2534600779519007,0.7612040108923472,0.893680007795663,0.4337700138967075,1.2407683043438371
279,0.44074416128817306,0.43292458992781346,0.9948486393280482,0.4199757028896176,0.5974775694850596,1.367513150845349,0.6087225954103789,0.7503015027224545,0.4154328849618562,1.3496974791208416
280,0.44719174717385374,0.435864655864323,0.9842699748536841,0.3975555478580944,0.7965510169203445,1.0330999508408176,0.7003149938714861,0.7092192824237898,0.4264152165726698,0.9335806771544974
281,0.4346442346357574,0.4348916313408067,0.8314783941949274,0.40562509271443065,0.8484032640114886,1.1479313072842847,0.5556698749738478,0.7671698840231048,0.42267111961088455,1.0589025799972487
282,0.4722314792108874,0.44159134298688557,0.8419360218695295,0.4020161237542123,0.798543690753142,0.8033881873487363,0.7882901062046784,0.7941447043878651,0.42361040508048525,0.8068593098053559
283,0.46008519056944913,0.4390736385687539,0.7466962697832574,0.3987875366816719,0.6802913456686761,1.0021837319207794,0.6358856828026621,0.6055203558306427,0.39683737843357814,0.6512648441942461
284,0.42823606509622614,0.4323856812190119,0.7691730277933142,0.395376011639788,0.6014805537874135,0.7359642028833693,0.6981741789802122,0.625131799938861,0.3928293297507621,0.4824843402652066
285,0.3943135995823178,0.39153767145821977,0.9335915794357107,0.366568087979944,0.635444988241744,0.7143009690931964,0.47443730136043366,0.46858392860077025,0.3871807469563938,0.5383908806643268
286,0.2920069363234582,0.37342114044230656,0.9147143382722803,0.3838638562533907,0.5936779087617516,0.6659014979421605,0.9796787807191151,0.5495783972710017,0.5149259558067315,0.600272095632906
287,0.6106456565193513,0.44136385947392515,1.0325778796448402,0.4165342438674308,0.6570984755710501,1.230315618959731,0.6706163929243809,0.5928332499444754,0.5955507574217072,0.6076027858059945
288,0.46534708248787365,0.4809546269018138,1.3317732572159091,0.4575008945850202,0.6419818466011832,1.2952150108873657,1.1679103695627535,0.7315269446297719,0.6350419982303868,1.1170166330454463
289,0.6015445792435158,0.4995142444801518,1.390695306540369,0.4821789649548445,1.1469666682237865,0.8445570126719667,0.745132449439036,0.5732303039235402,0.627474705513233,1.187326279701235
290,0.5096062261350521,0.5096209045476663,1.1392332400536351,0.49292608774029867,1.2187835246126135,0.9860590500707335,1.2036486838939906,1.1729195824339345,0.6074312504295396,1.2152925841350175
291,0.5697879563477452,0.476383500107471,1.611494065512614,0.4587171911033694,1.1180326988345748,0.8605448270667905,0.8144198956855049,1.5077816593866205,0.6010176758214761,0.8508892102266372
292,0.5467911278153731,0.4585471961238079,1.5213650990630394,0.44426939099711077,0.8052200078629829,0.9403715716524224,1.3891226759683353,1.5460745661720694,0.5668288445233497,1.458822032523381
293,0.5675341829449483,0.4555204570010612,1.161933357390669,0.44540928551730136,0.6650254855604749,2.62109922972746,1.4200560564148863,1.260337258967893,0.5851245251609899,1.9278951247688334
294,0.5436243207722635,0.45354033448138237,1.0800390562898148,0.43322509938974957,0.6854980368112681,2.833825837948897,1.2211720942727122,1.1573569359255693,0.5605664577945891,2.655828340806711
295,0.5376444025468787,0.452862129737353,9.276701978593847,0.43158545517997376,0.6600324231737092,2.2618984781881992,1.017263344920779,1.6610941598216789,0.5619334363965133,1.6796847539152564
296,0.5546485702147606,0.4617032497314265,9.296621777999082,0.4429491917871236,0.8770215288265801,2.2520639630977244,1.1220587977189231,1.9961937704588608,0.5702024735948372,2.6237597696106985
297,0.5709851857969018,0.46693342587826575,10.817687492275013,0.4573234696139748,0.9972948767543565,2.2470384603863685,1.087663868622978,2.0580546100819426,0.5825165304835551,2.1815717979052787
298,0.5530590553423717,0.4670896468359395,6.323702691713993,0.4431435139297797,0.957654843791185,1.5440000415055193,1.073620974154075,1.9059643745562438,0.5539680412334305,2.1323423383082716
299,0.5166683626859095,0.45528867499919334,5.654653102018376,0.43871840416839636,0.9015528585724174,2.492997192956031,1.1526918002671072,2.04539743483476,0.5424095399594779,1.4222479767855267
300,0.5096533117315882,0.4357240567661177,4.468431140058921,0.4149899966953461,0.8595589816997933,2.7362364961127494,1.3348628959632205,1.3755369009288547,0.5322155061747285,1.6114485970647943
301,0.5024510197504056,0.44052900718983695,3.1730297093960225,0.4217597904429511,0.7746074569806001,2.663093307885309,1.2288036922288388,1.9198570639021786,0.5353881308233914,1.4765437638701382
302,0.5105753793979407,0.4265905136358434,1.8842284182402014,0.4031963437938679,0.8054347184286481,2.6668702820049717,1.3529113758326574,1.469619218305717,0.5209517969620712,1.5929315779962243
303,0.5048765620118464,0.42806860555072945,3.2208402993222984,0.4066729427894745,0.7990238287829637,2.006530071746156,1.2011665551070951,1.5961858205440387,0.5251990258186027,1.3537445599288278
304,0.5184392013126666,0.43643466745078036,2.2177030603757717,0.4039355259644098,0.7947582170253006,2.262436522619976,1.1470846136982211,1.1586764636082783,0.5189501047222849,1.3484767208180142
305,0.5122728835862074,0.43098959415875593,2.542166588501301,0.38820276209318355,0.7834474251146494,2.1860415879109625,1.2361246012390652,1.2312379224219692,0.5151658450304825,1.3138257244809488
306,0.4886412458163861,0.4100746448075518,1.8139625498561092,0.38797588397411986,0.7448213798323259,1.9132624456717284,1.0949715230729726,0.8618018845624696,0.49104087306602334,1.1647521803733853
307,0.5138789006174889,0.4087746041470037,1.8763301257210683,0.3725432359248375,0.7564336493367882,1.8152631318752404,0.9913528494470976,1.1516015133244932,0.4971526558054016,1.056040191709344
308,0.4947084018953484,0.41854907375449285,1.1535602240148768,0.3766566580054269,0.7615278852586608,2.087173649670669,0.9680303094196286,0.8344026859817872,0.4811874286428879,1.03278370148835
309,0.49140540378732056,0.3907581023205226,2.2331498043674105,0.292238499807715,0.6720352712794757,1.4966413234116551,0.8973134302300814,0.6578796799155168,0.4725654590370341,1.1100641778374143
310,0.5418321972726956,0.40641415006521564,2.1322581986676292,0.4962274833323508,0.7456330063600116,1.1900130606937573,0.8337165590045833,1.2469560972934346,0.5092777773846275,1.3474108197191366
311,0.6121665960551343,0.4528453403279147,3.995073979730699,0.5477412868904888,0.8826925248772304,1.6404716677703364,0.8195857079323736,1.4092220228630832,0.548504279198889,1.75075112126963
312,0.6356506811025107,0.4823869814436031,3.905928742408899,0.5458260436955313,0.855578629549505,1.8463185237489603,1.0440643696358043,1.6717156775757183,0.5274971266728312,1.6053954338357843
313,0.6191835561537699,0.4577792819404412,3.8521764833777143,0.5196240167681486,0.7875506567412491,1.9977710394892023,1.5130187466048817,1.2082887423836648,0.50282084961251,1.3256815369351354
314,0.5469358902616849,0.41884572913056484,3.1794234145133244,0.4898476639641409,0.6857403220404543,0.8874261642749199,1.359462889324808,1.0761993829924608,0.4587151345966638,1.3084512007623075
315,0.5179655039774153,0.3985229006971189,2.976233046573996,0.46711209702350015,0.6242429302798057,0.5493469034654125,1.1954762317897425,0.8671489300975327,0.4782774723216308,1.2003352722163572
316,0.5009690762313619,0.3949936354590242,2.3296259259676524,0.45677620268438085,0.6553727144767306,1.0155708101210725,0.9935855915161925,0.8893522593462282,0.47640598424816605,1.1890593061853967
317,0.5105100172289184,0.3824723388173024,2.5491404742095867,0.44333402690003354,0.6338593106450571,0.8899542743728014,0.8138298373974321,0.8315815761927549,0.48151740540281235,1.0582519124454661
318,0.5356372130183421,0.3895773484125367,1.9496112194443027,0.45852713870229855,0.7272263049380058,1.0382367718947354,0.541384227701561,1.646599951274945,0.4901489301743182,1.3290019904274861
319,0.5402626210977577,0.4012147831584891,1.7888039726961016,0.46513952768083766,0.7764342062592353,0.6849998159144931,1.0444718267454391,1.902898470462455,0.51637420094444,1.5832523590143186
320,0.5687738934955324,0.4180788707093618,2.333827378912114,0.48153548706953303,0.7027157632830436,0.43336656899319503,1.4003104078625679,1.8298187959813534,0.5346361915209176,1.5389529188641575
321,0.5681913920213945,0.420429200093447,2.0796720228414203,0.47789251904268687,0.7275217764893747,0.6791786761648912,1.5893379326447703,1.3389821723633166,0.5000672671372086,1.804622730164813
322,0.5522649331218236,0.4108271249825192,2.027236887765812,0.46787598340820286,0.6560136489427608,0.627515126836605,0.9704226836456865,1.1263735986293835,0.48202064773408154,1.4056908947639335
323,0.5287219066428793,0.3904087619343024,0.9007024565067883,0.44274469070614086,0.6373655128486286,0.7960879419438954,0.9176801383963806,0.9133314204995748,0.4522507768219408,1.2490596597427541
324,0.5083473449332421,0.4115543632932235,1.76572956372278,0.433412734320205,0.6455531957938642,0.7469537858906495,0.6722062103483759,0.9371016514759875,0.43384882858925755,0.9175599510798182
325,0.5321771407661801,0.53993022229807,1.631093709236759,0.4509982099843733,0.6616540389086443,0.7402777804486546,1.0645566861718445,0.9706086188214377,0.46418252627255924,0.8062178173421091
326,0.5455934119067284,0.5495489315055072,2.6480248836747524,0.4594734964340071,0.6250991459813369,0.7278789552551435,0.8680482390194018,1.1262682186442396,0.4691472503271703,0.7320415156387757
327,0.5652040761307965,0.5668216212591343,4.244883428222427,0.4693114810279478,0.6389739514989449,1.142926443303217,1.2788038652839542,1.1292670162429645,0.4808766690282141,0.5474073498929032
328,0.5619453737650654,0.5788422200926773,5.90923977146856,0.4601209934169958,0.5838132189378132,1.1242232323232932,0.8818480316227544,1.1557377980152972,0.4631675949629793,1.0294871743062473
329,0.5468914006148835,0.5674968524704003,8.37408633594441,0.4444305444198856,0.5861105953775736,1.083579763121716,1.0162789365257465,1.040464066761772,0.47064931078940336,0.8605101937056624
330,0.5540709779752176,0.5790338155168343,13.156477508224235,0.44039782591328036,0.6016073749239735,2.037594367536888,0.9209824180775882,0.9351053779768995,0.45694270339611603,0.7419178708340561
331,0.5439128219352466,0.595161075577322,17.634562650373432,0.4463761025901955,0.6349136664442273,2.1483314693367737,1.0484088606834445,0.8263787347203102,0.4608965860150862,0.8049058606340861
332,0.5460025101297595,0.603387260511859,28.383950554730788,0.4458433508877601,0.5903071427382303,2.3213627637925804,1.7881825612897546,1.0571546869713977,0.4688864698089869,0.6191946655511623
333,0.5470670424412453,0.6040472984608459,9.808307766988795,0.453359286743636,0.5808879218237262,2.589703734420692,1.7808223722368566,1.4129018080788862,0.4727571988125229,0.697969052268475
334,0.542988948939354,0.5905000342148579,11.378683423689411,0.45987680899122346,0.611401866338857,2.096239185168078,2.0019180394072897,1.4004841596217525,0.468910325721304,0.772597776305542
335,0.5250790669759173,0.5693393682575765,13.187205363174417,0.44740932065769573,0.5947078011984168,2.0839292511983465,1.7838973892876229,1.9130708594256778,0.4449817105410664,1.2541781417235838
336,0.5371459849863888,0.566749727182803,3.4359242689475193,0.44798119712393913,0.5711466385667108,1.9865553057902625,2.3128195027819998,2.154689586469999,0.45185689154024616,1.4556113446683376
337,0.5217365608158391,0.506327478934106,3.1921579258810837,0.4222162858276984,0.6135157655821007,1.9103110779216266,1.8424610925579488,2.4122512243865626,0.4443554892688937,1.4694098530238364
338,0.5162482070923345,0.5290952838614028,3.946751914467183,0.4255620873802198,0.5936834845539453,1.5224566020075405,1.5417939137146723,1.8208821752038507,0.43584552238253776,1.3125749559562678
339,0.4952692156767106,0.518916962271143,8.68839504490317,0.4051839071217496,0.5569744713900476,1.3347390077911725,1.2685350337251666,1.5105268821288438,0.4252710540874137,1.1074118759517895
340,0.5087384904066934,0.5277734247346744,14.409122759348602,0.4174278280811427,0.5728390022184982,0.9775285431824495,1.7776474192702012,2.264625887151286,0.43501315105291205,1.3071601566579323
341,0.5235775868189928,0.5361271854129976,25.84782867787852,0.43015813255126684,0.5821381245246134,1.0123154721416416,2.0822694650001288,2.810429423436647,0.43175864329496294,1.395869224411259
342,0.5286705649621307,0.5235961996219917,16.492897198007725,0.4480686804943562,0.5905408297690711,0.9118566167185186,2.521436231376131,3.3909974034360397,0.42033880036042337,1.4139929281217072
343,0.524525308994407,0.5001770953791874,45.72634303281494,0.4361718805119188,0.5739957665147054,0.9177710406232411,2.6644348296296054,2.8544119169770137,0.4107036069042638,1.3671949224898834
344,0.528754809667405,0.4982021162893481,5.761866028024967,0.4264920451787936,0.5870941342794282,1.7157535703626476,2.6849391485731124,4.419481195511371,0.41511874755267997,1.4463817669813024
345,0.518469582657375,0.5016959672554757,2.490767355527542,0.4198205680067722,0.5788340789512731,1.6067105855003572,2.6403752571259487,3.9395463212421764,0.39511277154282476,1.1038461439273193
346,0.5198389516600868,0.5277997543769091,1.753228806113429,0.4163936910745863,0.5718370541453908,1.800700538592745,2.6731477977143396,4.5720817146744475,0.4064042121951318,1.208393958016201
347,0.5218765601136313,0.5230984269257208,2.8752830519071453,0.41500705004036315,0.545454725381782,1.3064910498783473,2.1699483005451903,3.604112911207977,0.38794167070847796,1.5517496431555693
348,0.5191327771119181,0.5111384914244027,4.005111683597761,0.41465298598557887,0.5350968594281882,1.8313077320659166,2.5196909954111484,3.499698029516805,0.3955189493787992,1.3497380704220088
349,0.4997524636510718,0.5232962080552048,5.247608733286492,0.41740476222085876,0.557316710526752,1.3927195983836322,2.0257763055376055,2.3904273043843793,0.440678893683374,1.2291884163954676
350,0.5067083957810369,0.526546092445378,5.799382110875091,0.401373427258129,0.5657324449588983,2.8520694006902243,1.5574967313720083,2.7146673731765727,0.4379868809970747,1.2786229256508264
351,0.49297805050286736,0.5234818816479809,5.9343584491057,0.3993497467621325,0.5499036928210457,1.697678719039963,1.4091441026926135,1.5963802808566032,0.42821979142915656,1.0119094293123057
352,0.4931629649964245,0.5048855781473534,8.020178381973704,0.39646784001564683,0.5360191736043605,1.7947053535095252,1.2015139477711037,2.0755889743218603,0.4203081093754714,0.8692488576330859
353,0.48521193223867465,0.4784757354572315,11.195451339666098,0.37932940769391477,0.5049369461223114,1.0235465127974672,1.4150305189068544,1.0478295193233524,0.40120237255121427,0.7849000465262805
354,0.4844824349685668,0.48346081003028,5.249559408710747,0.39587440416595876,0.5125537978259105,2.698443058907922,1.0070451403370122,6.142595359617452,0.39288521971251256,0.7613860787400722
355,0.5094446377515344,0.507158955190102,11.094748842226505,0.5753425667936523,0.533557309162662,1.8697151672432173,1.233733866266873,3.3882434980346714,0.39338499826204065,0.6942287073562229
356,0.5342181483662564,0.5059813482169235,15.717504328256348,0.5679569031924909,0.5610022602644632,2.1077441830506887,1.3716311270864967,4.395192822401752,0.4106500590744122,0.727104395242478
357,0.5353083280299581,0.48979488922604375,16.956930004488697,0.5783309351700154,0.5536569492247008,1.5977519035226766,1.8074184458499598,2.202547732494854,0.42021263908754675,0.6698466832028936
358,0.5111952053962725,0.48314862024294386,36.87681370601889,0.5620224739070487,0.5294098329862168,1.3872533419422526,2.0298518883115917,2.6561748306193627,0.42432651910002905,0.6656498320631685
359,0.49594151079925797,0.4650751834027908,39.20326144861721,0.555118174497993,0.5300115376663094,2.150154998262703,1.9435139399157764,1.506768124129559,0.418105620288309,0.6620206204735816
360,0.4998559691141366,0.4699285271973306,36.40044839051151,0.552725370807551,0.4925650633051697,3.7833156950493847,1.9750730024176772,2.694776308072044,0.40943575771340013,0.9833406454172186
361,0.5037899122494646,0.46238867856030863,15.2866084200671,0.5912880483446368,0.5195544245549938,4.241916987762701,1.6735771370370838,4.149434485175322,0.41663511212176907,0.8432773802471631
362,0.5055612181256406,0.4960204844034726,21.23250740868211,0.5889361059007499,0.555031394986698,3.999143127351446,1.6913923110301499,4.608580762634404,0.43205093211679496,1.0087864188508007
363,0.5035857428728167,0.48977163951106795,95.0429310533614,0.578978505408338,0.5329012774785387,4.213567888618699,1.5641959353799775,3.0142980944913127,0.42707604914974184,1.1220073038845146
364,0.49157765444180107,0.48193333870782,9.052850027278692,0.5644350617886799,0.5413739105724754,4.164314338545833,1.5829160994904596,5.291920941045891,0.42147894831689464,1.0858354534685846
365,0.487459230139612,0.4747315674585104,2.2237609273395034,0.5625040866743952,0.5253554991418544,3.271882422089144,1.3126539798838224,5.071248380268834,0.40427548855492973,1.0787089437807094
366,0.48720067762542324,0.4543116483029924,0.0,0.5293797017855144,0.5359816677809693,3.008902905892862,1.2383894522083465,4.511012312648404,0.4311490398671848,1.1435733621177262
367,0.4841498396246745,0.4580759371120996,0.0,0.530370066227953,0.5280406848027065,2.109113977507937,0.978496786653601,3.1075357166697426,0.5069099907944024,1.026678422151543
368,0.46700443302146677,0.44019457052378835,0.0,0.4887529833401581,0.4885243383358085,1.7616971428248154,0.979802649185339,3.13887842502132,0.4132829414232618,0.7169941041927275
369,0.4341737124813232,0.42262727979926973,0.0,0.4809231449040764,0.4727270113706556,1.3573118233376944,0.6694348758326969,2.285366979375746,0.47308363246603735,0.6474006405006636
370,0.3983392694043246,0.3977090530793719,0.0,0.46262241331527454,0.44264851047784415,1.1615674357263968,0.8224024987853592,2.3517934737777204,0.4137970304582521,0.6448413788853447
371,0.37396776084243977,0.3851879659141304,82.53853441617991,0.44845713862525277,0.4405455386850361,0.619385965698003,0.7800963915321483,1.7691703899795135,0.4300371252755396,0.7064599986573336
372,0.40528177498982915,0.375782061826196,105.6256656069304,0.42916497551974053,0.44947178924891795,1.522213273938783,0.8762516192259209,1.389434585863224,0.3835631201929018,0.5746402966942468
373,0.5292620686868372,0.3676352217395598,91.63870268688402,0.4484798407259706,0.41952103762037496,1.8235933258417636,0.8841730227481072,1.5465023581439468,0.4091883902199418,0.6128129930691789
374,0.5452067680726551,0.3815175084901417,56.195868927101394,0.4458262825731029,0.43631296660714153,1.9374913319451383,1.0508533924982661,1.3660303600564387,0.3931740825557141,1.2809935090138451
375,0.6135447212503738,0.42842581710713806,44.87483070437977,0.5279501935782238,0.5027334927158889,3.5543280403836754,5.131005032964015,1.4339608838079743,0.4511907732497047,1.0959293088916324
376,0.6716613275663526,0.45684153392243615,36.05505475628597,0.46753172728458464,0.5725576021282661,2.3188085030550236,4.093719442899912,1.8252940014123171,0.41860205641810866,1.3006454533200695
377,0.6676372808007079,0.44855033277831874,24.6818061348249,0.5141056310624607,0.5531941158567469,3.6031746122265855,6.016412830718102,1.8952053718628967,0.4323861793504761,1.137866568395963
378,0.6734488302130157,0.4467861810436409,21.178458616477123,0.5069877844571783,0.49644291991480816,2.207318948021369,4.8132352755685215,1.591791495689743,0.44764687592711955,1.1011392357387806
379,0.6168948580574392,0.431184718811449,13.313841382547174,0.4797858610099231,0.4699014816974566,3.20663040583495,3.7881159222013525,3.351724634244359,0.458072607400958,1.0804639978278674
380,0.600343301174665,0.4087651198749973,13.556505894229893,0.46467693148823136,0.4697742213735996,1.5960710984538546,2.196307404322542,2.8631467202162364,0.4624559635489895,1.006721092748342
381,0.5664873184514949,0.39387012865900084,7.512767959856132,0.45003944878695357,0.4506793183399415,3.7403800898695816,1.8292777042704438,2.5844927546115395,0.4372527212321565,1.0123325911381487
382,0.5404558237669681,0.3702745176271659,5.277308951437203,0.40596947749598244,0.4312136328213212,2.501514800138907,3.2281342808179447,1.3993328348525997,0.4130759668079079,0.9335629747075876
383,0.5385145168179429,0.38812647894443797,0.2682673009647099,0.4116094684064171,0.4317608898127954,3.1464924506082217,3.3306597871596666,1.6737221904420387,0.4135354597224289,0.9947684465169915
384,0.5681568391640217,0.5040634028552688,11.794259139361076,0.4263299586871934,0.45920583128251874,2.037733785015982,2.9484525940819446,1.185350923884912,0.4033349662386831,0.9916920209419965
385,0.5919929340066898,0.5030977395996149,8.218867992709608,0.44389956455813057,0.45752300058302947,3.38213914293506,2.245261175645612,1.4773435958194199,0.405619910925563,0.9906019355787559
386,0.5755184310037542,0.5081763612630781,10.317817415329388,0.42542879947583334,0.4524754421043893,2.0727237749400884,2.337621200663753,1.774933279947712,0.4029324487837497,1.0853577986997602
387,0.580077050683759,0.5023323242171611,1.5252551517832675,0.4210583212405341,0.44784335697317457,2.43070759139182,0.98351191346362,4.117457475913238,0.4595175261984372,0.9335916476890199
388,0.5684584915589166,0.5085494723589896,7.586551242187822,0.40740692775462795,0.4551425261895239,1.6425063132131126,1.1418130569989424,3.7346042004305473,0.46173953964591663,0.9890838878755271
389,0.5653774865270045,0.5121464922571877,0.258026342,0.40459385664793834,0.44325953727023265,2.285253708086859,0.7437753332811681,3.7216853959566536,0.44962116619316633,0.9201733210826528
390,0.5451461561474178,0.5075432449985364,17.615192188941137,0.41338669565566344,0.4501378483720346,1.4896798472187653,3.233806643210103,2.5195818338215834,0.45439675925107825,0.9213049973937998
391,0.548151698304303,0.5044987943574017,20.24282239547984,0.42963247493104545,0.45404447842460827,1.891903033389273,1.5633841413908112,2.104724603774259,0.44400806924924985,1.0069499898822682
392,0.5053219944109858,0.5166889860325723,29.680634382072103,0.43232143894659736,0.4557144504267707,4.514789949987668,2.4006987023684703,1.333631684096491,0.45287143296272203,1.0342825956695694
393,0.5088378569609628,0.5175736824760725,6.316611201873402,0.42852365451827124,0.4613676714694272,4.4938777937122145,4.309635076846873,1.5752422913674815,0.4731117143317816,0.9412321182253236
394,0.4895205996968226,0.5170947906488412,4.770361228405776,0.43852495738030156,0.45215166463441403,4.9161121274997805,4.114688951624896,1.3590365669757252,0.4671916113481348,0.9562460057784499
395,0.5288518263906554,0.5272079861885653,4.741954336981908,0.43507199550571257,0.44741004154662795,2.339688850269565,2.437675665613841,2.0940838641495336,0.45698713948197617,0.9213659882930444
396,0.4681634905183351,0.4962093171370859,3.0958870017360107,0.4159099524467292,0.4299108195366619,1.6113390596558759,1.5062955505997664,1.0411113135367422,0.4331055862354244,0.988555534400703
397,0.46614367902281295,0.47273257231162813,3.391324005562498,0.4055719419169753,0.39491329950398435,1.2776025094264174,1.157754223968633,1.4720001791171828,0.417250209258721,0.9482970713402222
398,0.4094935849004665,0.4565093946840406,3.658282253146831,0.38575263527735143,0.4020534896091177,0.8498392608152723,1.0129988060596482,1.0589852621170255,0.3923672109945349,1.003683379486445
399,0.48406166994882927,0.4455097974942425,1.0681452034627943,0.37967770180667815,0.40433473938424364,1.0667418478522463,0.8476560848239781,1.2565525227246161,0.39688499317709647,0.9657657667401921
400,0.4735008923241505,0.4641872754340184,0.9694854137015497,0.3874992239597981,0.38312987889524186,0.7335264799918461,0.8624438547395511,0.7784527878153537,0.38962804237436505,1.0407936158846274
