1,0.0,0.0,0.0,0.0,0.0,-67378.0,0.23457360883185174,0.0,0.0
2,0.0,0.0,0.0,0.0,0.0,-67871.0,0.29429743663058616,0.0,0.0
3,0.0,0.0,0.0,0.0,0.0,-68520.0,0.44311295928491745,0.0,0.0
4,0.0,0.0,0.0,0.0,0.0,-74452.0,0.36064502732187975,0.0,0.0
5,0.0,0.0,0.0,0.0,0.0,-85821.0,0.1505615413771011,0.0,0.0
6,0.0,0.0,0.0,0.0,0.0,-92334.0,0.3662229629699141,0.0,0.0
7,0.0,0.0,0.0,0.0,0.0,-100055.0,0.5088089570053853,0.0,0.0
8,0.0,0.0,0.0,0.0,0.0,-105584.0,0.6058643846336054,0.0,0.0
9,0.0,0.0,0.0,0.0,0.0,-109027.0,0.8444262910343241,0.0,0.0
10,0.0,0.0,0.0,0.0,0.0,-111762.0,0.25781490160443354,0.0,0.0
11,0.0,0.0,0.0,0.0,0.0,-114175.0,0.8328536514454754,0.0,0.0
12,0.0,0.0,0.0,0.0,0.0,-116249.0,0.5776909361593425,0.0,0.0
13,0.0,0.0,0.0,0.0,0.0,-118091.0,0.8273975599295227,0.0,0.0
14,0.0,0.0,0.0,0.0,0.0,-119776.0,0.44614079494203907,0.0,0.0
15,0.0,0.0,0.0,0.0,0.0,-121420.0,0.13848573570430744,0.0,0.0
16,0.0,0.0,0.0,0.0,0.0,-123081.0,0.5377217181812739,0.0,0.0
17,0.0,0.0,0.0,0.0,0.0,-124839.0,0.9836865913239308,0.0,0.0
18,0.0,0.0,0.0,0.0,0.0,-126659.0,0.8844157725252444,0.0,0.0
19,0.0,0.0,0.0,0.0,0.0,-128492.0,0.4538993851892883,0.0,0.0
20,0.0,0.0,0.0,0.0,0.0,-130333.0,0.9103841403266415,0.0,0.0
21,0.0,0.0,0.0,0.0,0.0,-132192.0,0.35719757855986245,0.0,0.0
22,0.0,0.0,0.0,0.0,0.0,-134005.0,0.029847786878235638,0.0,0.0
23,0.0,0.0,0.0,0.0,0.0,-135805.0,0.032372494781157,0.0,0.0
24,0.0,0.0,0.0,0.0,0.0,-137563.0,0.8750812849903014,0.0,0.0
25,0.0,0.0,0.0,0.0,0.0,-141992.0,0.20017959355027415,0.0,0.0
26,0.0,0.0,0.0,0.0,0.0,-145769.0,0.8916748454794288,0.0,0.0
27,0.0,0.0,0.0,0.0,0.0,-148117.0,0.2690857424749993,0.0,0.0
28,0.0,0.0,0.0,0.0,0.0,-151300.0,0.24554451540461741,0.0,0.0
29,0.0,0.0,0.0,0.0,0.0,-153613.0,0.5311931168835144,0.0,0.0
30,0.0,0.0,0.0,0.0,0.0,-155857.0,0.9018035026965663,0.0,0.0
31,0.0,0.0,0.0,0.0,0.0,-158008.0,0.49536621366860345,0.0,0.0
32,0.0,0.0,0.0,0.0,0.0,-160106.0,0.32481157846632414,0.0,0.0
33,0.0,0.0,0.0,0.0,0.0,-162114.0,0.7165195781853981,0.0,0.0
34,0.0,0.0,0.0,0.0,0.0,-164014.0,0.846934303001035,0.0,0.0
35,0.0,0.0,0.0,0.0,0.0,-165826.0,0.19304872912471183,0.0,0.0
36,0.0,0.0,0.0,0.0,0.0,-167542.0,0.9408928038901649,0.0,0.0
37,0.0,0.0,0.0,0.0,0.0,-169176.0,0.7283015168213751,0.0,0.0
38,0.0,0.0,0.0,0.0,0.0,-170719.0,0.38918656288296916,0.0,0.0
39,0.0,0.0,0.0,0.0,0.0,-172185.0,0.710292018688051,0.0,0.0
40,0.0,0.0,0.0,0.0,0.0,-173540.0,0.04628300730837509,0.0,0.0
41,0.0,0.0,0.0,0.0,0.0,-174833.0,0.4967629590537399,0.0,0.0
42,0.0,0.0,0.0,0.0,0.0,-176106.0,0.9381187547987793,0.0,0.0
43,0.0,0.0,0.0,0.0,0.0,-177398.0,0.41582317621214315,0.0,0.0
44,0.0,0.0,0.0,0.0,0.0,-178596.0,0.19293570265290327,0.0,0.0
45,0.0,0.0,0.0,0.0,0.0,-182197.0,0.49438151039066724,0.0,0.0
46,0.0,0.0,0.0,0.0,0.0,-184973.0,0.13130743143847212,0.0,0.0
47,0.0,0.0,0.0,0.0,0.0,-186291.0,0.45085296855540946,0.0,0.0
48,0.0,0.0,0.0,0.0,0.0,-187886.0,0.6399045546131674,0.0,0.0
49,0.0,0.0,0.0,0.0,0.0,-188803.0,0.8983776655804832,0.0,0.0
50,0.0,0.0,0.0,0.0,0.0,-189501.0,0.9933648015139624,0.0,0.0
51,0.0,0.0,0.0,0.0,0.0,-190030.0,0.7503827213658951,0.0,0.0
52,0.0,0.0,0.0,0.0,0.0,-190380.0,0.5287897284433711,0.0,0.0
53,0.0,0.0,0.0,0.0,0.0,-190533.0,0.28779924038099125,0.0,0.0
54,0.0,0.0,0.0,0.0,0.0,-190464.0,0.20214448773185723,0.0,0.0
55,0.0,0.0,0.0,0.0,0.0,-190197.0,0.026891797315329313,0.0,0.0
56,0.0,0.0,0.0,0.0,0.0,-189680.0,0.9764749245077837,0.0,0.0
57,0.0,0.0,0.0,0.0,0.0,-188903.0,0.3584153904230334,0.0,0.0
58,0.0,0.0,0.0,0.0,0.0,-187864.0,0.300637634616578,0.0,0.0
59,0.0,0.0,0.0,0.0,0.0,-186659.0,0.9861400121881161,0.0,0.0
60,0.0,0.0,0.0,0.0,0.0,-185209.0,0.2897269571549259,0.0,0.0
61,0.0,0.0,0.0,0.0,0.0,-183513.0,0.2386858380632475,0.0,0.0
62,0.0,0.0,0.0,0.0,0.0,-181601.0,0.5659455874993,0.0,0.0
63,0.0,0.0,0.0,0.0,0.0,-179468.0,0.009714360639918596,0.0,0.0
64,0.0,0.0,0.0,0.0,0.0,-177177.0,0.7494266535213683,0.0,0.0
65,0.0,0.0,0.0,0.0,0.0,-176278.0,0.2722550528123975,0.0,0.0
66,0.0,0.0,0.0,0.0,0.0,-174464.0,0.5698581288743299,0.0,0.0
67,0.0,0.0,0.0,0.0,0.0,-172399.0,0.8475953215674963,0.0,0.0
68,0.0,0.0,0.0,0.0,0.0,-170188.0,0.4001333400665317,0.0,0.0
69,0.0,0.0,0.0,0.0,0.0,-167973.0,0.009063859935849905,0.0,0.0
70,0.0,0.0,0.0,0.0,0.0,-165972.0,0.037748403614386916,0.0,0.0
71,0.0,0.0,0.0,0.0,0.0,-164701.0,0.4220736555289477,0.0,0.0
72,0.0,0.0,0.0,0.0,0.0,-163662.0,0.795751000609016,0.0,0.0
73,0.0,0.0,0.0,0.0,0.0,-162627.0,0.14648148816195317,0.0,0.0
74,0.0,0.0,0.0,0.0,0.0,-161585.0,0.5341289785283152,0.0,0.0
75,0.0,0.0,0.0,0.0,0.0,-160798.0,0.7677099036809523,0.0,0.0
76,0.0,0.0,0.0,0.0,0.0,-160054.0,0.5919029457436409,0.0,0.0
77,0.0,0.0,0.0,0.0,0.0,-159394.0,0.7989017588843126,0.0,0.0
78,0.0,0.0,0.0,0.0,0.0,-158822.0,0.8766175423515961,0.0,0.0
79,0.0,0.0,0.0,0.0,0.0,-158760.0,0.4882532605843153,0.0,0.0
80,0.0,0.0,0.0,0.0,0.0,-159118.0,0.703481036121957,0.0,0.0
81,0.0,0.0,0.0,0.0,0.0,-159720.0,0.9323804893938359,0.0,0.0
82,0.0,0.0,0.0,0.0,0.0,-160131.0,0.688754626607988,0.0,0.0
83,0.0,0.0,0.0,0.0,0.0,-160567.0,0.23280160667491145,0.0,0.0
84,0.0,0.0,0.0,0.0,0.0,-160944.0,0.46873336491989903,0.0,0.0
85,0.0,0.0,0.0,0.0,0.0,-162913.0,0.2909502397815231,0.0,0.0
86,0.0,0.0,0.0,0.0,0.0,-164535.0,0.20589484850643203,0.0,0.0
87,0.0,0.0,0.0,0.0,0.0,-165527.0,0.2518101964087691,0.0,0.0
88,0.0,0.0,0.0,0.0,0.0,-167153.0,0.6863566453394014,0.0,0.0
89,0.0,0.0,0.0,0.0,0.0,-168917.0,0.8871120447001886,0.0,0.0
90,0.0,0.0,0.0,0.0,0.0,-170670.0,0.8248788924247492,0.0,0.0
91,0.0,0.0,0.0,0.0,0.0,-172185.0,0.77243566774996,0.0,0.0
92,0.0,0.0,0.0,0.0,0.0,-173297.0,0.8005715183971915,0.0,0.0
93,0.0,0.0,0.0,0.0,0.0,-174470.0,0.3373665130347945,0.0,0.0
94,0.0,0.0,0.0,0.0,0.0,-175952.0,0.2517800860805437,0.0,0.0
95,0.0,0.0,0.0,0.0,0.0,-177597.0,0.8193098983902019,0.0,0.0
96,0.0,0.0,0.0,0.0,0.0,-179268.0,0.6175732043921016,0.0,0.0
97,0.0,0.0,0.0,0.0,0.0,-180847.0,0.6682520692120306,0.0,0.0
98,0.0,0.0,0.0,0.0,0.0,-181988.0,0.04585893213516101,0.0,0.0
99,0.0,0.0,0.0,0.0,0.0,-182879.0,0.3590357451175805,0.0,0.0
100,0.0,0.0,0.0,0.0,0.0,-183737.0,0.9673337635176722,0.0,0.0
101,0.0,0.0,0.0,0.0,0.0,-184344.0,0.8353354999562725,0.0,0.0
102,0.0,0.0,0.0,0.0,0.0,-184514.0,0.270224392588716,0.0,0.0
103,0.0,0.0,0.0,0.0,0.0,-184567.0,0.3714704774902202,0.0,0.0
104,0.0,0.0,0.0,0.0,0.0,-184884.0,0.8727901585225482,0.0,0.0
105,0.0,0.0,0.0,0.0,0.0,-187508.0,0.5146845203416888,0.0,0.0
106,0.0,0.0,0.0,0.0,0.0,-189929.0,0.8026498222025111,0.0,0.0
107,0.0,0.0,0.0,0.0,0.0,-191967.0,0.06588095455663279,0.0,0.0
108,0.0,0.0,0.0,0.0,0.0,-194580.0,0.24037657069857232,0.0,0.0
109,0.0,0.0,0.0,0.0,0.0,-196673.0,0.7062053721456323,0.0,0.0
110,0.0,0.0,0.0,0.0,0.0,-198484.0,0.29022139057633467,0.0,0.0
111,0.0,0.0,0.0,0.0,0.0,-199832.0,0.4539129889162723,0.0,0.0
112,0.0,0.0,0.0,0.0,0.0,-200646.0,0.7015881516272202,0.0,0.0
113,0.0,0.0,0.0,0.0,0.0,-201134.0,0.7643517093965784,0.0,0.0
114,0.0,0.0,0.0,0.0,0.0,-201417.0,0.06359752413118258,0.0,0.0
115,0.0,0.0,0.0,0.0,0.0,-201781.0,0.0030028288310859352,0.0,0.0
116,0.0,0.0,0.0,0.0,0.0,-202465.0,0.18416267697466537,0.0,0.0
117,0.0,0.0,0.0,0.0,0.0,-203297.0,0.39356195519212633,0.0,0.0
118,0.0,0.0,0.0,0.0,0.0,-203730.0,0.6742596888216212,0.0,0.0
119,0.0,0.0,0.0,0.0,0.0,-204018.0,0.03418838552897796,0.0,0.0
120,0.0,0.0,0.0,0.0,0.0,-203843.0,0.7217769179842435,0.0,0.0
121,0.0,0.0,0.0,0.0,0.0,-202956.0,0.7597761233337224,0.0,0.0
122,0.0,0.0,0.0,0.0,0.0,-201612.0,0.3521718660485931,0.0,0.0
123,0.0,0.0,0.0,0.0,0.0,-199926.0,0.9441373811860103,0.0,0.0
124,0.0,0.0,0.0,0.0,0.0,-198320.0,0.4609540562960319,0.0,0.0
125,0.0,0.0,0.0,0.0,0.0,-198706.0,0.9070243960013613,0.0,0.0
126,0.0,0.0,0.0,0.0,0.0,-199391.0,0.7466185049852356,0.0,0.0
127,0.0,0.0,0.0,0.0,0.0,-199865.0,0.46404865526710637,0.0,0.0
128,0.0,0.0,0.0,0.0,0.0,-201609.0,0.5343402198050171,0.0,0.0
129,0.0,0.0,0.0,0.0,0.0,-202998.0,0.13046419611782767,0.0,0.0
130,0.0,0.0,0.0,0.0,0.0,-204329.0,0.65028761033318,0.0,0.0
131,0.0,0.0,0.0,0.0,0.0,-205066.0,0.5066567759495229,0.0,0.0
132,0.0,0.0,0.0,0.0,0.0,-205556.0,0.7103997373778839,0.0,0.0
133,0.0,0.0,0.0,0.0,0.0,-206226.0,0.45953659765655175,0.0,0.0
134,0.0,0.0,0.0,0.0,0.0,-206900.0,0.36888043917133473,0.0,0.0
135,0.0,0.0,0.0,0.0,0.0,-208305.0,0.5963407905946951,0.0,0.0
136,0.0,0.0,0.0,0.0,0.0,-210281.0,0.7972155751776882,0.0,0.0
137,0.0,0.0,0.0,0.0,0.0,-211979.0,0.9387768800079357,0.0,0.0
138,0.0,0.0,0.0,0.0,0.0,-213534.0,0.6317166903463658,0.0,0.0
139,0.0,0.0,0.0,0.0,0.0,-214837.0,0.28653783921618015,0.0,0.0
140,0.0,0.0,0.0,0.0,0.0,-215707.0,0.45636032344191335,0.0,0.0
141,0.0,0.0,0.0,0.0,0.0,-216232.0,0.27918829178088345,0.0,0.0
142,0.0,0.0,0.0,0.0,0.0,-216286.0,0.451936345314607,0.0,0.0
143,0.0,0.0,0.0,0.0,0.0,-215980.0,0.8515861848718487,0.0,0.0
144,0.0,0.0,0.0,0.0,0.0,-215321.0,0.4597581658163108,0.0,0.0
145,0.0,0.0,0.0,0.0,0.0,-216586.0,0.3293147079530172,0.0,0.0
146,0.0,0.0,0.0,0.0,0.0,-217722.0,0.31632958084810525,0.0,0.0
147,0.0,0.0,0.0,0.0,0.0,-218228.0,0.15894153743283823,0.0,0.0
148,0.0,0.0,0.0,0.0,0.0,-219540.0,0.5523528783232905,0.0,0.0
149,0.0,0.0,0.0,0.0,0.0,-220570.0,0.5625943699560594,0.0,0.0
150,0.0,0.0,0.0,0.0,0.0,-221387.0,0.8749600247538183,0.0,0.0
151,0.0,0.0,0.0,0.0,0.0,-221962.0,0.7196500695426948,0.0,0.0
152,0.0,0.0,0.0,0.0,0.0,-222792.0,0.808426530828001,0.0,0.0
153,0.0,0.0,0.0,0.0,0.0,-223969.0,0.591970203211531,0.0,0.0
154,0.0,0.0,0.0,0.0,0.0,-225098.0,0.8660475292999763,0.0,0.0
155,0.0,0.0,0.0,0.0,0.0,-226242.0,0.015787243755767122,0.0,0.0
156,0.0,0.0,0.0,0.0,0.0,-227725.0,0.3833698003436439,0.0,0.0
157,0.0,0.0,0.0,0.0,0.0,-228735.0,0.7909657756972592,0.0,0.0
158,0.0,0.0,0.0,0.0,0.0,-229791.0,0.20416710345307365,0.0,0.0
159,0.0,0.0,0.0,0.0,0.0,-231027.0,0.17858525516930968,0.0,0.0
160,0.0,0.0,0.0,0.0,0.0,-231720.0,0.2349806895654183,0.0,0.0
161,0.0,0.0,0.0,0.0,0.0,-231955.0,0.4916221105668228,0.0,0.0
162,0.0,0.0,0.0,0.0,0.0,-231762.0,0.895696004939964,0.0,0.0
163,0.0,0.0,0.0,0.0,0.0,-231045.0,0.6029725029366091,0.0,0.0
164,0.0,0.0,0.0,0.0,0.0,-230167.0,0.18419913918478414,0.0,0.0
165,0.0,0.0,0.0,0.0,0.0,-230819.0,0.5085907009779476,0.0,0.0
166,0.0,0.0,0.0,0.0,0.0,-231796.0,0.14997916200081818,0.0,0.0
167,0.0,0.0,0.0,0.0,0.0,-232549.0,0.9679648100864142,0.0,0.0
168,0.0,0.0,0.0,0.0,0.0,-234125.0,0.05417661915998906,0.0,0.0
169,0.0,0.0,0.0,0.0,0.0,-235168.0,0.7301334300718736,0.0,0.0
170,0.0,0.0,0.0,0.0,0.0,-235967.0,0.34186300897272304,0.0,0.0
171,0.0,0.0,0.0,0.0,0.0,-236217.0,0.0644527469703462,0.0,0.0
172,0.0,0.0,0.0,0.0,0.0,-236808.0,0.6553733669861685,0.0,0.0
173,0.0,0.0,0.0,0.0,0.0,-237992.0,0.9546538844297174,0.0,0.0
174,0.0,0.0,0.0,0.0,0.0,-239087.0,0.5544306856463663,0.0,0.0
175,0.0,0.0,0.0,0.0,0.0,-240430.0,0.5525273191742599,0.0,0.0
176,0.0,0.0,0.0,0.0,0.0,-241721.0,0.4365165432973299,0.0,0.0
177,0.0,0.0,0.0,0.0,0.0,-243278.0,0.8230003557400778,0.0,0.0
178,0.0,0.0,0.0,0.0,0.0,-245155.0,0.816241514054127,0.0,0.0
179,0.0,0.0,0.0,0.0,0.0,-246829.0,0.4502502832619939,0.0,0.0
180,0.0,0.0,0.0,0.0,0.0,-248275.0,0.6234597961010877,0.0,0.0
181,0.0,0.0,0.0,0.0,0.0,-248685.0,0.1003354326239787,0.0,0.0
182,0.0,0.0,0.0,0.0,0.0,-248623.0,0.5721341159951407,0.0,0.0
183,0.0,0.0,0.0,0.0,0.0,-247968.0,0.3819570043706335,0.0,0.0
184,0.0,0.0,0.0,0.0,0.0,-247521.0,0.6703907136106864,0.0,0.0
185,0.0,0.0,0.0,0.0,0.0,-249273.0,0.49256137188058347,0.0,0.0
186,0.0,0.0,0.0,0.0,0.0,-251413.0,0.5248538731539156,0.0,0.0
187,0.0,0.0,0.0,0.0,0.0,-253074.0,0.892430914886063,0.0,0.0
188,0.0,0.0,0.0,0.0,0.0,-255251.0,0.8229833235382102,0.0,0.0
189,0.0,0.0,0.0,0.0,0.0,-256707.0,0.9595898781553842,0.0,0.0
190,0.0,0.0,0.0,0.0,0.0,-257687.0,0.8596481493441388,0.0,0.0
191,0.0,0.0,0.0,0.0,0.0,-258377.0,0.3968500707997009,0.0,0.0
192,0.0,0.0,0.0,0.0,0.0,-259457.0,0.8668499301711563,0.0,0.0
193,0.0,0.0,0.0,0.0,0.0,-260946.0,0.3913927624525968,0.0,0.0
194,0.0,0.0,0.0,0.0,0.0,-262178.0,0.46635793667519465,0.0,0.0
195,0.0,0.0,0.0,0.0,0.0,-263851.0,0.7761501731583849,0.0,0.0
196,0.0,0.0,0.0,0.0,0.0,-265129.0,0.6438735508127138,0.0,0.0
197,0.0,0.0,0.0,0.0,0.0,-265663.0,0.2940541565185413,0.0,0.0
198,0.0,0.0,0.0,0.0,0.0,-266554.0,0.2011627212050371,0.0,0.0
199,0.0,0.0,0.0,0.0,0.0,-266619.0,0.7689238307066262,0.0,0.0
200,0.0,0.0,0.0,0.0,0.0,-266499.0,0.8193479267065413,0.0,0.0
201,0.0,0.0,0.0,0.0,0.0,-265384.0,0.6265067189815454,0.0,0.0
202,0.0,0.0,0.0,0.0,0.0,-263925.0,0.7791743145207874,0.0,0.0
203,0.0,0.0,0.0,0.0,0.0,-262023.0,0.5777352533477824,0.0,0.0
204,0.0,0.0,0.0,0.0,0.0,-260853.0,0.07937049077008851,0.0,0.0
205,0.0,0.0,0.0,0.0,0.0,-262067.0,0.9290280005661771,0.0,0.0
206,0.0,0.0,0.0,0.0,0.0,-263623.0,0.895017032395117,0.0,0.0
207,0.0,0.0,0.0,0.0,0.0,-264796.0,0.4813655585166998,0.0,0.0
208,0.0,0.0,0.0,0.0,0.0,-266811.0,0.202356927562505,0.0,0.0
209,0.0,0.0,0.0,0.0,0.0,-268786.0,0.2894028117880225,0.0,0.0
210,0.0,0.0,0.0,0.0,0.0,-269827.0,0.7807149798609316,0.0,0.0
211,0.0,0.0,0.0,0.0,0.0,-270813.0,0.19489582226378843,0.0,0.0
212,0.0,0.0,0.0,0.0,0.0,-271759.0,0.2700538103817962,0.0,0.0
213,0.0,0.0,0.0,0.0,0.0,-273067.0,0.7113069577026181,0.0,0.0
214,0.0,0.0,0.0,0.0,0.0,-273856.0,0.9983490484301001,0.0,0.0
215,0.0,0.0,0.0,0.0,0.0,-274790.0,0.4688311616773717,0.0,0.0
216,0.0,0.0,0.0,0.0,0.0,-275793.0,0.8946275583002716,0.0,0.0
217,0.0,0.0,0.0,0.0,0.0,-277178.0,0.5792970570619218,0.0,0.0
218,0.0,0.0,0.0,0.0,0.0,-279333.0,0.5139102481189184,0.0,0.0
219,0.0,0.0,0.0,0.0,0.0,-281333.0,0.10493910603690892,0.0,0.0
220,0.0,0.0,0.0,0.0,0.0,-283330.0,0.3532467906479724,0.0,0.0
221,0.0,0.0,0.0,0.0,0.0,-284561.0,0.24544845754280686,0.0,0.0
222,0.0,0.0,0.0,0.0,0.0,-285644.0,0.24123176356079057,0.0,0.0
223,0.0,0.0,0.0,0.0,0.0,-284006.0,0.7689654747373424,0.0,0.0
224,0.0,0.0,0.0,0.0,0.0,-282765.0,0.618077696824912,0.0,0.0
225,0.0,0.0,0.0,0.0,0.0,-284129.0,0.014336664869915694,0.0,0.0
226,0.0,0.0,0.0,0.0,0.0,-286706.0,0.7723313345923088,0.0,0.0
227,0.0,0.0,0.0,0.0,0.0,-291346.0,0.3853385952534154,0.0,0.0
228,0.0,0.0,0.0,0.0,0.0,-297427.0,0.3109718093764968,0.0,0.0
229,0.0,0.0,0.0,0.0,0.0,-302018.0,0.49822717730421573,0.0,0.0
230,0.0,0.0,0.0,0.0,0.0,-306297.0,0.21750659530516714,0.0,0.0
231,0.0,0.0,0.0,0.0,0.0,-309402.0,0.44093095982680097,0.0,0.0
232,0.0,0.0,0.0,0.0,0.0,-311426.0,0.4005315324757248,0.0,0.0
233,0.0,0.0,0.0,0.0,0.0,-312814.0,0.5093648735200986,0.0,0.0
234,0.0,0.0,0.0,0.0,0.0,-314856.0,0.3297399871516973,0.0,0.0
235,0.0,0.0,0.0,0.0,0.0,-317149.0,0.338184199470561,0.0,0.0
236,0.0,0.0,0.0,0.0,0.0,-319321.0,0.7213475842145272,0.0,0.0
237,0.0,0.0,0.0,0.0,0.0,-320879.0,0.17246293934294954,0.0,0.0
238,0.0,0.0,0.0,0.0,0.0,-322111.0,0.9743266659788787,0.0,0.0
239,0.0,0.0,0.0,0.0,0.0,-321269.0,0.39613401755923405,0.0,0.0
240,0.0,0.0,0.0,0.0,0.0,-321861.0,0.4963913079118356,0.0,0.0
241,0.0,0.0,0.0,0.0,0.0,-323675.0,0.2564277354395017,0.0,0.0
242,0.0,0.0,0.0,0.0,0.0,-326451.0,0.4744576584198512,0.0,0.0
243,0.0,0.0,0.0,0.0,0.0,-329947.0,0.19928128231549636,0.0,0.0
244,0.0,0.0,0.0,0.0,0.0,-332270.0,0.04606403753859922,0.0,0.0
245,0.0,0.0,0.0,0.0,0.0,-335030.0,0.3992768860771321,0.0,0.0
246,0.0,0.0,0.0,0.0,0.0,-337255.0,0.47413197136484087,0.0,0.0
247,0.0,0.0,0.0,0.0,0.0,-339472.0,0.8359938770299777,0.0,0.0
248,0.0,0.0,0.0,0.0,0.0,-345264.0,0.5507974858628586,0.0,0.0
249,0.0,0.0,0.0,0.0,0.0,-350071.0,0.4656303336378187,0.0,0.0
250,0.0,0.0,0.0,0.0,0.0,-354752.0,0.527430523710791,0.0,0.0
251,0.0,0.0,0.0,0.0,0.0,-358297.0,0.12784805498085916,0.0,0.0
252,0.0,0.0,0.0,0.0,0.0,-360918.0,0.5921199705917388,0.0,0.0
253,0.0,0.0,0.0,0.0,0.0,-361932.0,0.28669348027324304,0.0,0.0
254,0.0,0.0,0.0,0.0,0.0,-362583.0,0.2728766848449595,0.0,0.0
255,0.0,0.0,0.0,0.0,0.0,-363137.0,0.5444845010642894,0.0,0.0
256,0.0,0.0,0.0,0.0,0.0,-365466.0,0.5311787156388164,0.0,0.0
257,0.0,0.0,0.0,0.0,0.0,-368421.0,0.6629430199973285,0.0,0.0
258,0.0,0.0,0.0,0.0,0.0,-371762.0,0.5141576396999881,0.0,0.0
259,0.0,0.0,0.0,0.0,0.0,-375932.0,0.16918951034313068,0.0,0.0
260,0.0,0.0,0.0,0.0,0.0,-379101.0,0.18097003980074078,0.0,0.0
261,0.0,0.0,0.0,0.0,0.0,-381188.0,0.058734647755045444,0.0,0.0
262,0.0,0.0,0.0,0.0,0.0,-380878.0,0.389436416560784,0.0,0.0
263,0.0,0.0,0.0,0.0,0.0,-380470.0,0.029786235478240997,0.0,0.0
264,0.0,0.0,0.0,0.0,0.0,-381617.0,0.4082328555523418,0.0,0.0
265,0.0,0.0,0.0,0.0,0.0,-384415.0,0.38234756980091333,0.0,0.0
266,0.0,0.0,0.0,0.0,0.0,-387947.0,0.11367779388092458,0.0,0.0
267,0.0,0.0,0.0,0.0,0.0,-392096.0,0.2914714178768918,0.0,0.0
268,0.0,0.0,0.0,0.0,0.0,-397417.0,0.15926081163343042,0.0,0.0
269,0.0,0.0,0.0,0.0,0.0,-401503.0,0.8170277534518391,0.0,0.0
270,0.0,0.0,0.0,0.0,0.0,-404704.0,0.8273582706460729,0.0,0.0
271,0.0,0.0,0.0,0.0,0.0,-406872.0,0.04244644066784531,0.0,0.0
272,0.0,0.0,0.0,0.0,0.0,-409215.0,0.6459434829303063,0.0,0.0
273,0.0,0.0,0.0,0.0,0.0,-411091.0,0.6817250659805723,0.0,0.0
274,0.0,0.0,0.0,0.0,0.0,-413124.0,0.49585318932076916,0.0,0.0
275,0.0,0.0,0.0,0.0,0.0,-414566.0,0.39830860833171755,0.0,0.0
276,0.0,0.0,0.0,0.0,0.0,-415093.0,0.3377298102132045,0.0,0.0
277,0.0,0.0,0.0,0.0,0.0,-414854.0,0.8584318743087351,0.0,0.0
278,0.0,0.0,0.0,0.0,0.0,-415314.0,0.5701333536417224,0.0,0.0
279,0.0,0.0,0.0,0.0,0.0,-418684.0,0.27248102182056755,0.0,0.0
280,0.0,0.0,0.0,0.0,0.0,-421448.0,0.30281954596284777,0.0,0.0
281,0.0,0.0,0.0,0.0,0.0,-423520.0,0.9116303360788152,0.0,0.0
282,0.0,0.0,0.0,0.0,0.0,-425593.0,0.9142249368596822,0.0,0.0
283,0.0,0.0,0.0,0.0,0.0,-427601.0,0.45731156395049766,0.0,0.0
284,0.0,0.0,0.0,0.0,0.0,-429516.0,0.5146648033405654,0.0,0.0
285,0.0,0.0,0.0,0.0,0.0,-431948.0,0.6522070117644034,0.0,0.0
286,0.0,0.0,0.0,0.0,0.0,-433742.0,0.3358999025076628,0.0,0.0
287,0.0,0.0,0.0,0.0,0.0,-435870.0,0.7323057763278484,0.0,0.0
288,0.0,0.0,0.0,0.0,0.0,-439085.0,0.05493745405692607,0.0,0.0
289,0.0,0.0,0.0,0.0,0.0,-441034.0,0.26626294414745644,0.0,0.0
290,0.0,0.0,0.0,0.0,0.0,-442919.0,0.6621829804498702,0.0,0.0
291,0.0,0.0,0.0,0.0,0.0,-443771.0,0.7207245830795728,0.0,0.0
292,0.0,0.0,0.0,0.0,0.0,-444567.0,0.48077404842479154,0.0,0.0
293,0.0,0.0,0.0,0.0,0.0,-445574.0,0.965494210133329,0.0,0.0
294,0.0,0.0,0.0,0.0,0.0,-446463.0,0.7169629499549046,0.0,0.0
295,0.0,0.0,0.0,0.0,0.0,-447067.0,0.6388882034807466,0.0,0.0
296,0.0,0.0,0.0,0.0,0.0,-447821.0,0.6657992127584293,0.0,0.0
297,0.0,0.0,0.0,0.0,0.0,-449290.0,0.7814175145467743,0.0,0.0
298,0.0,0.0,0.0,0.0,0.0,-450486.0,0.9408717142068781,0.0,0.0
299,0.0,0.0,0.0,0.0,0.0,-452813.0,0.5423595171305351,0.0,0.0
300,0.0,0.0,0.0,0.0,0.0,-454947.0,0.2121277196565643,0.0,0.0
301,0.0,0.0,0.0,0.0,0.0,-456049.0,0.5223059244453907,0.0,0.0
302,0.0,0.0,0.0,0.0,0.0,-456778.0,0.7459096191450953,0.0,0.0
303,0.0,0.0,0.0,0.0,0.0,-457247.0,0.9478652875404805,0.0,0.0
304,0.0,0.0,0.0,0.0,0.0,-457153.0,0.8490782867302187,0.0,0.0
305,0.0,0.0,0.0,0.0,0.0,-458909.0,0.2339081977843307,0.0,0.0
306,0.0,0.0,0.0,0.0,0.0,-460829.0,0.6989756890689023,0.0,0.0
307,0.0,0.0,0.0,0.0,0.0,-464744.0,0.8738616291666403,0.0,0.0
308,0.0,0.0,0.0,0.0,0.0,-468641.0,0.8939477333333343,0.0,0.0
309,0.0,0.0,0.0,0.0,0.0,-472156.0,0.447623297048267,0.0,0.0
310,0.0,0.0,0.0,0.0,0.0,-478008.0,0.2323638849775307,0.0,0.0
311,0.0,0.0,0.0,0.0,0.0,-483654.0,0.834503905614838,0.0,0.0
312,0.0,0.0,0.0,0.0,0.0,-491771.0,0.9393983701011166,0.0,0.0
313,0.0,0.0,0.0,0.0,0.0,-500612.0,0.10368591238511726,0.0,0.0
314,0.0,0.0,0.0,0.0,0.0,-508201.0,0.052064815536141396,0.0,0.0
315,0.0,0.0,0.0,0.0,0.0,-514020.0,0.2809275073232129,0.0,0.0
316,0.0,0.0,0.0,0.0,0.0,-518278.0,0.628170539450366,0.0,0.0
317,0.0,0.0,0.0,0.0,0.0,-521456.0,0.3524386545177549,0.0,0.0
318,0.0,0.0,0.0,0.0,0.0,-523470.0,0.9315583855495788,0.0,0.0
319,0.0,0.0,0.0,0.0,0.0,-526044.0,0.11327379255089909,0.0,0.0
320,0.0,0.0,0.0,0.0,0.0,-527646.0,0.342726205708459,0.0,0.0
321,0.0,0.0,0.0,0.0,0.0,-528053.0,0.6801650356501341,0.0,0.0
322,0.0,0.0,0.0,0.0,0.0,-528049.0,0.5734142509754747,0.0,0.0
323,0.0,0.0,0.0,0.0,0.0,-528269.0,0.11903933098074049,0.0,0.0
324,0.0,0.0,0.0,0.0,0.0,-527667.0,0.6504278312204406,0.0,0.0
325,0.0,0.0,0.0,0.0,0.0,-527653.0,0.8124169000657275,0.0,0.0
326,0.0,0.0,0.0,0.0,0.0,-528440.0,0.81718605523929,0.0,0.0
327,0.0,0.0,0.0,0.0,0.0,-529825.0,0.6876594747882336,0.0,0.0
328,0.0,0.0,0.0,0.0,0.0,-533509.0,0.22900371986906976,0.0,0.0
329,0.0,0.0,0.0,0.0,0.0,-535091.0,0.2535841552307829,0.0,0.0
330,0.0,0.0,0.0,0.0,0.0,-536740.0,0.34516661847010255,0.0,0.0
331,0.0,0.0,0.0,0.0,0.0,-536522.0,0.45864809944760054,0.0,0.0
332,0.0,0.0,0.0,0.0,0.0,-535995.0,0.027595482068136334,0.0,0.0
333,0.0,0.0,0.0,0.0,0.0,-539454.0,0.5833327304571867,0.0,0.0
334,0.0,0.0,0.0,0.0,0.0,-542376.0,0.438762565725483,0.0,0.0
335,0.0,0.0,0.0,0.0,0.0,-544683.0,0.7418550221482292,0.0,0.0
336,0.0,0.0,0.0,0.0,0.0,-548156.0,0.425009693717584,0.0,0.0
337,0.0,0.0,0.0,0.0,0.0,-550387.0,0.47422381374053657,0.0,0.0
338,0.0,0.0,0.0,0.0,0.0,-553505.0,0.03453373012598604,0.0,0.0
339,0.0,0.0,0.0,0.0,0.0,-557505.0,0.8736241260776296,0.0,0.0
340,0.0,0.0,0.0,0.0,0.0,-561034.0,0.9111935723340139,0.0,0.0
341,0.0,0.0,0.0,0.0,0.0,-563732.0,0.9766279036412016,0.0,0.0
342,0.0,0.0,0.0,0.0,0.0,-565624.0,0.9513158210320398,0.0,0.0
343,0.0,0.0,0.0,0.0,0.0,-567856.0,0.6790145464474335,0.0,0.0
344,0.0,0.0,0.0,0.0,0.0,-570295.0,0.2527061835862696,0.0,0.0
345,0.0,0.0,0.0,0.0,0.0,-572522.0,0.26225409749895334,0.0,0.0
346,0.0,0.0,0.0,0.0,0.0,-575127.0,0.4733414886286482,0.0,0.0
347,0.0,0.0,0.0,0.0,0.0,-579640.0,0.8800370981916785,0.0,0.0
348,0.0,0.0,0.0,0.0,0.0,-586785.0,0.09134459483902901,0.0,0.0
349,0.0,0.0,0.0,0.0,0.0,-591456.0,0.8906315476633608,0.0,0.0
350,0.0,0.0,0.0,0.0,0.0,-596014.0,0.47214065911248326,0.0,0.0
351,0.0,0.0,0.0,0.0,0.0,-594524.0,0.8985532426740974,0.0,0.0
352,0.0,0.0,0.0,0.0,0.0,-593921.0,0.16144408308900893,0.0,0.0
353,0.0,0.0,0.0,0.0,0.0,-597662.0,0.09753310726955533,0.0,0.0
354,0.0,0.0,0.0,0.0,0.0,-604564.0,0.5576885076006874,0.0,0.0
355,0.0,0.0,0.0,0.0,0.0,-617460.0,0.1168474234873429,0.0,0.0
356,0.0,0.0,0.0,0.0,0.0,-628563.0,0.7177524421131238,0.0,0.0
357,0.0,0.0,0.0,0.0,0.0,-636559.0,0.5843285749433562,0.0,0.0
358,0.0,0.0,0.0,0.0,0.0,-643631.0,0.014513584086671472,0.0,0.0
359,0.0,0.0,0.0,0.0,0.0,-647728.0,0.23360815702471882,0.0,0.0
360,0.0,0.0,0.0,0.0,0.0,-650310.0,0.7639946911949664,0.0,0.0
361,0.0,0.0,0.0,0.0,0.0,-651940.0,0.38855044660158455,0.0,0.0
362,0.0,0.0,0.0,0.0,0.0,-652838.0,0.47679812798742205,0.0,0.0
363,0.0,0.0,0.0,0.0,0.0,-654498.0,0.37688639922998846,0.0,0.0
364,0.0,0.0,0.0,0.0,0.0,-655004.0,0.0470860842615366,0.0,0.0
365,0.0,0.0,0.0,0.0,0.0,-655027.0,0.5345139709534124,0.0,0.0
366,0.0,0.0,0.0,0.0,0.0,-656233.0,0.40154983871616423,0.0,0.0
367,0.0,0.0,0.0,0.0,0.0,-657545.0,0.29737468948587775,0.0,0.0
368,0.0,0.0,0.0,0.0,0.0,-661861.0,0.9701072697062045,0.0,0.0
369,0.0,0.0,0.0,0.0,0.0,-663918.0,0.9232796976575628,0.0,0.0
370,0.0,0.0,0.0,0.0,0.0,-665741.0,0.25807205494493246,0.0,0.0
371,0.0,0.0,0.0,0.0,0.0,-666764.0,0.8976873798528686,0.0,0.0
372,0.0,0.0,0.0,0.0,0.0,-665936.0,0.902441474259831,0.0,0.0
373,0.0,0.0,0.0,0.0,0.0,-665902.0,0.5450281287776306,0.0,0.0
374,0.0,0.0,0.0,0.0,0.0,-667830.0,0.6434887943323702,0.0,0.0
375,0.0,0.0,0.0,0.0,0.0,-670397.0,0.3508610116550699,0.0,0.0
376,0.0,0.0,0.0,0.0,0.0,-676344.0,0.3567392691038549,0.0,0.0
377,0.0,0.0,0.0,0.0,0.0,-681921.0,0.811791795422323,0.0,0.0
378,0.0,0.0,0.0,0.0,0.0,-688167.0,0.7941181387286633,0.0,0.0
379,0.0,0.0,0.0,0.0,0.0,-695128.0,0.024982349248602986,0.0,0.0
380,0.0,0.0,0.0,0.0,0.0,-702049.0,0.1601033731130883,0.0,0.0
381,0.0,0.0,0.0,0.0,0.0,-707744.0,0.4772460862295702,0.0,0.0
382,0.0,0.0,0.0,0.0,0.0,-712140.0,0.9812959703849629,0.0,0.0
383,0.0,0.0,0.0,0.0,0.0,-715993.0,0.5888019314734265,0.0,0.0
384,0.0,0.0,0.0,0.0,0.0,-719495.0,0.22647806641180068,0.0,0.0
385,0.0,0.0,0.0,0.0,0.0,-723258.0,0.9686698070727289,0.0,0.0
386,0.0,0.0,0.0,0.0,0.0,-726601.0,0.0970396266784519,0.0,0.0
387,0.0,0.0,0.0,0.0,0.0,-730606.0,0.5846338970586658,0.0,0.0
388,0.0,0.0,0.0,0.0,0.0,-736332.0,0.33047553966753185,0.0,0.0
389,0.0,0.0,0.0,0.0,0.0,-739829.0,0.4045935833128169,0.0,0.0
390,0.0,0.0,0.0,0.0,0.0,-742464.0,0.8242226766888052,0.0,0.0
391,0.0,0.0,0.0,0.0,0.0,-744162.0,0.347801776137203,0.0,0.0
392,0.0,0.0,0.0,0.0,0.0,-744935.0,0.9530360309872776,0.0,0.0
393,0.0,0.0,0.0,0.0,0.0,-750260.0,0.43874891055747867,0.0,0.0
394,0.0,0.0,0.0,0.0,0.0,-756058.0,0.5788054389413446,0.0,0.0
395,0.0,0.0,0.0,0.0,0.0,-762766.0,0.05185502825770527,0.0,0.0
396,0.0,0.0,0.0,0.0,0.0,-772942.0,0.2315190372755751,0.0,0.0
397,0.0,0.0,0.0,0.0,0.0,-780110.0,0.24221087724436074,0.0,0.0
398,0.0,0.0,0.0,0.0,0.0,-786237.0,0.5444696081103757,0.0,0.0
399,0.0,0.0,0.0,0.0,0.0,-792125.0,0.4628196007106453,0.0,0.0
400,0.0,0.0,0.0,0.0,0.0,-797987.0,0.506843936862424,0.0,0.0
