1,400.0,400.0,400.0,400.0,400.0,400.0,400.0,400.0,400.0,400.0,400.0,400.0,400.0,400.0,400.0,400.0,400.0,400.0,400.0,400.0,400.0,400.0,400.0,400.0,400.0,400.0,400.0,400.0,400.0,400.0,400.0,400.0,400.0,400.0,400.0,400.0,400.0,400.0,400.0,400.0,400.0,400.0,400.0,400.0,400.0,400.0,400.0,400.0,400.0,400.0,400.0,400.0,400.0,400.0,400.0,400.0,400.0,400.0,400.0,400.0,400.0,400.0,400.0,400.0,400.0,400.0,400.0,400.0,400.0,400.0,400.0,400.0,400.0,400.0,400.0,400.0,400.0,400.0,400.0,400.0,400.0,400.0,400.0,400.0,400.0,400.0,400.0,400.0,400.0,400.0,400.0,400.0,400.0,400.0,400.0,400.0,400.0,400.0,400.0,400.0
2,400.0,400.0,400.0,400.0,400.0,400.0,400.0,400.0,400.0,400.0,400.0,400.0,400.0,400.0,400.0,400.0,400.0,400.0,400.0,400.0,400.0,400.0,400.0,400.0,400.0,400.0,400.0,400.0,400.0,400.0,400.0,400.0,400.0,400.0,400.0,400.0,400.0,400.0,400.0,400.0,400.0,400.0,400.0,400.0,400.0,400.0,400.0,400.0,400.0,400.0,400.0,400.0,400.0,400.0,400.0,400.0,400.0,400.0,400.0,400.0,400.0,400.0,400.0,400.0,400.0,400.0,400.0,400.0,400.0,400.0,400.0,400.0,400.0,400.0,400.0,400.0,400.0,400.0,400.0,400.0,400.0,400.0,400.0,400.0,400.0,400.0,400.0,400.0,400.0,400.0,400.0,400.0,400.0,400.0,400.0,400.0,400.0,400.0,400.0,400.0
3,400.0,400.0,401.0,401.0,400.0,400.0,400.0,401.0,401.0,400.0,401.0,400.0,400.0,400.0,401.0,402.0,399.0,401.0,400.0,401.0,401.0,401.0,400.0,400.0,401.0,400.0,401.0,402.0,400.0,399.0,400.0,401.0,401.0,400.0,401.0,400.0,400.0,400.0,400.0,401.0,398.0,401.0,400.0,400.0,401.0,401.0,400.0,398.0,399.0,400.0,400.0,400.0,401.0,401.0,402.0,401.0,402.0,400.0,401.0,402.0,400.0,401.0,400.0,401.0,401.0,399.0,400.0,401.0,399.0,402.0,400.0,400.0,400.0,400.0,402.0,401.0,401.0,400.0,400.0,399.0,401.0,400.0,399.0,401.0,400.0,400.0,401.0,401.0,400.0,400.0,402.0,398.0,401.0,400.0,400.0,401.0,400.0,401.0,400.0,400.0
4,405.0,398.0,405.0,396.0,405.0,402.0,397.0,400.0,396.0,397.0,398.0,399.0,398.0,399.0,400.0,399.0,396.0,401.0,403.0,400.0,399.0,401.0,405.0,404.0,402.0,399.0,399.0,402.0,397.0,405.0,405.0,396.0,403.0,396.0,400.0,393.0,397.0,395.0,405.0,396.0,398.0,400.0,403.0,404.0,406.0,402.0,396.0,395.0,398.0,404.0,398.0,404.0,400.0,401.0,397.0,405.0,406.0,397.0,399.0,400.0,403.0,400.0,399.0,398.0,400.0,404.0,394.0,393.0,396.0,402.0,405.0,405.0,394.0,394.0,399.0,406.0,397.0,398.0,405.0,398.0,402.0,399.0,396.0,399.0,400.0,401.0,399.0,398.0,399.0,397.0,401.0,405.0,399.0,400.0,405.0,401.0,406.0,396.0,398.0,398.0
5,390.0,393.0,388.0,385.0,385.0,386.0,384.0,380.0,379.0,383.0,381.0,382.0,383.0,385.0,380.0,379.0,385.0,381.0,383.0,385.0,382.0,391.0,388.0,391.0,387.0,379.0,385.0,387.0,385.0,387.0,389.0,376.0,386.0,380.0,380.0,374.0,377.0,375.0,388.0,381.0,386.0,382.0,387.0,384.0,386.0,382.0,376.0,381.0,378.0,386.0,384.0,388.0,384.0,385.0,386.0,386.0,387.0,381.0,386.0,386.0,383.0,386.0,388.0,385.0,380.0,384.0,388.0,377.0,390.0,382.0,385.0,385.0,374.0,374.0,395.0,386.0,377.0,378.0,394.0,384.0,390.0,386.0,379.0,383.0,382.0,390.0,386.0,381.0,391.0,377.0,386.0,391.0,380.0,384.0,385.0,392.0,386.0,380.0,383.0,378.0
6,388.0,384.0,381.0,378.0,365.0,385.0,380.0,360.0,376.0,379.0,372.0,372.0,372.0,376.0,372.0,379.0,367.0,371.0,392.0,379.0,374.0,378.0,377.0,382.0,377.0,359.0,377.0,374.0,378.0,378.0,370.0,356.0,366.0,362.0,360.0,360.0,357.0,355.0,375.0,376.0,368.0,364.0,367.0,364.0,366.0,362.0,371.0,390.0,358.0,366.0,382.0,376.0,382.0,375.0,384.0,380.0,378.0,369.0,372.0,371.0,363.0,366.0,376.0,376.0,360.0,364.0,368.0,367.0,370.0,362.0,365.0,365.0,354.0,354.0,381.0,366.0,357.0,358.0,374.0,364.0,373.0,369.0,368.0,375.0,366.0,370.0,382.0,378.0,372.0,374.0,367.0,371.0,368.0,364.0,371.0,372.0,366.0,365.0,364.0,358.0
7,394.0,364.0,393.0,358.0,372.0,365.0,372.0,360.0,380.0,387.0,374.0,352.0,389.0,378.0,374.0,359.0,347.0,372.0,391.0,359.0,374.0,358.0,376.0,376.0,373.0,356.0,357.0,374.0,358.0,386.0,383.0,358.0,346.0,383.0,340.0,365.0,363.0,363.0,392.0,384.0,348.0,386.0,347.0,357.0,375.0,367.0,388.0,370.0,367.0,388.0,373.0,373.0,394.0,355.0,387.0,388.0,358.0,367.0,352.0,376.0,343.0,364.0,360.0,389.0,358.0,361.0,348.0,347.0,350.0,376.0,345.0,345.0,356.0,370.0,396.0,346.0,366.0,338.0,354.0,386.0,373.0,388.0,361.0,389.0,346.0,350.0,362.0,358.0,382.0,384.0,374.0,351.0,368.0,344.0,377.0,352.0,377.0,345.0,374.0,338.0
8,379.0,365.0,386.0,350.0,360.0,370.0,365.0,356.0,384.0,380.0,370.0,338.0,379.0,384.0,365.0,352.0,335.0,366.0,384.0,347.0,381.0,356.0,371.0,379.0,367.0,351.0,349.0,363.0,352.0,376.0,370.0,348.0,332.0,363.0,325.0,348.0,348.0,352.0,379.0,367.0,328.0,370.0,329.0,355.0,361.0,357.0,368.0,352.0,347.0,374.0,367.0,366.0,377.0,342.0,387.0,369.0,345.0,367.0,339.0,364.0,323.0,371.0,347.0,375.0,338.0,351.0,335.0,334.0,337.0,356.0,329.0,337.0,344.0,357.0,384.0,337.0,349.0,328.0,345.0,367.0,364.0,377.0,356.0,376.0,340.0,343.0,353.0,360.0,372.0,382.0,356.0,337.0,353.0,324.0,357.0,343.0,366.0,342.0,359.0,327.0
9,387.0,350.0,393.0,364.0,366.0,350.0,379.0,341.0,387.0,360.0,350.0,352.0,386.0,364.0,345.0,332.0,350.0,346.0,394.0,360.0,361.0,340.0,375.0,382.0,347.0,364.0,329.0,343.0,332.0,356.0,350.0,360.0,312.0,343.0,305.0,350.0,361.0,361.0,359.0,381.0,308.0,350.0,309.0,335.0,372.0,337.0,348.0,332.0,327.0,382.0,381.0,379.0,388.0,322.0,392.0,384.0,325.0,377.0,352.0,344.0,303.0,377.0,360.0,355.0,318.0,331.0,330.0,325.0,349.0,336.0,309.0,317.0,324.0,365.0,393.0,347.0,343.0,338.0,355.0,373.0,344.0,379.0,370.0,386.0,346.0,344.0,333.0,366.0,352.0,362.0,336.0,343.0,356.0,304.0,337.0,357.0,377.0,322.0,339.0,336.0
10,367.0,353.0,373.0,365.0,346.0,330.0,359.0,345.0,385.0,346.0,350.0,354.0,372.0,365.0,346.0,334.0,351.0,347.0,396.0,340.0,362.0,320.0,355.0,362.0,348.0,365.0,333.0,343.0,336.0,347.0,330.0,360.0,292.0,347.0,306.0,358.0,361.0,341.0,361.0,361.0,310.0,351.0,289.0,336.0,352.0,337.0,328.0,336.0,307.0,380.0,381.0,376.0,389.0,302.0,372.0,364.0,333.0,376.0,355.0,345.0,298.0,376.0,348.0,358.0,329.0,340.0,310.0,325.0,329.0,316.0,295.0,319.0,304.0,366.0,396.0,327.0,347.0,341.0,358.0,353.0,338.0,380.0,369.0,387.0,352.0,340.0,338.0,368.0,332.0,363.0,316.0,353.0,364.0,301.0,338.0,358.0,378.0,314.0,343.0,338.0
11,369.0,333.0,353.0,366.0,349.0,336.0,362.0,349.0,365.0,348.0,350.0,334.0,352.0,366.0,347.0,337.0,352.0,348.0,376.0,345.0,363.0,300.0,355.0,342.0,349.0,345.0,338.0,343.0,316.0,327.0,310.0,360.0,294.0,349.0,309.0,356.0,361.0,321.0,364.0,341.0,316.0,352.0,291.0,337.0,352.0,317.0,330.0,341.0,309.0,384.0,381.0,378.0,390.0,287.0,354.0,344.0,313.0,375.0,358.0,346.0,297.0,375.0,328.0,360.0,328.0,341.0,290.0,328.0,337.0,318.0,311.0,324.0,305.0,346.0,376.0,336.0,347.0,344.0,362.0,354.0,343.0,381.0,349.0,367.0,352.0,328.0,318.0,369.0,312.0,364.0,296.0,353.0,362.0,313.0,318.0,341.0,379.0,294.0,343.0,340.0
12,371.0,337.0,357.0,367.0,352.0,336.0,363.0,329.0,366.0,351.0,351.0,314.0,355.0,368.0,348.0,325.0,353.0,349.0,379.0,325.0,365.0,280.0,335.0,344.0,350.0,346.0,318.0,344.0,306.0,330.0,313.0,360.0,297.0,329.0,289.0,353.0,341.0,301.0,368.0,321.0,321.0,353.0,294.0,339.0,332.0,318.0,333.0,321.0,311.0,386.0,381.0,378.0,392.0,289.0,357.0,346.0,293.0,374.0,361.0,347.0,301.0,374.0,332.0,362.0,308.0,342.0,270.0,308.0,322.0,298.0,316.0,329.0,307.0,336.0,378.0,316.0,347.0,347.0,366.0,334.0,344.0,361.0,329.0,368.0,340.0,327.0,322.0,370.0,292.0,366.0,298.0,353.0,342.0,314.0,320.0,321.0,380.0,295.0,343.0,342.0
13,375.0,317.0,360.0,368.0,355.0,338.0,364.0,334.0,346.0,331.0,352.0,318.0,358.0,348.0,350.0,305.0,354.0,343.0,382.0,330.0,367.0,282.0,336.0,329.0,352.0,333.0,298.0,345.0,306.0,333.0,293.0,360.0,277.0,331.0,269.0,333.0,342.0,303.0,352.0,301.0,326.0,355.0,298.0,319.0,334.0,320.0,336.0,326.0,291.0,387.0,382.0,378.0,394.0,292.0,361.0,349.0,296.0,374.0,365.0,348.0,281.0,374.0,336.0,342.0,308.0,343.0,250.0,310.0,326.0,301.0,320.0,309.0,309.0,338.0,382.0,320.0,347.0,327.0,370.0,335.0,345.0,363.0,329.0,348.0,340.0,310.0,326.0,350.0,296.0,369.0,278.0,353.0,341.0,294.0,323.0,323.0,360.0,298.0,323.0,344.0
14,378.0,319.0,363.0,370.0,335.0,318.0,365.0,334.0,326.0,334.0,354.0,323.0,362.0,351.0,330.0,309.0,334.0,323.0,385.0,334.0,369.0,280.0,339.0,333.0,354.0,335.0,278.0,347.0,305.0,336.0,273.0,361.0,280.0,311.0,273.0,332.0,322.0,306.0,356.0,281.0,330.0,358.0,278.0,303.0,338.0,323.0,340.0,326.0,294.0,388.0,383.0,379.0,388.0,295.0,365.0,354.0,276.0,374.0,369.0,349.0,286.0,374.0,341.0,345.0,309.0,345.0,252.0,313.0,330.0,305.0,300.0,313.0,312.0,341.0,386.0,323.0,348.0,307.0,375.0,315.0,325.0,343.0,330.0,328.0,341.0,311.0,306.0,330.0,276.0,372.0,282.0,333.0,341.0,296.0,326.0,304.0,340.0,301.0,313.0,346.0
15,381.0,317.0,366.0,350.0,315.0,321.0,366.0,336.0,330.0,336.0,350.0,303.0,365.0,355.0,310.0,289.0,336.0,326.0,389.0,338.0,372.0,279.0,343.0,336.0,356.0,339.0,280.0,327.0,305.0,339.0,274.0,362.0,279.0,291.0,273.0,312.0,324.0,309.0,336.0,282.0,334.0,361.0,258.0,306.0,342.0,303.0,320.0,306.0,298.0,389.0,385.0,359.0,391.0,299.0,369.0,358.0,256.0,374.0,372.0,351.0,287.0,374.0,321.0,325.0,310.0,347.0,250.0,316.0,310.0,308.0,306.0,313.0,292.0,346.0,391.0,303.0,349.0,311.0,355.0,319.0,327.0,348.0,332.0,333.0,342.0,313.0,286.0,310.0,273.0,375.0,262.0,334.0,341.0,298.0,330.0,308.0,343.0,304.0,316.0,348.0
16,361.0,317.0,346.0,353.0,316.0,320.0,346.0,338.0,331.0,338.0,330.0,307.0,369.0,359.0,314.0,290.0,339.0,331.0,393.0,342.0,375.0,279.0,323.0,340.0,360.0,343.0,278.0,331.0,306.0,319.0,271.0,342.0,259.0,295.0,274.0,313.0,327.0,312.0,340.0,280.0,339.0,341.0,261.0,309.0,346.0,306.0,324.0,309.0,302.0,383.0,387.0,351.0,394.0,302.0,349.0,362.0,256.0,375.0,376.0,354.0,289.0,354.0,325.0,305.0,290.0,327.0,230.0,296.0,314.0,311.0,307.0,293.0,295.0,350.0,395.0,306.0,350.0,311.0,359.0,321.0,330.0,350.0,334.0,334.0,343.0,315.0,287.0,311.0,253.0,355.0,242.0,314.0,342.0,278.0,334.0,311.0,346.0,307.0,319.0,352.0
17,365.0,318.0,349.0,357.0,313.0,320.0,326.0,318.0,311.0,341.0,334.0,307.0,373.0,362.0,316.0,288.0,343.0,336.0,397.0,346.0,378.0,278.0,327.0,343.0,363.0,347.0,278.0,335.0,286.0,322.0,270.0,322.0,261.0,294.0,254.0,293.0,331.0,315.0,340.0,280.0,342.0,344.0,241.0,313.0,350.0,309.0,325.0,308.0,306.0,363.0,367.0,354.0,397.0,305.0,353.0,367.0,253.0,358.0,380.0,335.0,269.0,357.0,325.0,285.0,292.0,330.0,210.0,299.0,313.0,291.0,309.0,273.0,299.0,354.0,375.0,305.0,351.0,312.0,360.0,324.0,334.0,353.0,336.0,336.0,323.0,317.0,284.0,308.0,253.0,336.0,243.0,317.0,343.0,281.0,339.0,314.0,349.0,310.0,323.0,355.0
18,365.0,319.0,348.0,362.0,293.0,321.0,330.0,321.0,314.0,321.0,338.0,287.0,377.0,364.0,296.0,288.0,347.0,340.0,400.0,349.0,382.0,279.0,328.0,346.0,366.0,350.0,278.0,339.0,288.0,321.0,269.0,326.0,259.0,295.0,256.0,295.0,335.0,319.0,341.0,280.0,345.0,346.0,243.0,316.0,355.0,312.0,305.0,308.0,286.0,366.0,370.0,357.0,377.0,308.0,353.0,371.0,233.0,361.0,384.0,338.0,249.0,360.0,326.0,284.0,295.0,333.0,209.0,289.0,314.0,294.0,289.0,273.0,302.0,357.0,379.0,306.0,353.0,313.0,362.0,308.0,314.0,341.0,338.0,338.0,325.0,319.0,283.0,288.0,233.0,338.0,223.0,320.0,344.0,285.0,344.0,317.0,352.0,290.0,303.0,358.0
19,367.0,321.0,349.0,342.0,273.0,323.0,334.0,321.0,313.0,301.0,342.0,290.0,380.0,367.0,299.0,289.0,351.0,344.0,403.0,352.0,386.0,280.0,330.0,349.0,370.0,352.0,279.0,319.0,268.0,321.0,270.0,329.0,259.0,296.0,244.0,275.0,340.0,323.0,343.0,281.0,348.0,349.0,241.0,311.0,359.0,314.0,308.0,309.0,290.0,369.0,374.0,362.0,381.0,311.0,354.0,374.0,213.0,364.0,364.0,340.0,249.0,363.0,328.0,280.0,298.0,338.0,205.0,292.0,315.0,274.0,291.0,253.0,282.0,360.0,359.0,307.0,355.0,315.0,364.0,288.0,318.0,321.0,340.0,340.0,323.0,322.0,263.0,288.0,233.0,338.0,223.0,324.0,345.0,289.0,348.0,320.0,355.0,292.0,308.0,362.0
20,369.0,323.0,350.0,347.0,271.0,325.0,338.0,321.0,313.0,301.0,346.0,289.0,383.0,370.0,298.0,290.0,355.0,347.0,406.0,355.0,390.0,276.0,323.0,352.0,374.0,354.0,280.0,299.0,269.0,322.0,271.0,333.0,259.0,276.0,224.0,255.0,345.0,328.0,345.0,283.0,351.0,351.0,241.0,291.0,362.0,317.0,307.0,311.0,290.0,372.0,379.0,354.0,382.0,314.0,355.0,377.0,210.0,367.0,368.0,343.0,246.0,366.0,330.0,260.0,301.0,343.0,203.0,293.0,317.0,275.0,290.0,233.0,285.0,363.0,339.0,309.0,350.0,317.0,367.0,289.0,319.0,322.0,320.0,342.0,326.0,325.0,264.0,285.0,229.0,318.0,220.0,329.0,325.0,293.0,352.0,323.0,358.0,294.0,309.0,366.0
21,349.0,326.0,352.0,347.0,267.0,327.0,342.0,322.0,314.0,281.0,349.0,290.0,385.0,372.0,299.0,292.0,359.0,350.0,386.0,358.0,395.0,278.0,326.0,355.0,378.0,356.0,282.0,300.0,249.0,323.0,273.0,336.0,251.0,278.0,224.0,258.0,349.0,331.0,348.0,285.0,353.0,353.0,242.0,293.0,365.0,319.0,307.0,291.0,291.0,352.0,384.0,358.0,384.0,317.0,357.0,380.0,206.0,371.0,368.0,345.0,245.0,370.0,333.0,259.0,304.0,338.0,202.0,294.0,319.0,273.0,290.0,231.0,285.0,365.0,319.0,311.0,353.0,319.0,347.0,287.0,321.0,320.0,324.0,330.0,331.0,328.0,262.0,284.0,228.0,320.0,219.0,333.0,327.0,297.0,341.0,326.0,360.0,297.0,311.0,369.0
22,352.0,328.0,354.0,349.0,264.0,330.0,325.0,323.0,315.0,281.0,352.0,291.0,387.0,375.0,300.0,294.0,362.0,353.0,389.0,360.0,399.0,280.0,309.0,358.0,382.0,357.0,285.0,298.0,250.0,325.0,253.0,316.0,251.0,277.0,221.0,258.0,353.0,334.0,351.0,287.0,355.0,355.0,243.0,292.0,368.0,321.0,308.0,294.0,292.0,355.0,390.0,360.0,386.0,320.0,359.0,383.0,204.0,375.0,369.0,347.0,244.0,374.0,336.0,256.0,307.0,343.0,201.0,296.0,321.0,272.0,291.0,213.0,286.0,367.0,299.0,313.0,356.0,322.0,350.0,286.0,323.0,319.0,326.0,332.0,335.0,328.0,262.0,284.0,226.0,300.0,218.0,336.0,330.0,301.0,344.0,328.0,363.0,300.0,292.0,372.0
23,351.0,331.0,356.0,351.0,263.0,333.0,328.0,325.0,317.0,278.0,355.0,293.0,378.0,377.0,302.0,297.0,366.0,356.0,375.0,363.0,403.0,282.0,311.0,360.0,361.0,359.0,288.0,297.0,249.0,327.0,255.0,319.0,251.0,277.0,220.0,259.0,358.0,337.0,354.0,290.0,357.0,357.0,244.0,293.0,371.0,323.0,309.0,294.0,294.0,355.0,370.0,363.0,388.0,321.0,362.0,386.0,201.0,379.0,371.0,349.0,224.0,378.0,339.0,254.0,310.0,347.0,201.0,298.0,323.0,250.0,292.0,211.0,287.0,369.0,277.0,316.0,359.0,325.0,350.0,286.0,325.0,319.0,329.0,333.0,315.0,332.0,263.0,284.0,226.0,301.0,218.0,340.0,334.0,304.0,345.0,331.0,365.0,302.0,295.0,375.0
24,352.0,334.0,358.0,353.0,262.0,336.0,329.0,327.0,319.0,277.0,358.0,295.0,380.0,379.0,304.0,300.0,369.0,358.0,376.0,365.0,406.0,284.0,310.0,363.0,365.0,361.0,291.0,297.0,249.0,330.0,254.0,318.0,252.0,278.0,220.0,260.0,362.0,340.0,357.0,276.0,359.0,359.0,245.0,294.0,374.0,325.0,311.0,295.0,296.0,355.0,376.0,366.0,390.0,324.0,365.0,389.0,200.0,383.0,373.0,351.0,226.0,382.0,342.0,254.0,313.0,351.0,201.0,300.0,325.0,251.0,294.0,207.0,289.0,371.0,272.0,319.0,363.0,327.0,351.0,287.0,327.0,320.0,331.0,334.0,319.0,335.0,263.0,285.0,226.0,299.0,217.0,343.0,323.0,297.0,347.0,333.0,368.0,305.0,295.0,377.0
25,353.0,337.0,361.0,356.0,262.0,339.0,330.0,330.0,322.0,276.0,360.0,298.0,381.0,381.0,306.0,302.0,372.0,361.0,376.0,368.0,409.0,287.0,311.0,365.0,365.0,363.0,294.0,297.0,248.0,333.0,254.0,318.0,253.0,279.0,220.0,261.0,366.0,343.0,360.0,279.0,361.0,361.0,246.0,296.0,376.0,327.0,313.0,297.0,298.0,356.0,378.0,369.0,392.0,326.0,368.0,391.0,199.0,386.0,375.0,353.0,226.0,386.0,345.0,255.0,315.0,354.0,202.0,302.0,327.0,251.0,296.0,207.0,291.0,373.0,265.0,322.0,367.0,330.0,352.0,288.0,329.0,322.0,333.0,336.0,319.0,338.0,264.0,285.0,227.0,299.0,217.0,346.0,327.0,300.0,349.0,336.0,370.0,307.0,296.0,379.0
26,355.0,340.0,364.0,358.0,262.0,342.0,331.0,332.0,324.0,276.0,362.0,301.0,381.0,383.0,309.0,305.0,374.0,363.0,377.0,370.0,411.0,289.0,312.0,367.0,366.0,364.0,296.0,298.0,248.0,336.0,255.0,319.0,254.0,280.0,220.0,263.0,369.0,345.0,363.0,280.0,363.0,363.0,247.0,298.0,378.0,329.0,315.0,299.0,300.0,357.0,381.0,371.0,394.0,328.0,371.0,394.0,201.0,389.0,377.0,354.0,226.0,389.0,348.0,256.0,317.0,357.0,202.0,304.0,329.0,251.0,299.0,207.0,292.0,375.0,259.0,325.0,370.0,332.0,354.0,289.0,331.0,324.0,335.0,338.0,320.0,340.0,265.0,285.0,231.0,299.0,217.0,349.0,328.0,301.0,351.0,338.0,372.0,309.0,297.0,381.0
27,357.0,343.0,366.0,360.0,262.0,345.0,333.0,335.0,326.0,276.0,364.0,304.0,382.0,385.0,312.0,305.0,376.0,365.0,378.0,373.0,414.0,289.0,313.0,353.0,367.0,366.0,298.0,299.0,248.0,339.0,256.0,320.0,256.0,282.0,220.0,265.0,343.0,335.0,366.0,252.0,364.0,365.0,248.0,294.0,380.0,331.0,317.0,300.0,278.0,359.0,384.0,373.0,396.0,328.0,374.0,366.0,203.0,391.0,379.0,355.0,226.0,392.0,351.0,255.0,319.0,340.0,202.0,305.0,331.0,251.0,301.0,207.0,293.0,376.0,224.0,328.0,373.0,334.0,356.0,290.0,323.0,326.0,337.0,340.0,321.0,342.0,266.0,285.0,233.0,300.0,218.0,349.0,330.0,303.0,353.0,340.0,374.0,311.0,298.0,382.0
28,359.0,346.0,369.0,362.0,262.0,347.0,334.0,338.0,328.0,277.0,366.0,307.0,383.0,387.0,314.0,307.0,378.0,367.0,379.0,375.0,416.0,291.0,315.0,355.0,368.0,368.0,300.0,301.0,249.0,342.0,257.0,322.0,258.0,284.0,220.0,267.0,348.0,338.0,369.0,254.0,366.0,367.0,250.0,297.0,383.0,333.0,319.0,302.0,281.0,361.0,387.0,375.0,398.0,330.0,377.0,370.0,205.0,394.0,381.0,356.0,227.0,395.0,354.0,255.0,322.0,344.0,203.0,307.0,333.0,251.0,304.0,209.0,295.0,378.0,219.0,332.0,377.0,337.0,358.0,292.0,326.0,329.0,339.0,342.0,323.0,344.0,267.0,286.0,236.0,301.0,219.0,352.0,332.0,305.0,355.0,342.0,376.0,313.0,300.0,384.0
29,362.0,350.0,372.0,364.0,263.0,351.0,336.0,333.0,331.0,277.0,368.0,311.0,384.0,388.0,316.0,310.0,381.0,367.0,351.0,378.0,418.0,293.0,317.0,340.0,369.0,369.0,303.0,301.0,251.0,344.0,258.0,324.0,260.0,286.0,220.0,269.0,348.0,338.0,372.0,252.0,369.0,369.0,252.0,299.0,385.0,335.0,322.0,305.0,281.0,363.0,390.0,377.0,401.0,332.0,380.0,369.0,208.0,396.0,384.0,357.0,229.0,369.0,358.0,255.0,324.0,345.0,204.0,309.0,336.0,256.0,307.0,212.0,297.0,380.0,210.0,336.0,380.0,307.0,361.0,293.0,326.0,332.0,341.0,316.0,325.0,346.0,269.0,287.0,239.0,303.0,220.0,355.0,334.0,307.0,356.0,345.0,378.0,316.0,302.0,387.0
30,365.0,350.0,375.0,367.0,264.0,354.0,337.0,336.0,334.0,277.0,370.0,289.0,385.0,390.0,318.0,312.0,384.0,369.0,354.0,382.0,421.0,295.0,319.0,340.0,371.0,371.0,306.0,303.0,253.0,346.0,259.0,326.0,260.0,288.0,221.0,271.0,348.0,338.0,375.0,252.0,372.0,371.0,255.0,301.0,387.0,337.0,325.0,308.0,281.0,365.0,393.0,379.0,380.0,335.0,380.0,369.0,212.0,399.0,388.0,358.0,231.0,372.0,362.0,256.0,327.0,347.0,205.0,311.0,339.0,260.0,311.0,192.0,299.0,382.0,202.0,340.0,375.0,311.0,338.0,295.0,322.0,335.0,343.0,319.0,327.0,348.0,271.0,288.0,242.0,304.0,221.0,359.0,336.0,310.0,357.0,347.0,380.0,319.0,304.0,365.0
31,368.0,355.0,378.0,370.0,265.0,359.0,340.0,312.0,334.0,278.0,373.0,293.0,387.0,393.0,315.0,315.0,387.0,348.0,354.0,385.0,424.0,298.0,321.0,340.0,374.0,373.0,309.0,306.0,256.0,349.0,261.0,306.0,264.0,287.0,222.0,273.0,349.0,340.0,379.0,252.0,376.0,371.0,258.0,304.0,368.0,340.0,328.0,312.0,283.0,368.0,373.0,382.0,383.0,338.0,384.0,370.0,217.0,397.0,391.0,339.0,235.0,362.0,366.0,258.0,331.0,326.0,206.0,313.0,342.0,265.0,316.0,198.0,301.0,384.0,202.0,344.0,378.0,310.0,342.0,297.0,325.0,339.0,345.0,319.0,329.0,350.0,273.0,290.0,245.0,306.0,222.0,362.0,338.0,314.0,360.0,350.0,382.0,322.0,307.0,368.0
32,372.0,359.0,382.0,373.0,268.0,364.0,343.0,316.0,337.0,280.0,376.0,293.0,389.0,396.0,319.0,318.0,390.0,352.0,355.0,389.0,427.0,302.0,325.0,341.0,377.0,375.0,312.0,309.0,259.0,353.0,259.0,286.0,268.0,290.0,224.0,275.0,351.0,342.0,383.0,252.0,380.0,374.0,263.0,282.0,371.0,343.0,333.0,316.0,286.0,371.0,377.0,384.0,361.0,341.0,388.0,372.0,220.0,378.0,368.0,342.0,238.0,363.0,342.0,260.0,335.0,330.0,208.0,316.0,345.0,272.0,322.0,200.0,305.0,387.0,201.0,347.0,381.0,311.0,342.0,300.0,304.0,343.0,347.0,320.0,332.0,352.0,275.0,292.0,249.0,284.0,224.0,366.0,341.0,317.0,363.0,352.0,384.0,326.0,287.0,367.0
33,377.0,364.0,377.0,376.0,245.0,369.0,346.0,298.0,341.0,280.0,379.0,295.0,392.0,398.0,321.0,321.0,392.0,352.0,357.0,393.0,430.0,307.0,304.0,343.0,380.0,377.0,315.0,312.0,263.0,358.0,263.0,287.0,272.0,268.0,226.0,278.0,354.0,345.0,387.0,254.0,384.0,377.0,267.0,286.0,371.0,347.0,337.0,320.0,289.0,375.0,378.0,387.0,363.0,318.0,364.0,375.0,225.0,381.0,344.0,342.0,242.0,363.0,348.0,262.0,339.0,330.0,210.0,294.0,348.0,278.0,326.0,203.0,308.0,391.0,201.0,350.0,384.0,312.0,343.0,303.0,307.0,347.0,350.0,322.0,335.0,355.0,278.0,294.0,254.0,287.0,227.0,351.0,344.0,321.0,366.0,355.0,387.0,330.0,291.0,368.0
34,381.0,369.0,381.0,379.0,248.0,374.0,350.0,300.0,345.0,283.0,357.0,270.0,395.0,401.0,324.0,325.0,395.0,352.0,334.0,399.0,434.0,302.0,302.0,345.0,384.0,380.0,319.0,315.0,267.0,362.0,266.0,285.0,276.0,272.0,229.0,261.0,354.0,348.0,391.0,257.0,388.0,380.0,267.0,286.0,373.0,351.0,341.0,325.0,293.0,379.0,357.0,390.0,349.0,323.0,370.0,378.0,230.0,380.0,345.0,342.0,245.0,364.0,349.0,265.0,343.0,332.0,213.0,298.0,352.0,286.0,331.0,206.0,312.0,395.0,201.0,355.0,387.0,314.0,345.0,303.0,307.0,352.0,353.0,325.0,339.0,358.0,281.0,297.0,254.0,287.0,203.0,355.0,334.0,325.0,348.0,359.0,390.0,335.0,281.0,369.0
35,386.0,375.0,358.0,383.0,248.0,379.0,353.0,300.0,349.0,286.0,361.0,274.0,372.0,405.0,327.0,330.0,391.0,355.0,338.0,404.0,411.0,308.0,302.0,349.0,387.0,383.0,323.0,319.0,271.0,366.0,271.0,285.0,281.0,272.0,232.0,264.0,357.0,325.0,396.0,261.0,393.0,383.0,271.0,288.0,375.0,355.0,345.0,325.0,297.0,383.0,360.0,393.0,326.0,323.0,355.0,382.0,235.0,380.0,342.0,343.0,250.0,365.0,352.0,268.0,347.0,335.0,217.0,298.0,355.0,293.0,336.0,210.0,315.0,391.0,183.0,360.0,390.0,318.0,348.0,306.0,308.0,356.0,356.0,328.0,342.0,336.0,284.0,300.0,237.0,288.0,206.0,356.0,323.0,329.0,352.0,362.0,393.0,340.0,283.0,371.0
36,386.0,381.0,362.0,386.0,249.0,384.0,357.0,278.0,354.0,285.0,361.0,274.0,348.0,394.0,331.0,309.0,395.0,358.0,339.0,409.0,416.0,312.0,302.0,353.0,391.0,386.0,329.0,322.0,275.0,366.0,277.0,285.0,281.0,274.0,211.0,264.0,361.0,329.0,401.0,266.0,398.0,386.0,275.0,265.0,378.0,359.0,321.0,330.0,295.0,380.0,360.0,396.0,318.0,300.0,358.0,386.0,241.0,380.0,342.0,345.0,253.0,367.0,356.0,271.0,351.0,339.0,220.0,298.0,359.0,300.0,342.0,213.0,319.0,396.0,187.0,364.0,393.0,322.0,352.0,309.0,310.0,362.0,359.0,333.0,346.0,339.0,288.0,279.0,243.0,290.0,206.0,358.0,325.0,333.0,352.0,362.0,397.0,344.0,285.0,374.0
37,390.0,386.0,362.0,390.0,251.0,390.0,360.0,280.0,354.0,288.0,362.0,276.0,349.0,397.0,309.0,314.0,398.0,361.0,341.0,414.0,416.0,316.0,297.0,330.0,394.0,389.0,333.0,326.0,278.0,370.0,258.0,285.0,285.0,277.0,214.0,264.0,365.0,329.0,407.0,271.0,402.0,389.0,279.0,247.0,381.0,363.0,315.0,335.0,271.0,384.0,360.0,373.0,316.0,303.0,359.0,391.0,224.0,381.0,342.0,347.0,256.0,369.0,361.0,274.0,355.0,343.0,223.0,300.0,363.0,306.0,347.0,216.0,323.0,399.0,187.0,370.0,396.0,326.0,356.0,312.0,312.0,367.0,362.0,336.0,349.0,338.0,292.0,283.0,223.0,289.0,206.0,361.0,324.0,337.0,354.0,366.0,400.0,348.0,287.0,374.0
38,394.0,391.0,363.0,393.0,251.0,395.0,359.0,278.0,358.0,290.0,364.0,278.0,346.0,399.0,313.0,294.0,401.0,365.0,318.0,419.0,418.0,320.0,299.0,335.0,398.0,392.0,337.0,329.0,281.0,362.0,263.0,287.0,289.0,274.0,213.0,265.0,369.0,330.0,413.0,276.0,406.0,393.0,283.0,246.0,385.0,367.0,316.0,340.0,275.0,387.0,362.0,378.0,316.0,303.0,339.0,374.0,230.0,358.0,343.0,350.0,259.0,372.0,354.0,277.0,360.0,348.0,226.0,303.0,367.0,311.0,351.0,219.0,300.0,402.0,188.0,375.0,399.0,327.0,334.0,315.0,314.0,371.0,365.0,340.0,352.0,338.0,296.0,283.0,227.0,292.0,206.0,365.0,325.0,342.0,356.0,369.0,396.0,352.0,287.0,377.0
39,398.0,395.0,365.0,396.0,252.0,400.0,363.0,279.0,362.0,292.0,367.0,281.0,345.0,401.0,313.0,296.0,404.0,368.0,321.0,424.0,420.0,323.0,277.0,336.0,402.0,395.0,341.0,333.0,284.0,366.0,264.0,290.0,293.0,276.0,213.0,267.0,373.0,332.0,418.0,262.0,410.0,397.0,288.0,244.0,389.0,371.0,316.0,344.0,274.0,391.0,365.0,378.0,315.0,304.0,342.0,379.0,232.0,361.0,345.0,353.0,239.0,375.0,358.0,281.0,364.0,353.0,230.0,280.0,370.0,311.0,355.0,223.0,300.0,405.0,189.0,380.0,377.0,331.0,339.0,318.0,317.0,375.0,343.0,344.0,356.0,338.0,299.0,283.0,228.0,295.0,207.0,368.0,326.0,318.0,339.0,372.0,400.0,355.0,290.0,380.0
40,402.0,399.0,367.0,399.0,254.0,405.0,366.0,280.0,342.0,294.0,370.0,284.0,345.0,378.0,315.0,295.0,407.0,372.0,321.0,428.0,423.0,325.0,279.0,313.0,406.0,373.0,345.0,336.0,287.0,368.0,266.0,293.0,296.0,278.0,213.0,269.0,377.0,335.0,423.0,266.0,414.0,400.0,292.0,244.0,393.0,374.0,318.0,348.0,254.0,393.0,368.0,380.0,294.0,306.0,326.0,381.0,235.0,360.0,348.0,356.0,243.0,378.0,360.0,284.0,368.0,328.0,233.0,283.0,373.0,316.0,361.0,226.0,300.0,408.0,190.0,385.0,380.0,334.0,340.0,321.0,321.0,380.0,346.0,342.0,359.0,339.0,302.0,284.0,230.0,298.0,208.0,372.0,326.0,322.0,342.0,375.0,403.0,360.0,294.0,384.0
41,406.0,403.0,369.0,379.0,242.0,409.0,370.0,280.0,347.0,297.0,371.0,288.0,346.0,381.0,317.0,295.0,410.0,377.0,321.0,433.0,427.0,328.0,278.0,316.0,410.0,376.0,348.0,340.0,290.0,347.0,268.0,296.0,299.0,280.0,214.0,272.0,381.0,338.0,428.0,267.0,418.0,404.0,278.0,244.0,398.0,378.0,320.0,352.0,256.0,397.0,372.0,382.0,296.0,309.0,328.0,384.0,239.0,360.0,352.0,359.0,243.0,382.0,363.0,287.0,372.0,333.0,236.0,283.0,376.0,321.0,343.0,230.0,301.0,411.0,190.0,389.0,380.0,337.0,342.0,325.0,308.0,386.0,346.0,346.0,363.0,340.0,305.0,285.0,211.0,301.0,209.0,348.0,328.0,322.0,343.0,378.0,381.0,364.0,297.0,387.0
42,410.0,406.0,371.0,357.0,245.0,413.0,373.0,259.0,347.0,299.0,375.0,277.0,332.0,358.0,319.0,296.0,414.0,381.0,323.0,433.0,424.0,331.0,278.0,315.0,413.0,375.0,351.0,345.0,293.0,350.0,271.0,300.0,303.0,282.0,215.0,276.0,385.0,341.0,433.0,269.0,422.0,408.0,281.0,246.0,389.0,381.0,323.0,355.0,255.0,400.0,376.0,360.0,296.0,312.0,328.0,388.0,243.0,361.0,355.0,363.0,245.0,376.0,366.0,290.0,376.0,334.0,239.0,284.0,378.0,325.0,348.0,234.0,302.0,415.0,192.0,393.0,381.0,340.0,344.0,328.0,312.0,391.0,348.0,348.0,366.0,342.0,308.0,286.0,215.0,305.0,211.0,325.0,331.0,323.0,344.0,381.0,384.0,368.0,301.0,391.0
43,414.0,409.0,374.0,358.0,245.0,417.0,377.0,262.0,349.0,301.0,379.0,281.0,321.0,360.0,322.0,297.0,418.0,386.0,326.0,438.0,429.0,334.0,279.0,315.0,417.0,376.0,327.0,349.0,296.0,349.0,249.0,303.0,307.0,285.0,216.0,280.0,389.0,345.0,438.0,271.0,426.0,411.0,282.0,248.0,394.0,384.0,326.0,360.0,255.0,405.0,380.0,364.0,297.0,315.0,329.0,392.0,247.0,363.0,359.0,366.0,246.0,380.0,370.0,288.0,378.0,337.0,242.0,285.0,380.0,329.0,350.0,238.0,303.0,418.0,194.0,397.0,383.0,343.0,347.0,309.0,314.0,396.0,335.0,351.0,369.0,344.0,311.0,265.0,215.0,308.0,212.0,326.0,334.0,325.0,347.0,357.0,384.0,345.0,304.0,395.0
44,419.0,412.0,377.0,356.0,245.0,421.0,381.0,261.0,351.0,304.0,383.0,282.0,323.0,359.0,325.0,299.0,422.0,368.0,329.0,442.0,433.0,337.0,280.0,316.0,421.0,377.0,330.0,353.0,299.0,345.0,253.0,307.0,310.0,287.0,218.0,283.0,393.0,349.0,443.0,273.0,430.0,414.0,284.0,250.0,397.0,387.0,329.0,364.0,256.0,410.0,384.0,337.0,276.0,292.0,331.0,396.0,251.0,366.0,362.0,370.0,247.0,383.0,374.0,290.0,356.0,340.0,244.0,286.0,382.0,333.0,352.0,242.0,304.0,422.0,197.0,400.0,386.0,346.0,351.0,312.0,316.0,401.0,337.0,353.0,372.0,338.0,315.0,267.0,217.0,312.0,215.0,324.0,337.0,327.0,349.0,335.0,385.0,327.0,309.0,399.0
45,424.0,416.0,380.0,356.0,245.0,425.0,385.0,262.0,354.0,306.0,387.0,284.0,323.0,359.0,328.0,301.0,425.0,373.0,333.0,446.0,437.0,340.0,283.0,318.0,425.0,379.0,329.0,357.0,303.0,346.0,253.0,310.0,313.0,290.0,221.0,286.0,397.0,353.0,448.0,275.0,434.0,417.0,286.0,252.0,401.0,390.0,332.0,368.0,258.0,414.0,389.0,340.0,277.0,296.0,334.0,400.0,255.0,370.0,366.0,373.0,248.0,386.0,378.0,292.0,360.0,344.0,246.0,288.0,384.0,337.0,355.0,246.0,305.0,425.0,200.0,404.0,389.0,349.0,354.0,311.0,318.0,405.0,338.0,356.0,376.0,341.0,318.0,267.0,218.0,315.0,217.0,324.0,340.0,330.0,352.0,336.0,386.0,328.0,313.0,403.0
46,428.0,419.0,383.0,356.0,248.0,429.0,389.0,264.0,357.0,308.0,391.0,286.0,324.0,360.0,331.0,302.0,429.0,375.0,337.0,450.0,442.0,343.0,285.0,320.0,429.0,381.0,330.0,360.0,307.0,347.0,254.0,314.0,315.0,292.0,223.0,289.0,401.0,358.0,453.0,278.0,438.0,420.0,288.0,254.0,405.0,393.0,335.0,372.0,260.0,418.0,394.0,339.0,276.0,297.0,338.0,404.0,258.0,374.0,370.0,377.0,250.0,390.0,382.0,293.0,361.0,348.0,249.0,290.0,386.0,341.0,358.0,249.0,307.0,429.0,204.0,408.0,392.0,352.0,358.0,310.0,320.0,409.0,340.0,359.0,379.0,343.0,321.0,268.0,219.0,319.0,219.0,325.0,344.0,333.0,355.0,334.0,388.0,327.0,317.0,407.0
47,433.0,423.0,387.0,358.0,251.0,432.0,393.0,266.0,361.0,310.0,392.0,288.0,326.0,362.0,334.0,304.0,433.0,378.0,342.0,455.0,447.0,346.0,288.0,323.0,433.0,384.0,331.0,364.0,310.0,349.0,256.0,318.0,318.0,294.0,226.0,293.0,405.0,362.0,459.0,281.0,442.0,423.0,291.0,256.0,410.0,396.0,339.0,377.0,262.0,374.0,399.0,340.0,276.0,298.0,342.0,409.0,263.0,378.0,374.0,380.0,252.0,394.0,387.0,273.0,363.0,353.0,251.0,293.0,389.0,346.0,361.0,253.0,288.0,433.0,207.0,412.0,360.0,356.0,362.0,311.0,323.0,413.0,343.0,362.0,384.0,345.0,324.0,270.0,222.0,323.0,221.0,327.0,348.0,337.0,336.0,332.0,390.0,327.0,322.0,411.0
48,438.0,427.0,392.0,361.0,255.0,437.0,398.0,269.0,366.0,312.0,397.0,291.0,330.0,365.0,338.0,306.0,438.0,382.0,347.0,460.0,453.0,349.0,292.0,327.0,438.0,388.0,333.0,369.0,314.0,352.0,259.0,323.0,322.0,297.0,229.0,297.0,411.0,368.0,467.0,284.0,447.0,428.0,294.0,259.0,415.0,400.0,343.0,381.0,266.0,381.0,405.0,343.0,277.0,300.0,347.0,414.0,267.0,382.0,379.0,385.0,255.0,399.0,393.0,277.0,365.0,358.0,254.0,296.0,392.0,351.0,366.0,258.0,292.0,439.0,212.0,418.0,365.0,360.0,367.0,312.0,327.0,419.0,346.0,366.0,389.0,349.0,327.0,272.0,225.0,327.0,223.0,330.0,353.0,341.0,340.0,333.0,394.0,328.0,328.0,401.0
49,443.0,433.0,396.0,365.0,258.0,444.0,403.0,269.0,370.0,312.0,402.0,295.0,334.0,370.0,336.0,309.0,444.0,386.0,351.0,424.0,459.0,353.0,296.0,331.0,437.0,392.0,336.0,369.0,319.0,355.0,262.0,328.0,327.0,300.0,232.0,274.0,418.0,374.0,464.0,288.0,454.0,432.0,298.0,263.0,420.0,404.0,347.0,387.0,270.0,362.0,411.0,347.0,279.0,304.0,352.0,406.0,273.0,387.0,385.0,389.0,253.0,405.0,399.0,277.0,369.0,366.0,257.0,300.0,396.0,356.0,372.0,265.0,293.0,409.0,217.0,424.0,365.0,365.0,374.0,314.0,327.0,425.0,350.0,370.0,396.0,353.0,331.0,275.0,228.0,330.0,225.0,334.0,357.0,347.0,341.0,310.0,398.0,330.0,333.0,407.0
50,448.0,439.0,393.0,341.0,262.0,450.0,408.0,273.0,349.0,316.0,380.0,299.0,339.0,374.0,340.0,312.0,450.0,391.0,356.0,432.0,435.0,357.0,300.0,335.0,442.0,397.0,339.0,374.0,324.0,359.0,265.0,333.0,332.0,303.0,233.0,278.0,426.0,380.0,472.0,288.0,461.0,437.0,303.0,266.0,418.0,409.0,352.0,393.0,275.0,364.0,418.0,352.0,282.0,301.0,357.0,414.0,279.0,392.0,373.0,394.0,258.0,410.0,406.0,278.0,335.0,374.0,261.0,304.0,401.0,363.0,379.0,271.0,291.0,415.0,224.0,431.0,367.0,370.0,374.0,317.0,317.0,430.0,355.0,374.0,403.0,357.0,335.0,278.0,231.0,335.0,227.0,329.0,362.0,353.0,344.0,313.0,402.0,329.0,339.0,411.0
51,423.0,445.0,398.0,346.0,265.0,457.0,413.0,277.0,354.0,319.0,387.0,303.0,343.0,379.0,344.0,315.0,455.0,397.0,362.0,404.0,443.0,361.0,303.0,340.0,448.0,401.0,343.0,380.0,330.0,363.0,269.0,337.0,306.0,307.0,237.0,278.0,433.0,385.0,480.0,288.0,446.0,443.0,308.0,242.0,423.0,414.0,357.0,400.0,280.0,337.0,424.0,356.0,285.0,293.0,362.0,418.0,286.0,396.0,379.0,400.0,263.0,416.0,412.0,280.0,341.0,383.0,264.0,309.0,405.0,370.0,387.0,278.0,268.0,415.0,230.0,437.0,370.0,377.0,380.0,319.0,322.0,435.0,359.0,379.0,409.0,361.0,340.0,269.0,235.0,340.0,229.0,334.0,367.0,361.0,347.0,312.0,406.0,333.0,346.0,415.0
52,430.0,451.0,402.0,347.0,269.0,465.0,418.0,281.0,356.0,294.0,389.0,308.0,348.0,384.0,348.0,319.0,431.0,403.0,367.0,408.0,446.0,366.0,307.0,345.0,454.0,405.0,347.0,385.0,317.0,368.0,248.0,337.0,313.0,310.0,240.0,279.0,440.0,391.0,470.0,292.0,454.0,448.0,313.0,246.0,428.0,419.0,364.0,406.0,287.0,339.0,430.0,361.0,289.0,298.0,368.0,425.0,292.0,400.0,382.0,406.0,268.0,418.0,419.0,282.0,340.0,386.0,268.0,313.0,397.0,379.0,395.0,286.0,271.0,417.0,235.0,434.0,374.0,383.0,387.0,322.0,326.0,440.0,363.0,383.0,415.0,365.0,344.0,272.0,231.0,344.0,231.0,324.0,372.0,368.0,351.0,310.0,386.0,337.0,346.0,420.0
53,432.0,446.0,407.0,349.0,272.0,473.0,423.0,286.0,359.0,298.0,393.0,313.0,353.0,389.0,353.0,322.0,437.0,410.0,373.0,407.0,451.0,357.0,310.0,338.0,460.0,410.0,351.0,371.0,324.0,373.0,254.0,342.0,309.0,314.0,238.0,280.0,447.0,398.0,478.0,296.0,458.0,453.0,318.0,246.0,435.0,425.0,370.0,413.0,284.0,337.0,437.0,351.0,293.0,302.0,374.0,433.0,298.0,405.0,386.0,413.0,273.0,425.0,389.0,284.0,341.0,397.0,272.0,317.0,374.0,387.0,402.0,292.0,271.0,420.0,241.0,441.0,379.0,382.0,393.0,325.0,330.0,445.0,368.0,388.0,421.0,369.0,349.0,273.0,236.0,348.0,234.0,328.0,361.0,375.0,325.0,312.0,390.0,343.0,352.0,425.0
54,436.0,445.0,412.0,352.0,275.0,479.0,428.0,292.0,363.0,297.0,393.0,320.0,358.0,395.0,357.0,294.0,438.0,417.0,378.0,409.0,457.0,364.0,314.0,344.0,466.0,414.0,355.0,377.0,328.0,378.0,256.0,347.0,292.0,318.0,211.0,282.0,455.0,407.0,483.0,301.0,440.0,458.0,323.0,247.0,443.0,430.0,376.0,420.0,290.0,312.0,444.0,356.0,297.0,307.0,380.0,441.0,305.0,410.0,391.0,419.0,278.0,431.0,398.0,258.0,344.0,405.0,277.0,322.0,378.0,396.0,397.0,298.0,272.0,424.0,246.0,447.0,384.0,387.0,399.0,328.0,335.0,451.0,373.0,392.0,427.0,374.0,354.0,275.0,240.0,353.0,234.0,331.0,366.0,349.0,330.0,314.0,391.0,349.0,359.0,430.0
55,440.0,451.0,418.0,356.0,278.0,487.0,421.0,299.0,335.0,298.0,398.0,326.0,363.0,401.0,361.0,289.0,441.0,424.0,383.0,412.0,457.0,369.0,319.0,349.0,472.0,405.0,360.0,380.0,333.0,383.0,260.0,352.0,268.0,323.0,215.0,285.0,462.0,415.0,491.0,307.0,446.0,463.0,328.0,249.0,451.0,435.0,382.0,427.0,295.0,314.0,451.0,359.0,297.0,313.0,387.0,450.0,311.0,414.0,398.0,426.0,283.0,437.0,401.0,261.0,347.0,380.0,283.0,299.0,377.0,404.0,404.0,304.0,269.0,428.0,239.0,454.0,390.0,392.0,405.0,332.0,340.0,457.0,378.0,397.0,433.0,374.0,359.0,272.0,244.0,349.0,237.0,334.0,368.0,357.0,331.0,318.0,393.0,355.0,334.0,435.0
56,440.0,457.0,423.0,360.0,267.0,496.0,417.0,306.0,341.0,277.0,404.0,302.0,368.0,407.0,366.0,289.0,444.0,432.0,389.0,417.0,463.0,345.0,324.0,354.0,477.0,410.0,365.0,384.0,338.0,388.0,265.0,357.0,270.0,329.0,215.0,289.0,435.0,423.0,498.0,315.0,449.0,468.0,333.0,252.0,453.0,440.0,388.0,434.0,300.0,313.0,459.0,363.0,282.0,319.0,393.0,459.0,318.0,419.0,405.0,432.0,287.0,435.0,406.0,258.0,352.0,388.0,288.0,304.0,379.0,412.0,410.0,310.0,272.0,432.0,242.0,461.0,396.0,371.0,410.0,307.0,346.0,464.0,383.0,403.0,439.0,360.0,364.0,275.0,249.0,354.0,240.0,339.0,372.0,360.0,334.0,322.0,396.0,362.0,343.0,440.0
57,445.0,462.0,430.0,365.0,267.0,505.0,420.0,304.0,341.0,280.0,410.0,280.0,343.0,413.0,371.0,269.0,417.0,440.0,395.0,422.0,470.0,352.0,328.0,354.0,483.0,412.0,370.0,389.0,343.0,393.0,271.0,357.0,244.0,336.0,216.0,293.0,444.0,432.0,507.0,322.0,453.0,473.0,339.0,255.0,461.0,446.0,394.0,442.0,305.0,314.0,467.0,367.0,261.0,325.0,375.0,467.0,325.0,424.0,411.0,438.0,291.0,440.0,413.0,255.0,357.0,392.0,293.0,305.0,382.0,419.0,416.0,315.0,274.0,437.0,245.0,468.0,402.0,346.0,416.0,312.0,352.0,471.0,388.0,409.0,445.0,366.0,370.0,278.0,255.0,357.0,244.0,343.0,377.0,365.0,338.0,327.0,399.0,335.0,346.0,445.0
58,451.0,468.0,438.0,370.0,269.0,515.0,423.0,311.0,344.0,279.0,418.0,283.0,350.0,419.0,376.0,269.0,422.0,448.0,401.0,428.0,477.0,354.0,325.0,326.0,488.0,414.0,376.0,362.0,348.0,382.0,276.0,363.0,245.0,342.0,217.0,270.0,448.0,407.0,517.0,329.0,457.0,479.0,345.0,233.0,468.0,452.0,402.0,450.0,310.0,317.0,442.0,372.0,261.0,302.0,375.0,476.0,332.0,428.0,417.0,444.0,295.0,446.0,420.0,256.0,363.0,399.0,299.0,308.0,385.0,425.0,422.0,320.0,278.0,424.0,248.0,476.0,408.0,349.0,422.0,312.0,358.0,478.0,393.0,415.0,450.0,369.0,376.0,282.0,261.0,339.0,244.0,349.0,382.0,336.0,342.0,332.0,403.0,342.0,352.0,450.0
59,425.0,474.0,446.0,375.0,271.0,524.0,395.0,318.0,336.0,280.0,425.0,283.0,352.0,426.0,383.0,268.0,423.0,456.0,406.0,435.0,484.0,358.0,330.0,332.0,493.0,389.0,381.0,368.0,354.0,387.0,283.0,337.0,241.0,349.0,219.0,275.0,454.0,416.0,527.0,335.0,462.0,485.0,352.0,220.0,475.0,437.0,410.0,457.0,316.0,319.0,452.0,378.0,260.0,308.0,351.0,485.0,340.0,433.0,423.0,450.0,299.0,452.0,428.0,258.0,369.0,406.0,279.0,311.0,389.0,432.0,428.0,326.0,282.0,430.0,251.0,484.0,414.0,348.0,428.0,314.0,363.0,485.0,398.0,389.0,457.0,346.0,373.0,285.0,247.0,345.0,248.0,355.0,387.0,342.0,346.0,338.0,407.0,344.0,358.0,455.0
60,431.0,448.0,454.0,380.0,274.0,534.0,401.0,325.0,341.0,282.0,432.0,285.0,329.0,432.0,391.0,269.0,426.0,464.0,413.0,408.0,457.0,362.0,334.0,333.0,498.0,389.0,386.0,369.0,359.0,391.0,277.0,343.0,240.0,355.0,221.0,276.0,461.0,421.0,538.0,309.0,467.0,473.0,328.0,220.0,482.0,444.0,419.0,464.0,322.0,322.0,424.0,384.0,260.0,309.0,357.0,495.0,349.0,440.0,429.0,456.0,304.0,458.0,437.0,261.0,375.0,413.0,285.0,315.0,364.0,438.0,403.0,332.0,286.0,434.0,254.0,492.0,420.0,350.0,436.0,316.0,369.0,493.0,402.0,395.0,463.0,351.0,379.0,289.0,256.0,347.0,252.0,326.0,392.0,344.0,350.0,344.0,412.0,347.0,366.0,460.0
61,433.0,455.0,463.0,386.0,278.0,534.0,402.0,326.0,339.0,285.0,408.0,288.0,333.0,439.0,398.0,270.0,429.0,436.0,418.0,416.0,465.0,367.0,312.0,335.0,503.0,390.0,391.0,372.0,356.0,395.0,283.0,333.0,241.0,362.0,223.0,279.0,468.0,427.0,510.0,316.0,473.0,480.0,334.0,219.0,489.0,418.0,397.0,471.0,328.0,326.0,432.0,390.0,261.0,312.0,359.0,505.0,329.0,447.0,436.0,463.0,310.0,430.0,446.0,264.0,374.0,420.0,287.0,321.0,370.0,446.0,410.0,338.0,291.0,438.0,254.0,498.0,397.0,352.0,443.0,319.0,375.0,502.0,408.0,397.0,464.0,352.0,358.0,293.0,261.0,351.0,256.0,332.0,396.0,348.0,355.0,350.0,417.0,352.0,373.0,465.0
62,437.0,458.0,439.0,391.0,282.0,523.0,406.0,332.0,345.0,263.0,403.0,292.0,333.0,439.0,405.0,272.0,422.0,442.0,424.0,420.0,468.0,373.0,317.0,313.0,509.0,392.0,396.0,377.0,362.0,399.0,287.0,336.0,217.0,369.0,226.0,282.0,475.0,433.0,484.0,318.0,479.0,485.0,335.0,219.0,496.0,424.0,405.0,478.0,335.0,330.0,435.0,397.0,263.0,313.0,364.0,481.0,339.0,423.0,443.0,470.0,315.0,437.0,426.0,269.0,380.0,430.0,291.0,326.0,346.0,423.0,414.0,345.0,296.0,443.0,258.0,506.0,405.0,356.0,449.0,322.0,381.0,495.0,414.0,401.0,471.0,354.0,364.0,297.0,267.0,347.0,259.0,333.0,402.0,353.0,360.0,355.0,422.0,356.0,380.0,470.0
63,443.0,463.0,447.0,397.0,287.0,507.0,410.0,337.0,350.0,268.0,421.0,266.0,333.0,446.0,412.0,274.0,427.0,447.0,431.0,425.0,474.0,378.0,318.0,299.0,515.0,391.0,401.0,382.0,368.0,405.0,292.0,337.0,220.0,376.0,229.0,286.0,446.0,440.0,470.0,321.0,486.0,491.0,338.0,220.0,473.0,426.0,411.0,467.0,342.0,335.0,440.0,404.0,266.0,317.0,370.0,453.0,343.0,430.0,450.0,443.0,320.0,439.0,401.0,273.0,385.0,440.0,295.0,331.0,349.0,430.0,420.0,352.0,301.0,448.0,262.0,514.0,409.0,360.0,457.0,326.0,388.0,474.0,421.0,406.0,468.0,357.0,366.0,301.0,274.0,352.0,263.0,336.0,408.0,358.0,364.0,360.0,429.0,361.0,354.0,476.0
64,412.0,469.0,456.0,404.0,267.0,493.0,415.0,344.0,356.0,269.0,428.0,272.0,336.0,456.0,419.0,277.0,431.0,454.0,437.0,431.0,480.0,383.0,321.0,300.0,522.0,394.0,406.0,388.0,375.0,410.0,298.0,340.0,219.0,383.0,208.0,290.0,455.0,447.0,445.0,325.0,494.0,498.0,341.0,222.0,454.0,430.0,418.0,471.0,348.0,340.0,446.0,412.0,269.0,321.0,376.0,491.0,350.0,433.0,458.0,434.0,325.0,444.0,384.0,278.0,385.0,450.0,298.0,336.0,349.0,436.0,427.0,359.0,306.0,453.0,267.0,486.0,393.0,365.0,465.0,330.0,395.0,458.0,427.0,411.0,446.0,360.0,370.0,304.0,281.0,333.0,266.0,341.0,398.0,343.0,368.0,364.0,436.0,361.0,362.0,483.0
65,419.0,474.0,465.0,411.0,273.0,482.0,421.0,351.0,362.0,271.0,423.0,273.0,340.0,448.0,426.0,280.0,436.0,461.0,445.0,436.0,487.0,389.0,324.0,299.0,529.0,397.0,412.0,394.0,382.0,415.0,306.0,343.0,219.0,390.0,211.0,294.0,459.0,454.0,434.0,329.0,502.0,505.0,345.0,224.0,448.0,435.0,426.0,459.0,354.0,345.0,454.0,420.0,274.0,325.0,383.0,484.0,357.0,437.0,445.0,425.0,331.0,449.0,368.0,283.0,390.0,443.0,302.0,341.0,350.0,444.0,434.0,366.0,311.0,459.0,273.0,479.0,399.0,370.0,474.0,335.0,401.0,445.0,434.0,415.0,440.0,364.0,374.0,308.0,288.0,339.0,269.0,346.0,404.0,349.0,372.0,369.0,443.0,367.0,365.0,489.0
66,420.0,480.0,474.0,418.0,274.0,461.0,428.0,358.0,368.0,274.0,407.0,276.0,345.0,468.0,432.0,284.0,441.0,469.0,452.0,442.0,494.0,394.0,327.0,300.0,537.0,401.0,417.0,400.0,389.0,420.0,313.0,347.0,220.0,397.0,211.0,298.0,465.0,461.0,425.0,334.0,510.0,512.0,349.0,227.0,461.0,440.0,434.0,445.0,360.0,350.0,462.0,429.0,280.0,329.0,390.0,463.0,364.0,442.0,433.0,434.0,336.0,454.0,353.0,288.0,396.0,436.0,306.0,346.0,352.0,452.0,441.0,373.0,316.0,464.0,279.0,472.0,402.0,375.0,484.0,340.0,407.0,436.0,441.0,420.0,468.0,368.0,379.0,311.0,294.0,341.0,272.0,351.0,407.0,352.0,376.0,376.0,449.0,373.0,370.0,495.0
67,424.0,487.0,448.0,425.0,277.0,455.0,436.0,359.0,375.0,277.0,398.0,280.0,350.0,449.0,440.0,289.0,447.0,472.0,455.0,449.0,466.0,400.0,331.0,302.0,546.0,405.0,422.0,407.0,386.0,426.0,297.0,352.0,222.0,405.0,212.0,303.0,473.0,455.0,379.0,339.0,518.0,520.0,353.0,229.0,437.0,446.0,444.0,439.0,356.0,356.0,471.0,416.0,286.0,334.0,398.0,458.0,368.0,448.0,427.0,427.0,342.0,460.0,342.0,293.0,403.0,431.0,310.0,351.0,355.0,461.0,436.0,381.0,322.0,471.0,285.0,465.0,407.0,381.0,478.0,345.0,414.0,427.0,449.0,426.0,472.0,373.0,384.0,315.0,301.0,346.0,275.0,357.0,412.0,357.0,381.0,383.0,456.0,380.0,376.0,502.0
68,429.0,495.0,427.0,433.0,282.0,433.0,444.0,348.0,383.0,281.0,397.0,284.0,357.0,442.0,448.0,293.0,454.0,481.0,451.0,456.0,475.0,407.0,335.0,305.0,555.0,410.0,428.0,415.0,368.0,433.0,286.0,357.0,224.0,414.0,213.0,308.0,472.0,438.0,361.0,345.0,527.0,529.0,358.0,232.0,423.0,453.0,440.0,431.0,359.0,362.0,480.0,411.0,292.0,339.0,406.0,448.0,355.0,455.0,420.0,419.0,349.0,467.0,333.0,299.0,411.0,416.0,315.0,357.0,359.0,472.0,424.0,389.0,328.0,479.0,292.0,444.0,414.0,388.0,460.0,352.0,421.0,409.0,457.0,432.0,457.0,379.0,389.0,319.0,308.0,351.0,279.0,364.0,418.0,363.0,386.0,392.0,464.0,388.0,383.0,510.0
69,435.0,504.0,403.0,442.0,286.0,422.0,453.0,348.0,390.0,285.0,390.0,290.0,363.0,436.0,456.0,298.0,450.0,491.0,445.0,465.0,480.0,415.0,340.0,309.0,565.0,416.0,435.0,423.0,361.0,439.0,282.0,363.0,228.0,421.0,215.0,313.0,448.0,426.0,361.0,352.0,524.0,537.0,364.0,236.0,431.0,461.0,433.0,422.0,355.0,370.0,472.0,400.0,297.0,334.0,414.0,428.0,346.0,462.0,405.0,414.0,349.0,475.0,312.0,301.0,419.0,407.0,320.0,364.0,364.0,482.0,415.0,386.0,336.0,486.0,300.0,428.0,424.0,396.0,438.0,358.0,429.0,441.0,466.0,438.0,459.0,386.0,396.0,323.0,314.0,357.0,282.0,373.0,424.0,371.0,392.0,402.0,471.0,398.0,390.0,520.0
70,442.0,475.0,403.0,452.0,292.0,425.0,463.0,341.0,390.0,289.0,390.0,296.0,370.0,437.0,465.0,303.0,460.0,501.0,430.0,474.0,487.0,423.0,345.0,314.0,576.0,422.0,442.0,431.0,355.0,446.0,278.0,369.0,232.0,415.0,218.0,318.0,431.0,420.0,346.0,360.0,525.0,547.0,371.0,240.0,431.0,470.0,425.0,446.0,350.0,378.0,461.0,387.0,303.0,341.0,422.0,420.0,360.0,469.0,390.0,413.0,346.0,483.0,312.0,295.0,428.0,412.0,326.0,372.0,370.0,479.0,398.0,394.0,344.0,494.0,309.0,417.0,403.0,404.0,438.0,364.0,437.0,432.0,475.0,428.0,470.0,376.0,403.0,327.0,308.0,363.0,286.0,383.0,431.0,380.0,399.0,402.0,444.0,386.0,382.0,524.0
71,450.0,486.0,395.0,461.0,297.0,443.0,459.0,337.0,385.0,294.0,415.0,302.0,377.0,444.0,443.0,309.0,467.0,513.0,424.0,486.0,496.0,417.0,350.0,319.0,589.0,428.0,451.0,443.0,346.0,454.0,272.0,375.0,237.0,417.0,190.0,325.0,416.0,413.0,359.0,368.0,526.0,558.0,374.0,245.0,425.0,480.0,418.0,420.0,347.0,388.0,455.0,378.0,307.0,347.0,426.0,415.0,362.0,476.0,393.0,432.0,339.0,492.0,304.0,289.0,438.0,404.0,332.0,380.0,377.0,468.0,387.0,411.0,344.0,505.0,317.0,388.0,414.0,375.0,471.0,370.0,447.0,446.0,484.0,435.0,474.0,384.0,411.0,331.0,315.0,371.0,290.0,392.0,438.0,336.0,407.0,397.0,452.0,379.0,391.0,508.0
72,459.0,491.0,391.0,473.0,304.0,446.0,452.0,329.0,377.0,299.0,405.0,309.0,384.0,459.0,451.0,315.0,476.0,524.0,431.0,497.0,494.0,427.0,356.0,325.0,602.0,434.0,459.0,453.0,346.0,463.0,272.0,381.0,242.0,411.0,194.0,331.0,407.0,405.0,379.0,371.0,532.0,569.0,384.0,250.0,425.0,490.0,419.0,410.0,373.0,397.0,432.0,414.0,312.0,355.0,412.0,436.0,355.0,483.0,390.0,436.0,361.0,501.0,305.0,289.0,442.0,382.0,339.0,388.0,385.0,463.0,371.0,400.0,335.0,515.0,325.0,388.0,387.0,363.0,454.0,364.0,458.0,440.0,492.0,409.0,476.0,390.0,419.0,319.0,321.0,379.0,295.0,388.0,445.0,346.0,415.0,397.0,455.0,367.0,391.0,493.0
73,470.0,499.0,387.0,458.0,310.0,448.0,447.0,336.0,370.0,304.0,387.0,317.0,393.0,459.0,463.0,320.0,485.0,535.0,451.0,474.0,506.0,436.0,362.0,330.0,616.0,441.0,467.0,461.0,366.0,473.0,267.0,388.0,249.0,407.0,194.0,337.0,402.0,404.0,367.0,365.0,530.0,581.0,392.0,255.0,430.0,502.0,399.0,398.0,373.0,392.0,447.0,424.0,317.0,365.0,406.0,438.0,349.0,491.0,386.0,429.0,375.0,512.0,305.0,285.0,430.0,377.0,347.0,395.0,392.0,480.0,356.0,391.0,330.0,528.0,334.0,379.0,397.0,368.0,423.0,371.0,466.0,439.0,502.0,416.0,478.0,398.0,428.0,324.0,317.0,387.0,300.0,383.0,452.0,348.0,425.0,393.0,461.0,357.0,381.0,479.0
74,481.0,508.0,392.0,466.0,312.0,447.0,437.0,351.0,362.0,311.0,387.0,325.0,401.0,465.0,471.0,326.0,496.0,528.0,456.0,466.0,516.0,448.0,369.0,337.0,630.0,448.0,477.0,450.0,351.0,483.0,262.0,396.0,255.0,432.0,194.0,343.0,394.0,435.0,370.0,357.0,520.0,572.0,401.0,261.0,434.0,509.0,369.0,394.0,381.0,392.0,459.0,431.0,323.0,374.0,395.0,402.0,337.0,467.0,379.0,440.0,377.0,523.0,306.0,285.0,424.0,365.0,356.0,404.0,401.0,487.0,356.0,358.0,328.0,538.0,342.0,377.0,401.0,372.0,435.0,377.0,462.0,449.0,514.0,419.0,482.0,406.0,436.0,326.0,325.0,396.0,305.0,382.0,461.0,353.0,435.0,390.0,468.0,349.0,390.0,453.0
75,491.0,519.0,403.0,472.0,309.0,447.0,427.0,360.0,362.0,319.0,405.0,318.0,409.0,469.0,464.0,332.0,507.0,514.0,460.0,452.0,528.0,460.0,377.0,346.0,637.0,456.0,459.0,443.0,343.0,493.0,280.0,404.0,260.0,427.0,179.0,350.0,404.0,434.0,367.0,350.0,543.0,565.0,409.0,268.0,435.0,501.0,362.0,398.0,374.0,383.0,457.0,429.0,328.0,386.0,383.0,399.0,327.0,445.0,385.0,444.0,372.0,534.0,302.0,293.0,412.0,365.0,366.0,414.0,411.0,504.0,373.0,368.0,328.0,533.0,349.0,370.0,408.0,378.0,435.0,384.0,453.0,451.0,525.0,424.0,486.0,415.0,445.0,329.0,331.0,401.0,311.0,376.0,471.0,319.0,447.0,398.0,477.0,376.0,398.0,437.0
76,502.0,530.0,394.0,463.0,309.0,448.0,427.0,368.0,348.0,319.0,399.0,318.0,417.0,468.0,475.0,340.0,520.0,552.0,445.0,441.0,540.0,473.0,385.0,354.0,625.0,464.0,471.0,440.0,352.0,502.0,269.0,412.0,258.0,441.0,183.0,358.0,404.0,426.0,357.0,360.0,556.0,562.0,419.0,269.0,441.0,469.0,356.0,398.0,370.0,375.0,447.0,432.0,335.0,396.0,374.0,390.0,339.0,451.0,391.0,449.0,386.0,543.0,306.0,293.0,403.0,364.0,368.0,423.0,421.0,510.0,365.0,375.0,326.0,526.0,355.0,377.0,416.0,386.0,440.0,392.0,448.0,454.0,536.0,430.0,489.0,424.0,437.0,332.0,339.0,394.0,318.0,371.0,481.0,328.0,460.0,414.0,487.0,378.0,408.0,425.0
77,499.0,542.0,394.0,458.0,301.0,447.0,421.0,374.0,355.0,326.0,368.0,318.0,420.0,476.0,485.0,349.0,530.0,549.0,413.0,447.0,524.0,464.0,392.0,362.0,617.0,472.0,478.0,435.0,347.0,470.0,263.0,420.0,258.0,438.0,184.0,366.0,401.0,437.0,348.0,380.0,563.0,558.0,429.0,270.0,435.0,463.0,361.0,397.0,381.0,370.0,439.0,442.0,342.0,399.0,371.0,399.0,339.0,454.0,397.0,453.0,385.0,528.0,307.0,293.0,423.0,357.0,363.0,434.0,432.0,516.0,361.0,383.0,331.0,526.0,363.0,375.0,425.0,394.0,441.0,399.0,466.0,456.0,548.0,437.0,493.0,435.0,442.0,336.0,348.0,391.0,326.0,364.0,492.0,331.0,462.0,416.0,498.0,378.0,420.0,463.0
78,494.0,554.0,386.0,467.0,299.0,447.0,415.0,373.0,362.0,332.0,365.0,313.0,406.0,481.0,496.0,359.0,525.0,566.0,417.0,438.0,513.0,454.0,400.0,369.0,603.0,480.0,487.0,435.0,339.0,470.0,257.0,429.0,281.0,441.0,187.0,374.0,394.0,439.0,349.0,384.0,569.0,560.0,438.0,280.0,429.0,458.0,366.0,397.0,384.0,374.0,443.0,448.0,351.0,399.0,371.0,387.0,339.0,459.0,402.0,456.0,392.0,524.0,300.0,296.0,427.0,361.0,362.0,446.0,441.0,498.0,351.0,392.0,338.0,514.0,369.0,373.0,434.0,405.0,440.0,408.0,482.0,437.0,560.0,445.0,497.0,447.0,432.0,342.0,352.0,384.0,335.0,358.0,503.0,336.0,470.0,405.0,508.0,374.0,432.0,473.0
79,494.0,567.0,355.0,475.0,296.0,438.0,415.0,345.0,366.0,338.0,377.0,321.0,407.0,480.0,509.0,371.0,516.0,576.0,412.0,440.0,503.0,446.0,408.0,377.0,594.0,488.0,496.0,439.0,343.0,475.0,246.0,440.0,280.0,453.0,191.0,383.0,414.0,433.0,344.0,383.0,575.0,565.0,442.0,287.0,421.0,457.0,365.0,396.0,369.0,381.0,442.0,417.0,361.0,417.0,371.0,381.0,338.0,466.0,408.0,461.0,388.0,522.0,303.0,316.0,430.0,360.0,362.0,443.0,429.0,504.0,354.0,402.0,339.0,509.0,377.0,368.0,443.0,419.0,446.0,416.0,489.0,439.0,555.0,453.0,503.0,447.0,432.0,348.0,362.0,373.0,343.0,375.0,515.0,342.0,481.0,401.0,518.0,379.0,439.0,479.0
80,487.0,580.0,350.0,478.0,273.0,440.0,419.0,350.0,374.0,345.0,376.0,328.0,407.0,480.0,515.0,385.0,515.0,582.0,412.0,445.0,503.0,448.0,416.0,387.0,608.0,496.0,505.0,453.0,330.0,481.0,229.0,450.0,289.0,448.0,194.0,394.0,417.0,427.0,335.0,383.0,577.0,580.0,453.0,287.0,412.0,477.0,375.0,396.0,372.0,374.0,442.0,424.0,364.0,428.0,360.0,384.0,338.0,475.0,413.0,466.0,385.0,519.0,303.0,312.0,428.0,353.0,364.0,451.0,429.0,472.0,354.0,411.0,337.0,518.0,384.0,369.0,453.0,432.0,450.0,425.0,496.0,442.0,548.0,461.0,508.0,446.0,463.0,354.0,373.0,368.0,352.0,377.0,527.0,351.0,484.0,413.0,528.0,375.0,433.0,446.0
81,481.0,582.0,350.0,493.0,265.0,437.0,426.0,355.0,380.0,353.0,376.0,328.0,414.0,485.0,495.0,392.0,509.0,584.0,426.0,457.0,501.0,441.0,425.0,396.0,615.0,485.0,515.0,457.0,330.0,489.0,216.0,454.0,287.0,447.0,171.0,392.0,415.0,423.0,335.0,374.0,586.0,596.0,450.0,266.0,416.0,484.0,375.0,396.0,372.0,382.0,449.0,426.0,366.0,437.0,377.0,379.0,338.0,484.0,419.0,472.0,360.0,519.0,301.0,309.0,419.0,352.0,376.0,449.0,445.0,482.0,345.0,421.0,341.0,524.0,392.0,368.0,463.0,436.0,454.0,435.0,498.0,439.0,547.0,471.0,514.0,444.0,463.0,360.0,386.0,356.0,361.0,371.0,536.0,361.0,499.0,414.0,538.0,379.0,427.0,450.0
82,495.0,580.0,350.0,500.0,266.0,434.0,423.0,349.0,387.0,360.0,378.0,320.0,408.0,494.0,488.0,393.0,532.0,586.0,432.0,462.0,490.0,448.0,434.0,405.0,624.0,495.0,525.0,461.0,329.0,498.0,213.0,458.0,287.0,442.0,176.0,391.0,409.0,419.0,333.0,376.0,575.0,606.0,448.0,274.0,429.0,488.0,375.0,396.0,365.0,378.0,455.0,425.0,360.0,445.0,364.0,376.0,339.0,493.0,424.0,477.0,370.0,536.0,295.0,314.0,425.0,344.0,383.0,460.0,456.0,494.0,346.0,432.0,329.0,535.0,400.0,367.0,467.0,426.0,457.0,444.0,505.0,446.0,574.0,481.0,506.0,436.0,460.0,366.0,398.0,356.0,370.0,370.0,539.0,371.0,500.0,415.0,548.0,380.0,418.0,455.0
83,466.0,579.0,350.0,507.0,261.0,431.0,423.0,357.0,394.0,368.0,382.0,320.0,408.0,500.0,479.0,394.0,534.0,597.0,439.0,465.0,478.0,440.0,444.0,414.0,627.0,502.0,534.0,464.0,321.0,509.0,210.0,452.0,284.0,456.0,177.0,399.0,409.0,412.0,332.0,384.0,576.0,596.0,443.0,286.0,433.0,493.0,373.0,397.0,360.0,374.0,459.0,439.0,363.0,452.0,371.0,376.0,333.0,503.0,430.0,483.0,374.0,546.0,293.0,309.0,423.0,336.0,390.0,472.0,438.0,505.0,343.0,443.0,338.0,539.0,409.0,366.0,466.0,417.0,462.0,454.0,506.0,449.0,582.0,474.0,513.0,430.0,472.0,372.0,401.0,345.0,378.0,362.0,540.0,381.0,514.0,416.0,559.0,379.0,418.0,461.0
84,471.0,581.0,348.0,510.0,257.0,427.0,422.0,367.0,369.0,378.0,384.0,323.0,401.0,506.0,468.0,406.0,529.0,608.0,446.0,468.0,475.0,430.0,456.0,425.0,626.0,510.0,544.0,434.0,324.0,521.0,181.0,452.0,284.0,454.0,179.0,417.0,388.0,416.0,326.0,384.0,587.0,600.0,444.0,294.0,436.0,498.0,384.0,398.0,368.0,371.0,462.0,446.0,366.0,455.0,371.0,372.0,338.0,516.0,436.0,488.0,381.0,551.0,290.0,306.0,423.0,342.0,390.0,484.0,449.0,515.0,334.0,449.0,339.0,542.0,420.0,366.0,468.0,417.0,467.0,463.0,517.0,452.0,589.0,484.0,520.0,427.0,477.0,378.0,391.0,345.0,386.0,372.0,550.0,381.0,518.0,412.0,570.0,379.0,420.0,466.0
85,462.0,596.0,345.0,507.0,251.0,427.0,433.0,372.0,372.0,383.0,387.0,324.0,397.0,513.0,459.0,411.0,542.0,612.0,453.0,470.0,467.0,444.0,467.0,426.0,626.0,519.0,554.0,428.0,325.0,533.0,172.0,475.0,277.0,446.0,181.0,423.0,389.0,413.0,326.0,379.0,596.0,607.0,444.0,297.0,436.0,503.0,387.0,399.0,376.0,371.0,466.0,452.0,362.0,462.0,371.0,372.0,339.0,529.0,441.0,496.0,379.0,555.0,290.0,315.0,430.0,342.0,387.0,489.0,445.0,530.0,334.0,445.0,340.0,540.0,431.0,366.0,468.0,412.0,472.0,474.0,524.0,456.0,596.0,492.0,529.0,425.0,469.0,385.0,406.0,337.0,393.0,370.0,556.0,379.0,517.0,420.0,581.0,373.0,439.0,470.0
86,478.0,598.0,342.0,509.0,248.0,426.0,437.0,381.0,379.0,388.0,389.0,326.0,406.0,520.0,445.0,413.0,543.0,606.0,457.0,465.0,454.0,444.0,479.0,433.0,612.0,529.0,565.0,439.0,325.0,545.0,168.0,472.0,273.0,458.0,184.0,414.0,382.0,402.0,320.0,377.0,606.0,613.0,437.0,297.0,442.0,508.0,380.0,400.0,379.0,371.0,470.0,459.0,379.0,460.0,368.0,372.0,339.0,521.0,447.0,503.0,389.0,552.0,290.0,315.0,432.0,342.0,389.0,488.0,452.0,533.0,330.0,449.0,341.0,547.0,443.0,366.0,461.0,402.0,477.0,484.0,531.0,461.0,602.0,501.0,540.0,426.0,480.0,392.0,417.0,327.0,400.0,371.0,568.0,376.0,513.0,417.0,592.0,367.0,442.0,474.0
87,473.0,603.0,338.0,523.0,247.0,426.0,434.0,386.0,389.0,386.0,391.0,323.0,412.0,520.0,443.0,408.0,549.0,606.0,467.0,471.0,454.0,444.0,490.0,437.0,600.0,540.0,577.0,435.0,325.0,559.0,169.0,487.0,274.0,452.0,187.0,420.0,379.0,398.0,320.0,383.0,606.0,612.0,429.0,292.0,442.0,514.0,386.0,402.0,382.0,366.0,476.0,456.0,379.0,466.0,370.0,372.0,339.0,514.0,453.0,512.0,396.0,561.0,289.0,316.0,434.0,342.0,398.0,502.0,447.0,543.0,330.0,455.0,342.0,543.0,455.0,366.0,456.0,397.0,482.0,494.0,525.0,468.0,595.0,511.0,543.0,433.0,479.0,399.0,421.0,316.0,407.0,363.0,584.0,370.0,514.0,413.0,605.0,358.0,442.0,479.0
88,487.0,602.0,338.0,528.0,257.0,428.0,434.0,395.0,387.0,386.0,394.0,330.0,415.0,525.0,439.0,403.0,548.0,607.0,465.0,473.0,435.0,441.0,490.0,454.0,601.0,554.0,589.0,437.0,324.0,562.0,169.0,473.0,267.0,461.0,191.0,433.0,375.0,397.0,320.0,381.0,611.0,609.0,430.0,291.0,442.0,522.0,390.0,404.0,386.0,366.0,481.0,459.0,377.0,473.0,364.0,372.0,339.0,509.0,462.0,522.0,403.0,568.0,282.0,316.0,437.0,338.0,403.0,502.0,464.0,539.0,330.0,465.0,339.0,556.0,463.0,366.0,450.0,387.0,488.0,491.0,519.0,477.0,600.0,522.0,549.0,433.0,478.0,406.0,435.0,324.0,413.0,371.0,596.0,362.0,517.0,411.0,619.0,355.0,441.0,484.0
89,494.0,619.0,335.0,535.0,255.0,430.0,440.0,402.0,383.0,403.0,398.0,329.0,377.0,538.0,457.0,407.0,556.0,625.0,465.0,476.0,430.0,439.0,493.0,465.0,600.0,567.0,603.0,449.0,324.0,551.0,169.0,471.0,265.0,465.0,196.0,440.0,376.0,391.0,320.0,379.0,607.0,617.0,442.0,289.0,435.0,529.0,390.0,407.0,391.0,373.0,486.0,462.0,376.0,472.0,357.0,368.0,339.0,505.0,471.0,533.0,403.0,561.0,284.0,314.0,431.0,338.0,409.0,504.0,476.0,561.0,330.0,466.0,346.0,563.0,468.0,368.0,444.0,386.0,496.0,491.0,518.0,485.0,617.0,533.0,553.0,437.0,483.0,414.0,441.0,320.0,407.0,372.0,597.0,354.0,519.0,410.0,575.0,355.0,436.0,488.0
90,502.0,627.0,335.0,526.0,257.0,423.0,442.0,410.0,383.0,405.0,402.0,333.0,381.0,537.0,453.0,417.0,551.0,626.0,473.0,479.0,423.0,425.0,496.0,472.0,589.0,582.0,617.0,455.0,322.0,552.0,169.0,466.0,258.0,469.0,201.0,439.0,372.0,391.0,314.0,379.0,611.0,632.0,448.0,304.0,435.0,537.0,392.0,411.0,396.0,375.0,475.0,476.0,386.0,472.0,362.0,368.0,342.0,497.0,482.0,543.0,405.0,574.0,284.0,318.0,441.0,344.0,405.0,511.0,488.0,573.0,330.0,482.0,350.0,569.0,478.0,372.0,444.0,376.0,506.0,490.0,515.0,495.0,616.0,545.0,551.0,438.0,485.0,421.0,452.0,312.0,414.0,374.0,604.0,349.0,536.0,396.0,590.0,360.0,428.0,489.0
91,494.0,636.0,335.0,543.0,258.0,420.0,438.0,418.0,383.0,393.0,408.0,338.0,383.0,552.0,453.0,425.0,530.0,641.0,482.0,483.0,424.0,426.0,499.0,483.0,609.0,590.0,633.0,450.0,322.0,574.0,169.0,465.0,253.0,442.0,202.0,445.0,376.0,391.0,318.0,377.0,635.0,641.0,415.0,308.0,441.0,547.0,396.0,414.0,403.0,377.0,480.0,474.0,389.0,489.0,357.0,368.0,336.0,492.0,493.0,555.0,412.0,582.0,283.0,318.0,432.0,343.0,417.0,513.0,482.0,585.0,332.0,492.0,354.0,577.0,496.0,376.0,438.0,376.0,509.0,480.0,513.0,501.0,610.0,557.0,555.0,422.0,495.0,428.0,442.0,312.0,427.0,376.0,599.0,349.0,544.0,396.0,597.0,360.0,418.0,488.0
92,497.0,647.0,333.0,506.0,221.0,435.0,440.0,422.0,394.0,388.0,414.0,339.0,386.0,557.0,451.0,429.0,531.0,649.0,492.0,487.0,418.0,421.0,519.0,494.0,612.0,595.0,642.0,462.0,322.0,575.0,169.0,460.0,253.0,442.0,197.0,431.0,376.0,391.0,316.0,374.0,646.0,646.0,413.0,308.0,449.0,557.0,401.0,420.0,411.0,379.0,476.0,487.0,386.0,501.0,359.0,371.0,334.0,488.0,504.0,567.0,428.0,583.0,275.0,315.0,425.0,337.0,423.0,526.0,497.0,586.0,328.0,486.0,352.0,574.0,498.0,381.0,438.0,387.0,525.0,480.0,513.0,508.0,616.0,562.0,570.0,429.0,492.0,435.0,436.0,310.0,432.0,377.0,608.0,345.0,552.0,402.0,608.0,360.0,418.0,493.0
93,510.0,655.0,329.0,514.0,221.0,437.0,440.0,426.0,399.0,396.0,419.0,343.0,390.0,560.0,426.0,426.0,527.0,617.0,504.0,492.0,413.0,417.0,523.0,504.0,609.0,586.0,651.0,459.0,323.0,585.0,165.0,464.0,253.0,445.0,197.0,427.0,377.0,395.0,312.0,374.0,655.0,657.0,418.0,302.0,459.0,566.0,406.0,396.0,418.0,382.0,490.0,494.0,392.0,505.0,359.0,371.0,331.0,477.0,514.0,579.0,426.0,591.0,275.0,315.0,430.0,343.0,430.0,534.0,501.0,600.0,327.0,486.0,361.0,589.0,503.0,387.0,447.0,389.0,532.0,490.0,528.0,478.0,631.0,568.0,581.0,433.0,496.0,442.0,452.0,308.0,437.0,373.0,624.0,341.0,542.0,406.0,597.0,361.0,418.0,495.0
94,520.0,668.0,330.0,518.0,223.0,439.0,441.0,429.0,399.0,408.0,423.0,347.0,394.0,564.0,427.0,428.0,535.0,625.0,514.0,484.0,407.0,385.0,531.0,507.0,615.0,590.0,648.0,468.0,322.0,585.0,165.0,454.0,253.0,454.0,197.0,429.0,378.0,395.0,307.0,374.0,665.0,666.0,412.0,300.0,470.0,575.0,410.0,403.0,377.0,385.0,498.0,498.0,396.0,521.0,363.0,371.0,331.0,477.0,520.0,591.0,436.0,598.0,278.0,315.0,437.0,343.0,436.0,537.0,498.0,598.0,327.0,489.0,366.0,598.0,509.0,395.0,439.0,390.0,537.0,504.0,533.0,488.0,639.0,570.0,593.0,437.0,502.0,449.0,463.0,271.0,435.0,378.0,634.0,336.0,552.0,406.0,611.0,364.0,428.0,506.0
95,529.0,662.0,330.0,525.0,223.0,432.0,441.0,447.0,399.0,414.0,428.0,344.0,394.0,579.0,427.0,437.0,546.0,612.0,520.0,483.0,400.0,383.0,543.0,522.0,617.0,594.0,656.0,472.0,325.0,604.0,117.0,431.0,253.0,463.0,189.0,438.0,380.0,394.0,301.0,377.0,673.0,674.0,426.0,302.0,480.0,584.0,414.0,411.0,388.0,388.0,500.0,503.0,395.0,527.0,362.0,369.0,330.0,475.0,531.0,603.0,442.0,605.0,278.0,312.0,444.0,343.0,446.0,546.0,501.0,611.0,272.0,501.0,371.0,597.0,506.0,402.0,437.0,388.0,535.0,510.0,537.0,483.0,646.0,566.0,603.0,441.0,499.0,457.0,473.0,270.0,435.0,373.0,636.0,336.0,563.0,410.0,623.0,365.0,420.0,509.0
96,537.0,669.0,330.0,533.0,212.0,438.0,441.0,455.0,403.0,414.0,434.0,344.0,381.0,582.0,430.0,442.0,552.0,626.0,532.0,485.0,390.0,370.0,539.0,524.0,607.0,604.0,674.0,468.0,326.0,590.0,115.0,426.0,253.0,471.0,185.0,445.0,383.0,392.0,298.0,382.0,686.0,683.0,433.0,302.0,489.0,593.0,420.0,419.0,394.0,392.0,501.0,509.0,400.0,536.0,362.0,367.0,330.0,488.0,538.0,615.0,436.0,613.0,276.0,312.0,450.0,344.0,447.0,550.0,499.0,624.0,270.0,513.0,375.0,610.0,522.0,381.0,444.0,395.0,539.0,517.0,535.0,484.0,654.0,558.0,607.0,444.0,509.0,465.0,479.0,270.0,437.0,371.0,641.0,332.0,574.0,408.0,617.0,366.0,415.0,508.0
97,541.0,687.0,326.0,534.0,213.0,404.0,441.0,462.0,415.0,414.0,439.0,344.0,384.0,591.0,430.0,445.0,553.0,633.0,542.0,499.0,383.0,370.0,547.0,525.0,609.0,603.0,684.0,471.0,327.0,590.0,115.0,426.0,253.0,474.0,181.0,447.0,386.0,384.0,290.0,387.0,695.0,693.0,440.0,293.0,496.0,604.0,414.0,408.0,401.0,396.0,513.0,515.0,401.0,542.0,358.0,365.0,331.0,499.0,557.0,626.0,441.0,621.0,268.0,312.0,444.0,346.0,449.0,552.0,500.0,626.0,263.0,510.0,377.0,618.0,529.0,387.0,405.0,397.0,538.0,523.0,545.0,487.0,649.0,554.0,609.0,448.0,515.0,474.0,490.0,270.0,456.0,369.0,643.0,342.0,584.0,412.0,632.0,366.0,407.0,516.0
98,551.0,698.0,320.0,546.0,214.0,405.0,432.0,468.0,420.0,424.0,446.0,344.0,388.0,600.0,434.0,450.0,550.0,637.0,546.0,505.0,371.0,370.0,550.0,526.0,601.0,621.0,682.0,481.0,326.0,590.0,112.0,440.0,249.0,470.0,180.0,457.0,390.0,382.0,288.0,381.0,705.0,705.0,439.0,302.0,502.0,616.0,416.0,416.0,407.0,401.0,521.0,522.0,396.0,543.0,358.0,362.0,332.0,503.0,568.0,637.0,440.0,618.0,267.0,318.0,460.0,338.0,460.0,554.0,489.0,621.0,263.0,508.0,379.0,626.0,536.0,393.0,404.0,393.0,536.0,521.0,542.0,500.0,654.0,565.0,626.0,449.0,516.0,484.0,498.0,271.0,462.0,376.0,638.0,343.0,582.0,408.0,645.0,366.0,413.0,529.0
99,559.0,698.0,320.0,544.0,218.0,404.0,432.0,475.0,414.0,423.0,455.0,358.0,393.0,607.0,435.0,447.0,552.0,647.0,561.0,510.0,359.0,369.0,564.0,538.0,595.0,628.0,695.0,486.0,328.0,594.0,109.0,445.0,247.0,487.0,180.0,465.0,394.0,384.0,282.0,388.0,710.0,694.0,436.0,305.0,499.0,628.0,432.0,412.0,411.0,407.0,517.0,527.0,399.0,540.0,358.0,359.0,332.0,508.0,578.0,649.0,440.0,634.0,262.0,322.0,466.0,336.0,468.0,554.0,482.0,622.0,262.0,523.0,374.0,628.0,536.0,399.0,400.0,393.0,554.0,533.0,546.0,494.0,660.0,572.0,632.0,457.0,516.0,473.0,501.0,272.0,462.0,375.0,658.0,341.0,583.0,413.0,660.0,366.0,408.0,528.0
100,561.0,712.0,318.0,544.0,221.0,403.0,443.0,462.0,414.0,429.0,463.0,359.0,399.0,615.0,437.0,448.0,551.0,661.0,574.0,514.0,359.0,368.0,572.0,536.0,607.0,635.0,692.0,491.0,330.0,594.0,109.0,449.0,251.0,487.0,181.0,473.0,398.0,382.0,271.0,390.0,713.0,709.0,439.0,307.0,500.0,640.0,428.0,426.0,421.0,413.0,517.0,531.0,408.0,539.0,358.0,356.0,335.0,515.0,581.0,653.0,445.0,641.0,260.0,324.0,473.0,336.0,457.0,569.0,482.0,629.0,262.0,524.0,373.0,631.0,538.0,405.0,398.0,398.0,561.0,498.0,543.0,496.0,671.0,567.0,638.0,462.0,510.0,484.0,517.0,275.0,472.0,379.0,660.0,340.0,588.0,411.0,676.0,368.0,401.0,528.0
101,574.0,714.0,316.0,556.0,221.0,398.0,445.0,460.0,384.0,432.0,469.0,359.0,403.0,615.0,434.0,461.0,553.0,669.0,586.0,517.0,354.0,367.0,570.0,552.0,604.0,634.0,696.0,494.0,330.0,597.0,106.0,453.0,251.0,485.0,181.0,480.0,398.0,380.0,271.0,393.0,729.0,706.0,448.0,310.0,508.0,653.0,428.0,426.0,429.0,418.0,530.0,529.0,415.0,547.0,360.0,353.0,335.0,519.0,587.0,670.0,451.0,645.0,260.0,326.0,477.0,339.0,460.0,570.0,492.0,643.0,262.0,537.0,385.0,637.0,544.0,408.0,390.0,394.0,555.0,504.0,554.0,498.0,673.0,582.0,647.0,468.0,510.0,492.0,521.0,277.0,461.0,379.0,660.0,338.0,597.0,411.0,693.0,369.0,395.0,531.0
102,584.0,716.0,316.0,562.0,228.0,404.0,447.0,460.0,385.0,431.0,474.0,359.0,401.0,610.0,437.0,462.0,546.0,672.0,598.0,522.0,349.0,363.0,585.0,558.0,603.0,648.0,684.0,503.0,333.0,606.0,103.0,457.0,251.0,499.0,183.0,484.0,399.0,377.0,271.0,392.0,727.0,709.0,451.0,314.0,513.0,664.0,434.0,425.0,439.0,423.0,541.0,532.0,397.0,560.0,360.0,353.0,338.0,513.0,602.0,678.0,458.0,653.0,260.0,328.0,482.0,339.0,477.0,579.0,491.0,653.0,262.0,518.0,384.0,637.0,543.0,415.0,390.0,390.0,559.0,519.0,554.0,509.0,675.0,576.0,646.0,463.0,512.0,501.0,529.0,281.0,467.0,379.0,641.0,335.0,608.0,414.0,693.0,370.0,392.0,536.0
103,588.0,714.0,314.0,567.0,233.0,405.0,443.0,470.0,397.0,433.0,480.0,359.0,401.0,611.0,438.0,462.0,559.0,690.0,611.0,526.0,342.0,358.0,595.0,558.0,606.0,647.0,701.0,510.0,333.0,605.0,101.0,462.0,251.0,496.0,190.0,499.0,399.0,374.0,265.0,390.0,743.0,715.0,454.0,311.0,503.0,666.0,441.0,435.0,448.0,428.0,551.0,547.0,394.0,554.0,357.0,353.0,343.0,523.0,611.0,687.0,466.0,653.0,260.0,331.0,477.0,339.0,480.0,586.0,494.0,656.0,260.0,522.0,381.0,644.0,549.0,420.0,397.0,390.0,571.0,529.0,532.0,515.0,673.0,582.0,659.0,464.0,515.0,510.0,536.0,284.0,479.0,386.0,659.0,328.0,611.0,411.0,687.0,371.0,392.0,542.0
104,587.0,714.0,313.0,570.0,238.0,403.0,449.0,483.0,402.0,432.0,483.0,363.0,404.0,609.0,439.0,465.0,560.0,691.0,618.0,531.0,339.0,367.0,606.0,571.0,603.0,656.0,671.0,517.0,335.0,630.0,98.0,463.0,251.0,499.0,189.0,499.0,399.0,372.0,263.0,388.0,739.0,731.0,457.0,312.0,500.0,687.0,446.0,444.0,453.0,433.0,559.0,555.0,389.0,566.0,358.0,347.0,345.0,522.0,620.0,689.0,468.0,656.0,254.0,332.0,477.0,337.0,480.0,594.0,486.0,661.0,260.0,528.0,384.0,659.0,567.0,424.0,396.0,389.0,578.0,531.0,510.0,521.0,691.0,589.0,658.0,474.0,504.0,519.0,544.0,289.0,476.0,390.0,658.0,328.0,621.0,411.0,691.0,372.0,389.0,545.0
105,596.0,704.0,311.0,575.0,238.0,403.0,451.0,490.0,409.0,435.0,491.0,359.0,407.0,613.0,441.0,472.0,560.0,700.0,624.0,533.0,333.0,367.0,614.0,572.0,600.0,661.0,671.0,519.0,333.0,632.0,95.0,462.0,251.0,507.0,189.0,511.0,401.0,369.0,263.0,385.0,753.0,733.0,455.0,318.0,500.0,701.0,436.0,443.0,463.0,434.0,569.0,561.0,400.0,570.0,364.0,347.0,341.0,518.0,629.0,707.0,480.0,674.0,254.0,334.0,474.0,337.0,490.0,597.0,488.0,668.0,257.0,528.0,383.0,668.0,578.0,429.0,396.0,385.0,583.0,538.0,504.0,527.0,700.0,580.0,673.0,479.0,497.0,529.0,553.0,292.0,480.0,394.0,666.0,326.0,623.0,401.0,686.0,374.0,386.0,549.0
106,602.0,730.0,308.0,583.0,238.0,409.0,451.0,495.0,414.0,432.0,496.0,355.0,418.0,610.0,443.0,470.0,566.0,707.0,627.0,539.0,328.0,364.0,626.0,573.0,596.0,678.0,667.0,527.0,330.0,635.0,94.0,472.0,251.0,507.0,189.0,518.0,403.0,366.0,263.0,394.0,753.0,733.0,455.0,320.0,502.0,704.0,449.0,446.0,462.0,427.0,568.0,560.0,400.0,575.0,366.0,347.0,344.0,525.0,634.0,702.0,488.0,675.0,254.0,331.0,486.0,337.0,495.0,599.0,489.0,682.0,260.0,523.0,388.0,669.0,582.0,435.0,396.0,385.0,591.0,551.0,520.0,525.0,708.0,593.0,686.0,478.0,495.0,539.0,557.0,297.0,488.0,397.0,666.0,322.0,621.0,397.0,684.0,378.0,381.0,545.0
107,616.0,739.0,308.0,590.0,248.0,412.0,454.0,501.0,413.0,435.0,502.0,349.0,423.0,630.0,440.0,468.0,560.0,708.0,643.0,543.0,328.0,359.0,634.0,568.0,589.0,677.0,681.0,532.0,330.0,626.0,93.0,472.0,252.0,518.0,186.0,520.0,401.0,366.0,263.0,397.0,754.0,727.0,455.0,323.0,502.0,704.0,453.0,444.0,474.0,426.0,584.0,561.0,398.0,582.0,355.0,347.0,345.0,517.0,645.0,707.0,476.0,666.0,254.0,334.0,480.0,337.0,491.0,606.0,495.0,695.0,260.0,521.0,381.0,680.0,590.0,437.0,396.0,385.0,590.0,556.0,525.0,540.0,714.0,586.0,688.0,486.0,505.0,550.0,555.0,305.0,492.0,401.0,663.0,317.0,637.0,394.0,673.0,383.0,379.0,555.0
108,619.0,748.0,308.0,586.0,252.0,411.0,450.0,507.0,412.0,445.0,505.0,355.0,429.0,637.0,440.0,467.0,571.0,711.0,652.0,550.0,324.0,363.0,642.0,573.0,603.0,690.0,685.0,529.0,330.0,610.0,93.0,483.0,245.0,524.0,185.0,514.0,408.0,366.0,263.0,400.0,771.0,723.0,459.0,320.0,502.0,701.0,460.0,442.0,479.0,418.0,593.0,561.0,410.0,585.0,351.0,347.0,347.0,515.0,643.0,700.0,475.0,666.0,254.0,332.0,496.0,337.0,490.0,605.0,498.0,694.0,260.0,522.0,384.0,673.0,589.0,439.0,392.0,380.0,602.0,554.0,531.0,549.0,714.0,591.0,701.0,483.0,509.0,562.0,557.0,312.0,486.0,406.0,671.0,313.0,642.0,393.0,671.0,389.0,373.0,553.0
109,626.0,757.0,307.0,605.0,255.0,420.0,453.0,511.0,421.0,444.0,510.0,352.0,431.0,645.0,447.0,478.0,577.0,710.0,656.0,554.0,320.0,357.0,649.0,574.0,600.0,707.0,703.0,524.0,330.0,610.0,93.0,488.0,236.0,517.0,184.0,517.0,412.0,367.0,263.0,403.0,768.0,712.0,472.0,319.0,501.0,701.0,465.0,439.0,477.0,433.0,587.0,578.0,407.0,590.0,359.0,345.0,350.0,522.0,657.0,696.0,475.0,659.0,254.0,332.0,492.0,337.0,486.0,611.0,503.0,709.0,262.0,519.0,391.0,678.0,598.0,455.0,395.0,375.0,594.0,562.0,537.0,552.0,706.0,586.0,693.0,496.0,508.0,576.0,557.0,316.0,486.0,412.0,675.0,305.0,643.0,390.0,671.0,396.0,374.0,565.0
110,643.0,767.0,307.0,606.0,258.0,418.0,455.0,514.0,421.0,442.0,516.0,348.0,436.0,647.0,450.0,481.0,577.0,711.0,649.0,561.0,320.0,357.0,661.0,569.0,594.0,712.0,712.0,523.0,336.0,597.0,93.0,486.0,238.0,518.0,187.0,524.0,417.0,367.0,255.0,408.0,773.0,702.0,472.0,317.0,501.0,702.0,471.0,441.0,492.0,433.0,604.0,587.0,409.0,584.0,354.0,345.0,353.0,517.0,661.0,696.0,490.0,646.0,250.0,329.0,499.0,341.0,493.0,624.0,507.0,708.0,264.0,510.0,396.0,683.0,613.0,467.0,402.0,373.0,596.0,577.0,536.0,562.0,705.0,599.0,698.0,504.0,519.0,575.0,559.0,321.0,479.0,418.0,689.0,301.0,652.0,387.0,665.0,402.0,373.0,572.0
111,652.0,777.0,307.0,605.0,260.0,432.0,451.0,513.0,421.0,450.0,517.0,340.0,441.0,660.0,453.0,482.0,587.0,724.0,652.0,570.0,317.0,355.0,669.0,574.0,591.0,721.0,716.0,521.0,338.0,607.0,93.0,477.0,241.0,525.0,188.0,528.0,418.0,367.0,258.0,411.0,781.0,698.0,472.0,325.0,495.0,707.0,468.0,434.0,505.0,435.0,599.0,590.0,414.0,580.0,355.0,346.0,356.0,521.0,671.0,695.0,489.0,643.0,249.0,328.0,512.0,346.0,489.0,636.0,510.0,712.0,268.0,501.0,392.0,684.0,619.0,471.0,404.0,373.0,595.0,586.0,548.0,572.0,705.0,604.0,713.0,498.0,523.0,588.0,574.0,321.0,471.0,423.0,697.0,301.0,658.0,387.0,659.0,408.0,368.0,571.0
112,662.0,781.0,281.0,605.0,262.0,442.0,454.0,514.0,418.0,455.0,527.0,338.0,446.0,610.0,456.0,483.0,592.0,741.0,658.0,578.0,314.0,356.0,671.0,576.0,606.0,728.0,719.0,519.0,338.0,601.0,93.0,476.0,208.0,525.0,185.0,540.0,425.0,367.0,258.0,416.0,803.0,694.0,478.0,326.0,493.0,725.0,469.0,428.0,517.0,438.0,596.0,594.0,411.0,579.0,355.0,350.0,360.0,523.0,673.0,717.0,490.0,637.0,249.0,329.0,520.0,349.0,501.0,633.0,508.0,716.0,272.0,497.0,391.0,697.0,632.0,474.0,408.0,368.0,602.0,594.0,557.0,571.0,705.0,609.0,713.0,499.0,527.0,599.0,574.0,322.0,478.0,427.0,698.0,299.0,673.0,395.0,652.0,415.0,368.0,582.0
113,669.0,786.0,285.0,586.0,262.0,448.0,453.0,510.0,415.0,460.0,527.0,340.0,448.0,615.0,461.0,485.0,591.0,750.0,661.0,580.0,308.0,353.0,658.0,590.0,609.0,729.0,735.0,534.0,340.0,598.0,92.0,470.0,216.0,539.0,185.0,546.0,433.0,332.0,258.0,421.0,815.0,690.0,477.0,328.0,494.0,724.0,468.0,428.0,523.0,437.0,611.0,603.0,406.0,581.0,355.0,342.0,364.0,524.0,676.0,712.0,490.0,633.0,249.0,329.0,518.0,354.0,499.0,636.0,508.0,737.0,275.0,497.0,394.0,697.0,633.0,492.0,411.0,364.0,618.0,580.0,563.0,571.0,712.0,609.0,721.0,500.0,526.0,611.0,588.0,326.0,486.0,431.0,704.0,292.0,682.0,391.0,650.0,412.0,368.0,585.0
114,682.0,803.0,290.0,582.0,262.0,451.0,454.0,529.0,415.0,465.0,531.0,334.0,448.0,628.0,462.0,492.0,583.0,758.0,667.0,593.0,306.0,353.0,653.0,593.0,603.0,726.0,735.0,529.0,343.0,597.0,92.0,478.0,222.0,536.0,185.0,553.0,443.0,337.0,253.0,426.0,824.0,677.0,477.0,327.0,486.0,729.0,468.0,419.0,525.0,447.0,622.0,600.0,392.0,588.0,352.0,342.0,364.0,526.0,674.0,662.0,490.0,624.0,246.0,329.0,525.0,359.0,499.0,638.0,511.0,749.0,276.0,499.0,402.0,709.0,632.0,498.0,408.0,370.0,622.0,585.0,569.0,573.0,728.0,609.0,719.0,500.0,537.0,624.0,592.0,326.0,495.0,431.0,699.0,292.0,695.0,387.0,665.0,426.0,367.0,591.0
115,683.0,815.0,292.0,580.0,262.0,445.0,453.0,536.0,415.0,470.0,536.0,334.0,444.0,631.0,469.0,486.0,594.0,768.0,666.0,598.0,301.0,354.0,659.0,598.0,598.0,723.0,738.0,525.0,344.0,581.0,92.0,485.0,225.0,553.0,189.0,553.0,452.0,341.0,249.0,435.0,833.0,688.0,475.0,325.0,498.0,719.0,480.0,410.0,518.0,451.0,628.0,600.0,390.0,590.0,349.0,343.0,364.0,528.0,682.0,662.0,488.0,613.0,244.0,334.0,528.0,363.0,499.0,642.0,510.0,754.0,278.0,496.0,406.0,716.0,630.0,497.0,412.0,371.0,630.0,588.0,577.0,585.0,719.0,610.0,721.0,506.0,531.0,637.0,601.0,330.0,501.0,430.0,703.0,292.0,692.0,387.0,657.0,422.0,367.0,587.0
116,681.0,827.0,292.0,577.0,264.0,452.0,453.0,541.0,419.0,475.0,544.0,334.0,444.0,632.0,473.0,477.0,590.0,769.0,672.0,594.0,297.0,354.0,656.0,588.0,590.0,722.0,741.0,526.0,347.0,581.0,90.0,480.0,225.0,541.0,190.0,561.0,456.0,336.0,245.0,442.0,845.0,683.0,470.0,332.0,485.0,710.0,485.0,403.0,519.0,446.0,639.0,610.0,392.0,585.0,349.0,338.0,363.0,532.0,666.0,678.0,497.0,608.0,243.0,335.0,530.0,366.0,496.0,654.0,517.0,748.0,280.0,494.0,409.0,717.0,628.0,513.0,412.0,363.0,625.0,588.0,579.0,588.0,716.0,623.0,713.0,514.0,534.0,650.0,602.0,331.0,501.0,430.0,718.0,293.0,694.0,385.0,652.0,435.0,368.0,601.0
117,694.0,827.0,290.0,593.0,267.0,452.0,453.0,544.0,425.0,477.0,551.0,334.0,441.0,627.0,479.0,490.0,603.0,782.0,667.0,613.0,290.0,358.0,673.0,579.0,587.0,709.0,755.0,526.0,346.0,581.0,90.0,487.0,225.0,561.0,189.0,572.0,465.0,345.0,241.0,436.0,842.0,673.0,483.0,333.0,485.0,672.0,490.0,391.0,519.0,442.0,649.0,603.0,398.0,582.0,349.0,343.0,371.0,538.0,682.0,686.0,499.0,606.0,238.0,335.0,535.0,368.0,506.0,654.0,521.0,749.0,282.0,499.0,413.0,727.0,628.0,516.0,412.0,368.0,636.0,597.0,579.0,589.0,724.0,620.0,721.0,518.0,534.0,659.0,595.0,333.0,500.0,436.0,718.0,290.0,694.0,385.0,646.0,440.0,365.0,604.0
118,687.0,832.0,286.0,606.0,272.0,447.0,442.0,544.0,426.0,480.0,548.0,334.0,434.0,630.0,483.0,489.0,609.0,792.0,676.0,623.0,286.0,360.0,686.0,578.0,582.0,705.0,760.0,527.0,345.0,581.0,84.0,490.0,229.0,560.0,196.0,581.0,466.0,345.0,235.0,447.0,860.0,663.0,485.0,329.0,482.0,665.0,488.0,405.0,532.0,436.0,652.0,615.0,400.0,581.0,353.0,342.0,371.0,543.0,687.0,642.0,500.0,592.0,232.0,340.0,546.0,376.0,504.0,665.0,524.0,744.0,287.0,491.0,417.0,726.0,643.0,517.0,404.0,368.0,641.0,615.0,577.0,579.0,725.0,629.0,717.0,518.0,543.0,668.0,608.0,332.0,507.0,430.0,730.0,287.0,711.0,391.0,653.0,443.0,368.0,607.0
119,684.0,841.0,286.0,604.0,274.0,445.0,442.0,547.0,435.0,488.0,558.0,334.0,443.0,629.0,482.0,491.0,601.0,795.0,683.0,631.0,281.0,362.0,663.0,583.0,577.0,709.0,768.0,533.0,348.0,584.0,83.0,506.0,224.0,560.0,190.0,582.0,468.0,349.0,233.0,449.0,864.0,655.0,486.0,328.0,481.0,662.0,489.0,408.0,541.0,436.0,652.0,617.0,397.0,582.0,358.0,343.0,378.0,549.0,689.0,646.0,500.0,582.0,233.0,345.0,555.0,378.0,509.0,673.0,524.0,752.0,286.0,503.0,420.0,731.0,645.0,523.0,399.0,369.0,584.0,624.0,569.0,572.0,729.0,628.0,717.0,513.0,547.0,672.0,609.0,329.0,512.0,432.0,733.0,281.0,708.0,392.0,649.0,447.0,368.0,608.0
120,686.0,840.0,280.0,593.0,274.0,452.0,437.0,546.0,435.0,460.0,556.0,327.0,446.0,647.0,480.0,488.0,592.0,796.0,691.0,638.0,281.0,361.0,669.0,591.0,562.0,721.0,768.0,532.0,345.0,584.0,83.0,513.0,221.0,573.0,184.0,576.0,478.0,352.0,228.0,449.0,866.0,648.0,487.0,336.0,478.0,656.0,499.0,406.0,548.0,445.0,652.0,615.0,405.0,586.0,364.0,345.0,374.0,556.0,693.0,658.0,497.0,573.0,231.0,347.0,552.0,378.0,504.0,667.0,524.0,754.0,286.0,505.0,424.0,730.0,647.0,522.0,391.0,367.0,577.0,633.0,569.0,574.0,733.0,625.0,712.0,523.0,551.0,674.0,611.0,326.0,529.0,443.0,733.0,279.0,719.0,393.0,646.0,441.0,367.0,612.0
121,673.0,858.0,249.0,611.0,274.0,453.0,451.0,557.0,435.0,468.0,567.0,332.0,448.0,653.0,488.0,499.0,566.0,813.0,660.0,646.0,277.0,365.0,682.0,595.0,559.0,725.0,782.0,543.0,345.0,584.0,82.0,520.0,228.0,578.0,184.0,557.0,445.0,353.0,228.0,456.0,873.0,657.0,488.0,340.0,431.0,673.0,499.0,395.0,556.0,449.0,674.0,626.0,409.0,589.0,373.0,345.0,374.0,561.0,706.0,667.0,508.0,569.0,229.0,347.0,560.0,387.0,514.0,679.0,529.0,768.0,290.0,506.0,429.0,748.0,657.0,513.0,389.0,340.0,598.0,592.0,586.0,583.0,739.0,639.0,726.0,527.0,557.0,707.0,626.0,307.0,539.0,446.0,746.0,276.0,680.0,360.0,647.0,452.0,362.0,617.0
122,668.0,850.0,250.0,606.0,278.0,448.0,449.0,557.0,429.0,470.0,556.0,326.0,448.0,659.0,484.0,502.0,565.0,806.0,667.0,630.0,273.0,357.0,677.0,599.0,556.0,722.0,780.0,539.0,338.0,583.0,81.0,519.0,228.0,565.0,182.0,560.0,440.0,349.0,228.0,452.0,854.0,637.0,482.0,344.0,425.0,664.0,489.0,393.0,552.0,436.0,664.0,621.0,409.0,578.0,367.0,345.0,378.0,561.0,710.0,667.0,511.0,564.0,229.0,341.0,564.0,378.0,509.0,671.0,522.0,768.0,293.0,501.0,433.0,734.0,655.0,500.0,388.0,339.0,594.0,584.0,578.0,569.0,745.0,633.0,718.0,526.0,556.0,716.0,607.0,303.0,539.0,446.0,738.0,272.0,679.0,356.0,640.0,454.0,362.0,612.0
123,664.0,862.0,251.0,603.0,278.0,443.0,443.0,566.0,440.0,469.0,555.0,326.0,448.0,665.0,459.0,504.0,572.0,821.0,680.0,639.0,269.0,364.0,683.0,603.0,542.0,732.0,772.0,540.0,332.0,584.0,81.0,529.0,223.0,580.0,185.0,561.0,440.0,350.0,221.0,460.0,855.0,628.0,489.0,349.0,425.0,653.0,495.0,393.0,553.0,445.0,664.0,632.0,410.0,573.0,380.0,345.0,376.0,531.0,710.0,676.0,500.0,560.0,229.0,345.0,540.0,371.0,509.0,669.0,532.0,776.0,269.0,497.0,437.0,724.0,649.0,514.0,378.0,337.0,589.0,598.0,582.0,556.0,754.0,624.0,698.0,526.0,565.0,704.0,604.0,305.0,550.0,456.0,738.0,269.0,689.0,353.0,630.0,459.0,362.0,609.0
124,662.0,866.0,254.0,595.0,288.0,447.0,443.0,574.0,435.0,487.0,545.0,326.0,451.0,671.0,456.0,507.0,552.0,814.0,692.0,648.0,266.0,366.0,700.0,608.0,542.0,723.0,763.0,550.0,342.0,584.0,79.0,536.0,198.0,583.0,185.0,559.0,444.0,351.0,221.0,461.0,850.0,618.0,492.0,354.0,425.0,638.0,451.0,392.0,567.0,433.0,655.0,638.0,419.0,572.0,386.0,343.0,382.0,542.0,709.0,686.0,502.0,557.0,229.0,340.0,547.0,369.0,507.0,663.0,538.0,775.0,271.0,501.0,411.0,721.0,637.0,517.0,370.0,334.0,581.0,619.0,576.0,551.0,762.0,620.0,691.0,528.0,572.0,666.0,610.0,319.0,557.0,409.0,756.0,269.0,695.0,356.0,624.0,458.0,365.0,623.0
125,681.0,860.0,256.0,585.0,288.0,448.0,425.0,580.0,433.0,487.0,542.0,320.0,453.0,674.0,465.0,509.0,557.0,830.0,705.0,657.0,263.0,368.0,712.0,615.0,533.0,738.0,759.0,556.0,344.0,586.0,79.0,544.0,198.0,585.0,184.0,549.0,450.0,354.0,221.0,464.0,851.0,611.0,495.0,358.0,425.0,624.0,461.0,392.0,568.0,441.0,656.0,639.0,424.0,582.0,391.0,343.0,381.0,542.0,719.0,696.0,497.0,555.0,229.0,343.0,546.0,369.0,507.0,670.0,542.0,784.0,277.0,501.0,417.0,737.0,643.0,519.0,361.0,332.0,570.0,632.0,571.0,552.0,771.0,612.0,687.0,538.0,580.0,663.0,621.0,324.0,565.0,415.0,750.0,268.0,709.0,360.0,612.0,464.0,369.0,629.0
126,693.0,862.0,257.0,578.0,287.0,450.0,433.0,584.0,422.0,500.0,534.0,323.0,460.0,684.0,471.0,514.0,549.0,833.0,717.0,663.0,255.0,370.0,723.0,621.0,528.0,739.0,753.0,562.0,346.0,587.0,78.0,552.0,198.0,593.0,182.0,545.0,456.0,354.0,221.0,456.0,856.0,603.0,499.0,361.0,427.0,625.0,468.0,391.0,564.0,438.0,661.0,637.0,430.0,584.0,395.0,343.0,381.0,549.0,729.0,706.0,496.0,553.0,229.0,343.0,560.0,369.0,514.0,678.0,551.0,799.0,280.0,500.0,423.0,738.0,660.0,528.0,359.0,333.0,563.0,644.0,563.0,564.0,780.0,600.0,671.0,544.0,587.0,674.0,607.0,320.0,573.0,422.0,768.0,268.0,720.0,364.0,609.0,471.0,373.0,633.0
127,697.0,848.0,255.0,567.0,294.0,453.0,424.0,587.0,423.0,508.0,516.0,324.0,455.0,690.0,478.0,519.0,550.0,832.0,729.0,657.0,255.0,368.0,734.0,628.0,526.0,751.0,755.0,570.0,348.0,588.0,77.0,560.0,201.0,587.0,184.0,535.0,463.0,357.0,221.0,455.0,874.0,597.0,504.0,365.0,429.0,618.0,476.0,391.0,563.0,438.0,653.0,648.0,436.0,588.0,399.0,343.0,389.0,554.0,727.0,717.0,493.0,550.0,229.0,343.0,570.0,369.0,517.0,678.0,553.0,806.0,280.0,500.0,430.0,736.0,670.0,526.0,359.0,335.0,559.0,656.0,559.0,569.0,790.0,591.0,656.0,550.0,596.0,674.0,607.0,325.0,580.0,431.0,778.0,268.0,731.0,369.0,614.0,468.0,377.0,639.0
128,704.0,837.0,255.0,557.0,303.0,458.0,423.0,588.0,428.0,510.0,523.0,324.0,465.0,687.0,483.0,524.0,563.0,832.0,742.0,671.0,253.0,364.0,735.0,636.0,514.0,748.0,747.0,577.0,350.0,591.0,77.0,570.0,201.0,576.0,185.0,526.0,471.0,359.0,221.0,451.0,883.0,587.0,510.0,370.0,432.0,639.0,483.0,391.0,575.0,434.0,648.0,656.0,441.0,592.0,403.0,343.0,387.0,560.0,731.0,729.0,493.0,544.0,229.0,343.0,570.0,369.0,521.0,670.0,554.0,804.0,280.0,502.0,431.0,732.0,672.0,524.0,350.0,338.0,551.0,669.0,546.0,572.0,802.0,604.0,637.0,552.0,606.0,687.0,602.0,328.0,589.0,427.0,782.0,268.0,733.0,372.0,613.0,465.0,376.0,646.0
129,714.0,829.0,254.0,551.0,301.0,465.0,413.0,589.0,425.0,522.0,515.0,326.0,470.0,706.0,484.0,526.0,571.0,840.0,754.0,670.0,249.0,371.0,730.0,647.0,508.0,759.0,746.0,583.0,350.0,593.0,77.0,578.0,201.0,567.0,186.0,510.0,480.0,361.0,221.0,445.0,893.0,576.0,512.0,365.0,436.0,634.0,482.0,392.0,577.0,430.0,657.0,662.0,445.0,594.0,406.0,344.0,394.0,547.0,728.0,725.0,493.0,544.0,222.0,343.0,585.0,369.0,526.0,663.0,560.0,811.0,284.0,498.0,446.0,720.0,678.0,527.0,355.0,339.0,546.0,680.0,533.0,578.0,811.0,601.0,643.0,554.0,614.0,705.0,593.0,336.0,598.0,444.0,783.0,268.0,738.0,381.0,613.0,471.0,375.0,650.0
130,732.0,825.0,254.0,549.0,309.0,462.0,404.0,598.0,425.0,530.0,508.0,326.0,473.0,715.0,481.0,531.0,569.0,843.0,769.0,674.0,249.0,371.0,726.0,657.0,517.0,758.0,686.0,580.0,357.0,596.0,77.0,588.0,197.0,564.0,188.0,507.0,482.0,365.0,217.0,441.0,904.0,565.0,526.0,367.0,442.0,636.0,480.0,394.0,578.0,440.0,633.0,673.0,450.0,603.0,409.0,347.0,399.0,551.0,733.0,745.0,500.0,541.0,221.0,344.0,595.0,375.0,531.0,627.0,562.0,826.0,285.0,504.0,456.0,691.0,679.0,545.0,348.0,340.0,538.0,693.0,529.0,580.0,826.0,604.0,636.0,556.0,628.0,716.0,592.0,335.0,609.0,446.0,780.0,270.0,750.0,388.0,611.0,474.0,383.0,651.0
131,733.0,824.0,254.0,543.0,313.0,471.0,405.0,607.0,425.0,530.0,498.0,328.0,478.0,721.0,478.0,535.0,577.0,863.0,774.0,684.0,251.0,371.0,723.0,667.0,509.0,754.0,680.0,573.0,362.0,602.0,77.0,593.0,200.0,562.0,189.0,504.0,486.0,369.0,200.0,438.0,919.0,546.0,535.0,366.0,447.0,640.0,488.0,398.0,577.0,436.0,633.0,668.0,411.0,609.0,412.0,349.0,405.0,549.0,677.0,764.0,505.0,546.0,221.0,341.0,599.0,370.0,538.0,622.0,559.0,838.0,292.0,507.0,465.0,689.0,691.0,552.0,340.0,340.0,522.0,690.0,518.0,585.0,839.0,604.0,641.0,564.0,635.0,721.0,573.0,336.0,622.0,448.0,780.0,273.0,762.0,395.0,611.0,477.0,387.0,650.0
132,709.0,814.0,254.0,543.0,313.0,483.0,396.0,611.0,425.0,538.0,507.0,329.0,473.0,721.0,489.0,530.0,581.0,868.0,788.0,686.0,249.0,378.0,723.0,679.0,501.0,751.0,685.0,582.0,366.0,609.0,77.0,604.0,199.0,562.0,188.0,499.0,488.0,374.0,191.0,432.0,919.0,505.0,544.0,374.0,454.0,639.0,494.0,399.0,576.0,430.0,633.0,682.0,408.0,621.0,416.0,357.0,409.0,555.0,688.0,779.0,506.0,545.0,221.0,346.0,600.0,367.0,536.0,610.0,560.0,842.0,298.0,511.0,473.0,681.0,697.0,554.0,336.0,340.0,512.0,707.0,510.0,588.0,853.0,594.0,649.0,574.0,649.0,722.0,574.0,339.0,636.0,453.0,774.0,273.0,782.0,402.0,611.0,475.0,387.0,652.0
133,709.0,806.0,255.0,543.0,312.0,490.0,388.0,608.0,424.0,540.0,504.0,331.0,467.0,714.0,488.0,536.0,585.0,866.0,807.0,693.0,244.0,381.0,723.0,690.0,502.0,751.0,691.0,587.0,371.0,615.0,77.0,610.0,193.0,579.0,188.0,494.0,504.0,374.0,191.0,427.0,926.0,491.0,540.0,375.0,463.0,637.0,491.0,402.0,578.0,436.0,634.0,688.0,415.0,615.0,420.0,366.0,413.0,558.0,692.0,781.0,511.0,543.0,221.0,346.0,601.0,357.0,538.0,602.0,573.0,836.0,301.0,513.0,485.0,676.0,702.0,559.0,332.0,339.0,524.0,706.0,523.0,590.0,814.0,591.0,648.0,583.0,660.0,715.0,574.0,340.0,639.0,454.0,772.0,277.0,795.0,410.0,611.0,486.0,387.0,667.0
134,729.0,789.0,261.0,555.0,319.0,494.0,379.0,602.0,424.0,537.0,496.0,332.0,464.0,711.0,489.0,540.0,586.0,872.0,812.0,691.0,243.0,384.0,712.0,700.0,503.0,753.0,684.0,584.0,376.0,620.0,77.0,611.0,198.0,582.0,188.0,483.0,514.0,379.0,189.0,434.0,936.0,480.0,548.0,376.0,473.0,628.0,489.0,406.0,583.0,430.0,639.0,696.0,419.0,631.0,424.0,369.0,418.0,569.0,693.0,788.0,501.0,542.0,217.0,346.0,610.0,351.0,544.0,587.0,572.0,836.0,301.0,515.0,493.0,672.0,695.0,559.0,324.0,348.0,505.0,725.0,523.0,594.0,831.0,590.0,640.0,582.0,661.0,715.0,572.0,340.0,646.0,462.0,783.0,279.0,772.0,419.0,615.0,480.0,390.0,670.0
135,731.0,787.0,255.0,551.0,323.0,497.0,373.0,602.0,424.0,531.0,487.0,333.0,465.0,705.0,491.0,536.0,586.0,864.0,806.0,690.0,243.0,387.0,734.0,710.0,501.0,763.0,694.0,584.0,380.0,620.0,77.0,611.0,198.0,582.0,190.0,473.0,519.0,391.0,189.0,429.0,943.0,482.0,542.0,370.0,480.0,628.0,502.0,411.0,575.0,424.0,641.0,690.0,426.0,635.0,424.0,371.0,423.0,567.0,698.0,790.0,500.0,541.0,217.0,343.0,616.0,347.0,552.0,578.0,580.0,832.0,300.0,519.0,492.0,668.0,693.0,568.0,297.0,352.0,490.0,733.0,513.0,596.0,838.0,595.0,641.0,593.0,653.0,716.0,568.0,340.0,652.0,461.0,791.0,279.0,783.0,427.0,621.0,479.0,390.0,676.0
136,741.0,797.0,255.0,553.0,325.0,501.0,373.0,594.0,429.0,526.0,489.0,334.0,465.0,696.0,499.0,532.0,596.0,859.0,807.0,692.0,243.0,388.0,739.0,721.0,498.0,767.0,697.0,587.0,384.0,620.0,75.0,615.0,198.0,573.0,192.0,458.0,524.0,397.0,186.0,424.0,949.0,473.0,548.0,363.0,485.0,628.0,496.0,416.0,574.0,423.0,642.0,684.0,428.0,637.0,424.0,372.0,424.0,566.0,699.0,787.0,495.0,540.0,212.0,342.0,620.0,338.0,554.0,596.0,580.0,826.0,297.0,524.0,491.0,663.0,689.0,570.0,274.0,356.0,479.0,743.0,508.0,593.0,849.0,590.0,640.0,597.0,659.0,734.0,580.0,341.0,674.0,461.0,795.0,284.0,790.0,436.0,621.0,491.0,386.0,677.0
137,743.0,783.0,260.0,546.0,325.0,505.0,373.0,591.0,432.0,536.0,485.0,337.0,462.0,687.0,505.0,531.0,601.0,859.0,814.0,710.0,243.0,388.0,730.0,731.0,496.0,768.0,702.0,595.0,386.0,620.0,75.0,610.0,198.0,579.0,192.0,463.0,521.0,400.0,183.0,422.0,957.0,461.0,550.0,361.0,488.0,628.0,489.0,423.0,567.0,423.0,647.0,684.0,435.0,645.0,424.0,335.0,426.0,572.0,703.0,801.0,493.0,539.0,217.0,342.0,619.0,336.0,552.0,596.0,581.0,837.0,302.0,528.0,490.0,657.0,688.0,566.0,274.0,357.0,479.0,745.0,503.0,588.0,852.0,595.0,639.0,598.0,655.0,744.0,585.0,342.0,680.0,458.0,789.0,285.0,794.0,436.0,621.0,494.0,380.0,671.0
138,736.0,775.0,259.0,542.0,334.0,499.0,373.0,586.0,435.0,545.0,479.0,341.0,468.0,677.0,510.0,528.0,605.0,852.0,819.0,699.0,242.0,396.0,728.0,732.0,495.0,766.0,702.0,601.0,378.0,620.0,75.0,636.0,195.0,577.0,177.0,457.0,518.0,400.0,175.0,417.0,972.0,458.0,561.0,359.0,491.0,628.0,496.0,428.0,536.0,422.0,652.0,698.0,446.0,645.0,427.0,335.0,427.0,566.0,710.0,815.0,498.0,535.0,217.0,349.0,631.0,312.0,558.0,605.0,577.0,836.0,297.0,532.0,492.0,660.0,693.0,562.0,267.0,355.0,471.0,750.0,503.0,585.0,861.0,597.0,638.0,601.0,656.0,753.0,589.0,343.0,692.0,457.0,789.0,291.0,799.0,437.0,632.0,496.0,390.0,676.0
139,731.0,767.0,259.0,534.0,340.0,499.0,373.0,581.0,439.0,538.0,471.0,346.0,469.0,678.0,515.0,537.0,610.0,849.0,842.0,703.0,240.0,390.0,725.0,723.0,495.0,768.0,707.0,603.0,377.0,635.0,75.0,641.0,189.0,569.0,176.0,451.0,513.0,395.0,174.0,418.0,974.0,457.0,565.0,356.0,494.0,630.0,509.0,433.0,537.0,415.0,657.0,704.0,454.0,645.0,440.0,338.0,431.0,567.0,714.0,828.0,498.0,531.0,215.0,348.0,642.0,309.0,565.0,597.0,575.0,843.0,304.0,537.0,489.0,657.0,701.0,560.0,261.0,360.0,471.0,757.0,500.0,585.0,861.0,599.0,639.0,602.0,654.0,750.0,582.0,346.0,691.0,428.0,803.0,293.0,807.0,435.0,637.0,499.0,392.0,687.0
140,730.0,770.0,257.0,535.0,346.0,496.0,369.0,578.0,442.0,539.0,473.0,353.0,471.0,665.0,520.0,550.0,611.0,840.0,855.0,698.0,240.0,399.0,730.0,740.0,496.0,776.0,704.0,604.0,376.0,632.0,75.0,643.0,190.0,564.0,176.0,445.0,511.0,391.0,173.0,417.0,976.0,453.0,569.0,365.0,492.0,633.0,511.0,437.0,543.0,407.0,657.0,696.0,456.0,639.0,434.0,344.0,434.0,536.0,715.0,832.0,499.0,529.0,216.0,350.0,649.0,309.0,570.0,602.0,575.0,841.0,307.0,542.0,488.0,659.0,704.0,573.0,259.0,357.0,456.0,764.0,497.0,594.0,862.0,593.0,641.0,613.0,648.0,757.0,591.0,350.0,698.0,423.0,805.0,296.0,811.0,446.0,638.0,502.0,383.0,686.0
141,730.0,763.0,257.0,532.0,349.0,505.0,365.0,572.0,442.0,541.0,469.0,352.0,472.0,657.0,521.0,556.0,620.0,850.0,867.0,706.0,214.0,400.0,732.0,748.0,498.0,777.0,705.0,604.0,376.0,637.0,74.0,649.0,188.0,567.0,176.0,435.0,511.0,402.0,173.0,415.0,972.0,449.0,563.0,362.0,492.0,637.0,515.0,440.0,548.0,406.0,665.0,692.0,459.0,636.0,419.0,319.0,444.0,542.0,726.0,834.0,499.0,529.0,213.0,346.0,655.0,271.0,578.0,564.0,572.0,846.0,305.0,546.0,502.0,660.0,704.0,569.0,259.0,357.0,439.0,778.0,496.0,592.0,865.0,596.0,642.0,620.0,652.0,765.0,594.0,351.0,709.0,420.0,812.0,295.0,819.0,446.0,642.0,502.0,378.0,687.0
142,739.0,750.0,258.0,528.0,351.0,508.0,358.0,572.0,443.0,553.0,465.0,352.0,475.0,647.0,526.0,556.0,623.0,851.0,879.0,713.0,214.0,406.0,729.0,764.0,499.0,774.0,700.0,611.0,370.0,636.0,74.0,643.0,188.0,561.0,184.0,427.0,505.0,395.0,173.0,408.0,972.0,445.0,565.0,366.0,484.0,640.0,518.0,442.0,556.0,401.0,676.0,688.0,463.0,631.0,433.0,322.0,450.0,547.0,735.0,838.0,503.0,525.0,213.0,351.0,656.0,273.0,586.0,563.0,569.0,859.0,301.0,551.0,496.0,661.0,706.0,575.0,253.0,359.0,409.0,792.0,494.0,598.0,878.0,602.0,646.0,621.0,651.0,764.0,587.0,358.0,715.0,420.0,810.0,299.0,818.0,451.0,637.0,509.0,378.0,696.0
143,741.0,741.0,261.0,524.0,364.0,508.0,356.0,566.0,451.0,558.0,462.0,354.0,477.0,652.0,527.0,555.0,632.0,846.0,893.0,713.0,217.0,409.0,724.0,762.0,500.0,784.0,709.0,614.0,371.0,629.0,74.0,644.0,182.0,560.0,188.0,421.0,505.0,401.0,173.0,410.0,981.0,438.0,560.0,357.0,484.0,642.0,522.0,446.0,562.0,395.0,674.0,701.0,463.0,633.0,439.0,322.0,457.0,550.0,734.0,846.0,507.0,518.0,213.0,352.0,664.0,264.0,577.0,570.0,569.0,867.0,301.0,554.0,496.0,658.0,703.0,571.0,245.0,358.0,369.0,807.0,492.0,600.0,889.0,605.0,647.0,620.0,664.0,764.0,587.0,360.0,720.0,413.0,775.0,276.0,834.0,451.0,633.0,507.0,378.0,693.0
144,757.0,746.0,264.0,521.0,365.0,513.0,353.0,559.0,455.0,563.0,460.0,358.0,481.0,650.0,533.0,553.0,628.0,853.0,900.0,714.0,219.0,412.0,722.0,756.0,501.0,777.0,709.0,622.0,366.0,632.0,74.0,637.0,182.0,565.0,192.0,417.0,499.0,395.0,173.0,404.0,985.0,434.0,573.0,359.0,493.0,643.0,522.0,449.0,555.0,392.0,682.0,707.0,479.0,635.0,446.0,307.0,462.0,554.0,728.0,855.0,509.0,511.0,213.0,346.0,664.0,259.0,575.0,572.0,578.0,858.0,300.0,559.0,496.0,647.0,701.0,577.0,245.0,356.0,327.0,818.0,490.0,603.0,906.0,607.0,650.0,632.0,670.0,764.0,577.0,370.0,723.0,413.0,781.0,276.0,850.0,448.0,627.0,507.0,370.0,695.0
145,768.0,743.0,266.0,517.0,374.0,512.0,349.0,559.0,457.0,551.0,453.0,362.0,487.0,637.0,539.0,558.0,621.0,853.0,895.0,706.0,219.0,415.0,730.0,762.0,503.0,775.0,712.0,623.0,371.0,631.0,74.0,634.0,182.0,563.0,193.0,410.0,503.0,399.0,173.0,407.0,981.0,431.0,577.0,353.0,498.0,645.0,518.0,449.0,563.0,383.0,679.0,701.0,486.0,638.0,445.0,307.0,467.0,559.0,733.0,867.0,512.0,521.0,213.0,349.0,666.0,259.0,588.0,573.0,578.0,858.0,306.0,558.0,502.0,646.0,698.0,576.0,241.0,356.0,317.0,815.0,489.0,608.0,918.0,606.0,656.0,630.0,676.0,776.0,587.0,377.0,726.0,416.0,775.0,272.0,861.0,443.0,623.0,511.0,363.0,703.0
146,782.0,742.0,265.0,514.0,374.0,516.0,340.0,552.0,458.0,566.0,453.0,358.0,493.0,640.0,532.0,564.0,628.0,857.0,889.0,695.0,219.0,418.0,736.0,766.0,505.0,793.0,714.0,619.0,367.0,642.0,73.0,651.0,182.0,565.0,193.0,401.0,497.0,399.0,173.0,403.0,988.0,428.0,573.0,348.0,504.0,648.0,528.0,445.0,562.0,383.0,684.0,699.0,493.0,641.0,452.0,307.0,470.0,563.0,730.0,873.0,509.0,521.0,213.0,343.0,669.0,260.0,592.0,574.0,576.0,877.0,307.0,565.0,499.0,652.0,691.0,580.0,241.0,355.0,314.0,811.0,489.0,615.0,928.0,609.0,663.0,629.0,681.0,783.0,582.0,384.0,734.0,413.0,782.0,272.0,871.0,439.0,632.0,517.0,360.0,707.0
147,795.0,741.0,263.0,512.0,386.0,526.0,333.0,549.0,451.0,562.0,451.0,357.0,500.0,635.0,534.0,559.0,623.0,859.0,910.0,686.0,221.0,421.0,733.0,771.0,508.0,795.0,724.0,625.0,365.0,645.0,70.0,648.0,184.0,561.0,195.0,394.0,497.0,394.0,173.0,406.0,988.0,425.0,579.0,345.0,507.0,652.0,535.0,445.0,558.0,383.0,692.0,693.0,495.0,643.0,445.0,307.0,476.0,568.0,731.0,880.0,509.0,521.0,213.0,341.0,668.0,260.0,589.0,575.0,581.0,875.0,307.0,568.0,508.0,653.0,682.0,580.0,241.0,357.0,314.0,825.0,490.0,624.0,937.0,615.0,671.0,636.0,675.0,796.0,570.0,392.0,732.0,412.0,801.0,272.0,876.0,435.0,631.0,519.0,354.0,712.0
148,808.0,741.0,263.0,511.0,388.0,533.0,337.0,542.0,441.0,567.0,450.0,354.0,499.0,635.0,531.0,552.0,633.0,855.0,925.0,678.0,219.0,422.0,739.0,768.0,508.0,806.0,732.0,624.0,363.0,644.0,70.0,641.0,184.0,559.0,197.0,383.0,491.0,392.0,173.0,406.0,990.0,422.0,587.0,348.0,505.0,657.0,539.0,445.0,553.0,380.0,698.0,708.0,502.0,647.0,447.0,307.0,478.0,567.0,742.0,875.0,502.0,513.0,213.0,344.0,668.0,260.0,598.0,577.0,581.0,887.0,307.0,575.0,511.0,644.0,683.0,580.0,241.0,361.0,307.0,839.0,491.0,634.0,938.0,618.0,679.0,645.0,690.0,794.0,567.0,394.0,729.0,414.0,807.0,272.0,879.0,436.0,636.0,529.0,347.0,710.0
149,804.0,742.0,265.0,453.0,392.0,541.0,337.0,546.0,452.0,563.0,449.0,351.0,497.0,634.0,533.0,548.0,633.0,850.0,935.0,689.0,219.0,428.0,742.0,775.0,508.0,808.0,731.0,623.0,363.0,642.0,70.0,650.0,184.0,559.0,191.0,383.0,485.0,395.0,173.0,407.0,981.0,422.0,585.0,347.0,508.0,662.0,541.0,449.0,548.0,372.0,700.0,709.0,500.0,651.0,443.0,315.0,481.0,566.0,736.0,872.0,502.0,513.0,205.0,344.0,683.0,260.0,603.0,579.0,592.0,878.0,310.0,580.0,512.0,637.0,676.0,579.0,238.0,364.0,300.0,838.0,493.0,633.0,955.0,624.0,678.0,638.0,693.0,812.0,575.0,395.0,730.0,427.0,805.0,272.0,888.0,440.0,636.0,534.0,339.0,721.0
150,755.0,741.0,266.0,453.0,394.0,541.0,336.0,536.0,452.0,574.0,449.0,343.0,487.0,633.0,532.0,550.0,645.0,844.0,938.0,691.0,219.0,428.0,738.0,777.0,520.0,817.0,731.0,631.0,353.0,650.0,70.0,646.0,184.0,561.0,190.0,374.0,475.0,393.0,173.0,408.0,985.0,421.0,598.0,346.0,520.0,667.0,542.0,454.0,543.0,375.0,699.0,709.0,492.0,651.0,442.0,321.0,484.0,577.0,747.0,865.0,517.0,513.0,203.0,345.0,691.0,258.0,599.0,582.0,588.0,888.0,307.0,586.0,513.0,640.0,691.0,570.0,238.0,361.0,296.0,848.0,495.0,627.0,951.0,621.0,687.0,633.0,691.0,815.0,571.0,392.0,730.0,411.0,822.0,277.0,891.0,439.0,629.0,535.0,331.0,728.0
151,767.0,746.0,270.0,454.0,387.0,548.0,334.0,531.0,452.0,569.0,450.0,354.0,502.0,632.0,532.0,556.0,650.0,857.0,937.0,692.0,229.0,428.0,738.0,791.0,517.0,808.0,684.0,638.0,346.0,653.0,70.0,645.0,183.0,556.0,187.0,366.0,486.0,389.0,169.0,409.0,988.0,422.0,599.0,346.0,529.0,673.0,538.0,444.0,535.0,371.0,699.0,702.0,492.0,644.0,439.0,324.0,496.0,575.0,755.0,863.0,514.0,515.0,203.0,345.0,687.0,258.0,593.0,583.0,591.0,882.0,309.0,590.0,504.0,644.0,692.0,575.0,235.0,361.0,290.0,861.0,499.0,640.0,954.0,630.0,702.0,639.0,691.0,817.0,571.0,400.0,745.0,411.0,828.0,278.0,896.0,436.0,626.0,531.0,329.0,719.0
152,783.0,741.0,274.0,457.0,385.0,565.0,332.0,522.0,453.0,572.0,453.0,356.0,501.0,632.0,543.0,547.0,654.0,860.0,942.0,689.0,225.0,436.0,746.0,788.0,515.0,782.0,684.0,637.0,342.0,660.0,70.0,640.0,179.0,556.0,187.0,364.0,482.0,384.0,161.0,411.0,1008.0,423.0,607.0,345.0,525.0,678.0,537.0,449.0,549.0,370.0,711.0,708.0,492.0,592.0,445.0,325.0,497.0,573.0,762.0,861.0,524.0,517.0,203.0,340.0,678.0,258.0,594.0,588.0,596.0,862.0,315.0,593.0,501.0,645.0,686.0,585.0,235.0,362.0,284.0,864.0,505.0,642.0,962.0,630.0,707.0,644.0,686.0,827.0,570.0,392.0,755.0,407.0,828.0,273.0,909.0,436.0,624.0,532.0,329.0,722.0
153,797.0,742.0,276.0,459.0,385.0,565.0,330.0,521.0,452.0,572.0,446.0,356.0,496.0,635.0,533.0,553.0,658.0,859.0,943.0,682.0,222.0,441.0,750.0,793.0,529.0,792.0,684.0,645.0,341.0,658.0,70.0,650.0,179.0,559.0,187.0,360.0,480.0,384.0,161.0,411.0,1020.0,424.0,611.0,339.0,540.0,628.0,537.0,456.0,552.0,369.0,719.0,710.0,490.0,584.0,446.0,337.0,500.0,583.0,763.0,831.0,522.0,517.0,203.0,340.0,689.0,259.0,607.0,591.0,594.0,872.0,316.0,593.0,492.0,650.0,686.0,585.0,231.0,371.0,278.0,864.0,505.0,640.0,982.0,633.0,704.0,637.0,703.0,833.0,578.0,397.0,758.0,404.0,840.0,276.0,904.0,430.0,624.0,529.0,329.0,737.0
154,812.0,751.0,282.0,412.0,391.0,563.0,327.0,524.0,452.0,569.0,446.0,354.0,495.0,635.0,540.0,554.0,662.0,856.0,965.0,680.0,220.0,448.0,754.0,802.0,533.0,794.0,681.0,649.0,339.0,659.0,70.0,654.0,182.0,555.0,187.0,355.0,474.0,383.0,141.0,415.0,1019.0,427.0,607.0,343.0,543.0,633.0,543.0,460.0,552.0,364.0,730.0,706.0,503.0,595.0,447.0,344.0,495.0,578.0,780.0,827.0,527.0,513.0,203.0,341.0,681.0,262.0,616.0,560.0,602.0,875.0,315.0,590.0,477.0,660.0,680.0,585.0,232.0,373.0,272.0,878.0,502.0,647.0,994.0,644.0,710.0,597.0,702.0,845.0,581.0,397.0,755.0,385.0,846.0,274.0,894.0,427.0,623.0,549.0,329.0,739.0
155,825.0,740.0,289.0,418.0,391.0,557.0,327.0,522.0,452.0,581.0,447.0,353.0,492.0,621.0,538.0,555.0,669.0,859.0,975.0,685.0,220.0,454.0,761.0,807.0,533.0,798.0,699.0,649.0,346.0,659.0,70.0,654.0,180.0,565.0,185.0,348.0,469.0,393.0,141.0,416.0,1026.0,429.0,614.0,343.0,544.0,633.0,530.0,460.0,552.0,364.0,738.0,703.0,507.0,595.0,447.0,338.0,490.0,578.0,794.0,840.0,517.0,505.0,203.0,339.0,680.0,263.0,618.0,567.0,588.0,875.0,314.0,605.0,480.0,666.0,680.0,592.0,228.0,377.0,272.0,871.0,512.0,647.0,977.0,650.0,709.0,597.0,702.0,842.0,583.0,401.0,761.0,382.0,842.0,274.0,900.0,441.0,620.0,555.0,329.0,744.0
156,830.0,747.0,291.0,426.0,388.0,567.0,327.0,520.0,442.0,584.0,450.0,352.0,492.0,608.0,538.0,556.0,676.0,869.0,985.0,680.0,221.0,454.0,765.0,801.0,533.0,804.0,705.0,648.0,343.0,659.0,69.0,659.0,180.0,570.0,189.0,347.0,458.0,393.0,131.0,419.0,1031.0,433.0,613.0,344.0,542.0,633.0,535.0,460.0,553.0,364.0,728.0,712.0,507.0,597.0,447.0,346.0,496.0,576.0,807.0,838.0,514.0,514.0,196.0,339.0,696.0,261.0,612.0,575.0,591.0,874.0,317.0,601.0,486.0,663.0,674.0,594.0,224.0,376.0,264.0,876.0,517.0,645.0,968.0,657.0,722.0,613.0,697.0,855.0,586.0,399.0,757.0,382.0,850.0,276.0,917.0,405.0,623.0,559.0,325.0,748.0
157,843.0,727.0,294.0,435.0,386.0,563.0,327.0,517.0,433.0,577.0,448.0,351.0,492.0,601.0,538.0,559.0,683.0,876.0,986.0,682.0,221.0,456.0,754.0,814.0,535.0,802.0,711.0,649.0,345.0,659.0,69.0,665.0,180.0,573.0,189.0,344.0,463.0,389.0,124.0,428.0,1037.0,418.0,603.0,344.0,546.0,640.0,539.0,469.0,549.0,364.0,736.0,713.0,509.0,609.0,447.0,341.0,507.0,580.0,818.0,836.0,513.0,515.0,192.0,339.0,702.0,264.0,607.0,584.0,592.0,873.0,318.0,610.0,487.0,672.0,668.0,593.0,224.0,380.0,258.0,894.0,522.0,642.0,977.0,665.0,727.0,624.0,700.0,858.0,589.0,396.0,776.0,385.0,846.0,271.0,925.0,402.0,620.0,554.0,323.0,745.0
158,854.0,722.0,286.0,443.0,394.0,564.0,328.0,515.0,421.0,579.0,452.0,347.0,500.0,607.0,531.0,563.0,689.0,876.0,989.0,689.0,216.0,458.0,767.0,819.0,538.0,808.0,712.0,646.0,343.0,659.0,58.0,670.0,177.0,580.0,185.0,339.0,455.0,389.0,122.0,432.0,1043.0,422.0,596.0,345.0,545.0,645.0,546.0,480.0,549.0,363.0,745.0,709.0,507.0,614.0,440.0,341.0,511.0,575.0,824.0,833.0,507.0,517.0,189.0,342.0,689.0,266.0,615.0,592.0,600.0,884.0,319.0,604.0,483.0,677.0,674.0,599.0,219.0,382.0,258.0,904.0,526.0,642.0,983.0,672.0,733.0,630.0,696.0,862.0,592.0,395.0,770.0,390.0,859.0,276.0,932.0,395.0,625.0,550.0,317.0,744.0
159,865.0,709.0,286.0,450.0,397.0,569.0,328.0,514.0,413.0,576.0,454.0,359.0,501.0,608.0,531.0,570.0,696.0,886.0,984.0,685.0,214.0,458.0,766.0,826.0,540.0,814.0,715.0,661.0,340.0,653.0,46.0,680.0,177.0,579.0,181.0,336.0,455.0,387.0,120.0,434.0,1052.0,427.0,586.0,344.0,543.0,643.0,554.0,483.0,552.0,366.0,755.0,702.0,517.0,618.0,454.0,338.0,514.0,575.0,820.0,837.0,507.0,519.0,185.0,346.0,703.0,266.0,613.0,601.0,602.0,889.0,312.0,617.0,483.0,681.0,670.0,603.0,219.0,385.0,258.0,895.0,530.0,644.0,991.0,668.0,732.0,632.0,694.0,861.0,597.0,392.0,785.0,391.0,863.0,276.0,932.0,392.0,628.0,560.0,321.0,756.0
160,878.0,714.0,285.0,454.0,401.0,569.0,330.0,513.0,407.0,580.0,457.0,362.0,501.0,607.0,524.0,569.0,702.0,882.0,985.0,683.0,214.0,461.0,765.0,827.0,535.0,828.0,708.0,667.0,335.0,669.0,46.0,677.0,174.0,588.0,181.0,332.0,451.0,386.0,117.0,436.0,1055.0,432.0,580.0,349.0,547.0,650.0,562.0,478.0,554.0,363.0,767.0,703.0,516.0,619.0,459.0,346.0,518.0,589.0,815.0,848.0,502.0,520.0,188.0,349.0,706.0,266.0,612.0,607.0,604.0,896.0,309.0,613.0,482.0,688.0,670.0,606.0,214.0,384.0,252.0,904.0,534.0,640.0,1011.0,664.0,734.0,638.0,704.0,855.0,601.0,391.0,784.0,389.0,860.0,273.0,927.0,385.0,619.0,560.0,316.0,753.0
161,893.0,720.0,285.0,459.0,405.0,566.0,337.0,514.0,407.0,572.0,454.0,360.0,504.0,606.0,522.0,569.0,712.0,876.0,973.0,686.0,214.0,471.0,766.0,833.0,535.0,837.0,706.0,672.0,335.0,671.0,36.0,689.0,173.0,592.0,185.0,328.0,451.0,386.0,117.0,438.0,1065.0,437.0,573.0,349.0,548.0,658.0,570.0,475.0,555.0,353.0,780.0,711.0,512.0,627.0,464.0,347.0,518.0,593.0,825.0,855.0,511.0,520.0,183.0,346.0,709.0,266.0,608.0,615.0,599.0,904.0,309.0,616.0,483.0,696.0,661.0,606.0,214.0,384.0,246.0,901.0,538.0,646.0,1025.0,668.0,727.0,648.0,709.0,848.0,607.0,390.0,788.0,389.0,857.0,275.0,946.0,385.0,609.0,562.0,309.0,752.0
162,894.0,722.0,283.0,464.0,410.0,556.0,340.0,516.0,402.0,564.0,458.0,360.0,501.0,606.0,523.0,567.0,721.0,869.0,992.0,687.0,210.0,475.0,774.0,841.0,534.0,845.0,698.0,671.0,330.0,674.0,36.0,695.0,173.0,595.0,176.0,326.0,442.0,385.0,117.0,442.0,1065.0,442.0,584.0,351.0,550.0,674.0,576.0,476.0,563.0,358.0,795.0,715.0,508.0,629.0,472.0,346.0,515.0,598.0,839.0,860.0,512.0,514.0,183.0,350.0,703.0,267.0,607.0,622.0,599.0,909.0,311.0,618.0,485.0,702.0,654.0,611.0,212.0,381.0,242.0,913.0,543.0,656.0,1033.0,664.0,729.0,657.0,711.0,844.0,603.0,387.0,784.0,399.0,860.0,275.0,939.0,380.0,610.0,557.0,309.0,753.0
163,904.0,723.0,276.0,453.0,417.0,552.0,336.0,518.0,408.0,581.0,455.0,358.0,499.0,594.0,522.0,578.0,717.0,872.0,1010.0,674.0,207.0,479.0,772.0,843.0,542.0,848.0,708.0,679.0,334.0,670.0,36.0,698.0,170.0,596.0,183.0,309.0,442.0,385.0,117.0,446.0,1063.0,445.0,583.0,357.0,550.0,676.0,578.0,480.0,561.0,351.0,806.0,718.0,518.0,621.0,471.0,346.0,529.0,595.0,845.0,864.0,514.0,514.0,183.0,352.0,710.0,268.0,610.0,631.0,591.0,896.0,311.0,611.0,484.0,710.0,649.0,615.0,210.0,385.0,239.0,915.0,547.0,662.0,1042.0,658.0,742.0,663.0,718.0,843.0,611.0,385.0,777.0,405.0,869.0,270.0,930.0,380.0,613.0,566.0,309.0,750.0
164,906.0,715.0,290.0,458.0,423.0,545.0,340.0,522.0,406.0,575.0,458.0,352.0,508.0,593.0,526.0,579.0,717.0,873.0,1020.0,674.0,202.0,482.0,779.0,838.0,540.0,833.0,711.0,675.0,326.0,677.0,36.0,698.0,170.0,595.0,183.0,306.0,437.0,379.0,117.0,450.0,1053.0,449.0,582.0,360.0,552.0,675.0,578.0,477.0,558.0,347.0,818.0,725.0,513.0,613.0,459.0,343.0,528.0,603.0,846.0,869.0,515.0,525.0,183.0,346.0,713.0,270.0,617.0,632.0,587.0,906.0,309.0,602.0,484.0,712.0,658.0,620.0,210.0,375.0,239.0,935.0,541.0,651.0,1042.0,660.0,742.0,673.0,727.0,843.0,616.0,397.0,767.0,409.0,857.0,270.0,922.0,380.0,611.0,566.0,305.0,748.0
165,941.0,703.0,292.0,463.0,428.0,545.0,342.0,525.0,400.0,570.0,461.0,348.0,512.0,592.0,518.0,584.0,717.0,884.0,1009.0,674.0,202.0,477.0,774.0,838.0,546.0,828.0,714.0,675.0,326.0,671.0,36.0,710.0,170.0,589.0,182.0,298.0,428.0,381.0,117.0,453.0,1050.0,449.0,582.0,362.0,547.0,683.0,590.0,477.0,555.0,345.0,831.0,715.0,509.0,607.0,454.0,343.0,529.0,596.0,843.0,875.0,517.0,528.0,183.0,343.0,708.0,271.0,616.0,643.0,584.0,918.0,315.0,596.0,483.0,714.0,665.0,624.0,210.0,375.0,234.0,943.0,552.0,645.0,1036.0,662.0,750.0,674.0,728.0,842.0,620.0,401.0,758.0,410.0,869.0,269.0,910.0,376.0,611.0,568.0,301.0,755.0
166,961.0,717.0,291.0,468.0,433.0,534.0,342.0,526.0,393.0,577.0,463.0,342.0,516.0,596.0,514.0,585.0,738.0,889.0,1005.0,678.0,202.0,485.0,788.0,858.0,549.0,837.0,718.0,679.0,330.0,672.0,34.0,718.0,170.0,589.0,181.0,298.0,420.0,381.0,117.0,457.0,1057.0,456.0,582.0,363.0,549.0,687.0,598.0,478.0,560.0,345.0,845.0,727.0,506.0,624.0,450.0,343.0,528.0,606.0,856.0,882.0,519.0,530.0,183.0,348.0,722.0,271.0,618.0,650.0,589.0,934.0,316.0,587.0,485.0,716.0,669.0,629.0,210.0,375.0,229.0,953.0,558.0,641.0,1047.0,672.0,754.0,676.0,726.0,841.0,625.0,405.0,748.0,415.0,880.0,269.0,905.0,376.0,611.0,578.0,296.0,760.0
167,959.0,714.0,290.0,475.0,439.0,524.0,343.0,527.0,390.0,574.0,463.0,342.0,519.0,589.0,520.0,585.0,732.0,894.0,986.0,679.0,200.0,485.0,793.0,858.0,554.0,850.0,716.0,675.0,330.0,668.0,30.0,715.0,163.0,582.0,175.0,294.0,417.0,378.0,117.0,456.0,1053.0,451.0,572.0,362.0,554.0,686.0,588.0,478.0,560.0,345.0,859.0,732.0,499.0,617.0,445.0,343.0,534.0,607.0,864.0,877.0,522.0,532.0,183.0,348.0,720.0,271.0,609.0,649.0,590.0,930.0,318.0,581.0,487.0,724.0,663.0,629.0,210.0,383.0,229.0,945.0,552.0,638.0,1039.0,675.0,748.0,671.0,724.0,836.0,629.0,399.0,736.0,417.0,878.0,269.0,892.0,375.0,610.0,574.0,293.0,759.0
168,973.0,715.0,290.0,482.0,447.0,515.0,343.0,529.0,385.0,569.0,469.0,336.0,524.0,587.0,522.0,588.0,738.0,900.0,978.0,681.0,198.0,489.0,798.0,861.0,551.0,850.0,716.0,672.0,330.0,672.0,30.0,722.0,163.0,596.0,173.0,293.0,414.0,378.0,117.0,465.0,1050.0,451.0,564.0,359.0,556.0,676.0,586.0,478.0,562.0,339.0,873.0,738.0,509.0,612.0,440.0,343.0,533.0,603.0,873.0,882.0,518.0,533.0,183.0,348.0,720.0,274.0,606.0,648.0,595.0,944.0,318.0,569.0,490.0,722.0,670.0,629.0,210.0,376.0,226.0,940.0,564.0,628.0,1043.0,677.0,738.0,673.0,723.0,840.0,633.0,400.0,721.0,423.0,895.0,269.0,886.0,382.0,614.0,569.0,290.0,764.0
169,976.0,718.0,294.0,489.0,439.0,499.0,344.0,531.0,379.0,560.0,469.0,323.0,519.0,577.0,516.0,591.0,733.0,908.0,966.0,677.0,198.0,494.0,798.0,857.0,551.0,860.0,720.0,672.0,330.0,672.0,30.0,721.0,163.0,599.0,169.0,293.0,405.0,384.0,117.0,468.0,1049.0,451.0,554.0,358.0,553.0,686.0,599.0,473.0,562.0,325.0,889.0,746.0,510.0,604.0,435.0,341.0,536.0,604.0,876.0,882.0,518.0,533.0,181.0,348.0,734.0,277.0,604.0,641.0,591.0,948.0,325.0,563.0,493.0,722.0,673.0,629.0,209.0,381.0,221.0,932.0,562.0,649.0,1035.0,674.0,731.0,665.0,743.0,837.0,640.0,399.0,711.0,423.0,894.0,272.0,871.0,384.0,614.0,572.0,289.0,762.0
170,978.0,721.0,293.0,497.0,440.0,499.0,345.0,533.0,379.0,557.0,466.0,321.0,522.0,576.0,521.0,593.0,735.0,918.0,953.0,684.0,198.0,494.0,799.0,857.0,560.0,858.0,720.0,684.0,324.0,674.0,30.0,728.0,163.0,600.0,166.0,289.0,401.0,386.0,117.0,466.0,1062.0,456.0,547.0,362.0,552.0,687.0,599.0,467.0,568.0,320.0,904.0,746.0,510.0,603.0,439.0,348.0,530.0,613.0,876.0,887.0,512.0,533.0,176.0,344.0,728.0,282.0,610.0,638.0,589.0,956.0,328.0,558.0,497.0,730.0,644.0,648.0,209.0,382.0,221.0,926.0,560.0,647.0,1033.0,674.0,720.0,663.0,750.0,837.0,638.0,404.0,716.0,433.0,894.0,273.0,861.0,387.0,614.0,569.0,281.0,765.0
171,988.0,715.0,289.0,508.0,439.0,485.0,344.0,536.0,379.0,559.0,468.0,318.0,514.0,586.0,521.0,539.0,733.0,929.0,950.0,689.0,195.0,494.0,798.0,858.0,556.0,858.0,732.0,686.0,324.0,646.0,30.0,730.0,160.0,600.0,166.0,289.0,406.0,388.0,115.0,470.0,1077.0,458.0,538.0,360.0,563.0,687.0,603.0,467.0,573.0,314.0,919.0,757.0,510.0,612.0,431.0,352.0,526.0,609.0,898.0,891.0,531.0,537.0,176.0,344.0,732.0,288.0,613.0,654.0,586.0,958.0,331.0,563.0,500.0,738.0,639.0,660.0,207.0,382.0,217.0,922.0,561.0,638.0,1034.0,675.0,718.0,657.0,753.0,849.0,638.0,405.0,706.0,435.0,897.0,271.0,848.0,389.0,617.0,564.0,281.0,764.0
172,995.0,718.0,285.0,516.0,439.0,471.0,343.0,539.0,352.0,555.0,465.0,315.0,516.0,587.0,476.0,531.0,745.0,940.0,938.0,694.0,197.0,464.0,800.0,858.0,559.0,854.0,739.0,686.0,325.0,640.0,30.0,724.0,159.0,600.0,166.0,287.0,401.0,389.0,114.0,480.0,1081.0,457.0,525.0,357.0,567.0,686.0,600.0,471.0,579.0,320.0,920.0,764.0,510.0,618.0,426.0,351.0,525.0,615.0,897.0,897.0,531.0,534.0,176.0,349.0,735.0,291.0,617.0,662.0,584.0,958.0,337.0,553.0,498.0,742.0,639.0,665.0,207.0,383.0,213.0,915.0,567.0,636.0,1049.0,675.0,714.0,677.0,757.0,852.0,643.0,403.0,699.0,435.0,909.0,276.0,857.0,384.0,615.0,572.0,281.0,765.0
173,1003.0,714.0,282.0,522.0,436.0,457.0,341.0,535.0,352.0,553.0,464.0,307.0,515.0,582.0,474.0,524.0,740.0,946.0,923.0,699.0,194.0,469.0,796.0,851.0,561.0,853.0,749.0,680.0,321.0,639.0,30.0,725.0,155.0,599.0,166.0,285.0,400.0,392.0,114.0,485.0,1094.0,468.0,521.0,357.0,520.0,686.0,602.0,476.0,570.0,295.0,923.0,772.0,512.0,622.0,421.0,360.0,522.0,620.0,910.0,911.0,538.0,543.0,176.0,351.0,747.0,295.0,619.0,664.0,582.0,956.0,339.0,551.0,500.0,748.0,641.0,677.0,203.0,381.0,196.0,911.0,584.0,636.0,1058.0,673.0,715.0,683.0,747.0,855.0,648.0,404.0,685.0,433.0,916.0,279.0,840.0,391.0,615.0,582.0,281.0,760.0
174,1008.0,711.0,275.0,531.0,428.0,460.0,344.0,546.0,352.0,550.0,464.0,304.0,516.0,570.0,470.0,534.0,753.0,958.0,913.0,674.0,190.0,477.0,792.0,855.0,561.0,866.0,744.0,674.0,323.0,648.0,30.0,727.0,157.0,601.0,166.0,282.0,398.0,398.0,112.0,485.0,1095.0,471.0,515.0,359.0,526.0,679.0,603.0,482.0,563.0,293.0,935.0,770.0,509.0,629.0,414.0,361.0,522.0,623.0,919.0,913.0,530.0,543.0,174.0,353.0,755.0,299.0,619.0,668.0,588.0,965.0,341.0,547.0,495.0,731.0,647.0,672.0,201.0,378.0,191.0,924.0,593.0,640.0,1060.0,686.0,704.0,683.0,741.0,848.0,647.0,404.0,692.0,433.0,924.0,280.0,830.0,394.0,608.0,586.0,278.0,760.0
175,1013.0,714.0,283.0,536.0,424.0,452.0,344.0,553.0,352.0,500.0,471.0,304.0,519.0,558.0,471.0,534.0,746.0,954.0,905.0,677.0,190.0,478.0,791.0,869.0,564.0,873.0,755.0,674.0,326.0,648.0,30.0,743.0,156.0,615.0,166.0,277.0,399.0,408.0,112.0,488.0,1104.0,470.0,512.0,360.0,532.0,679.0,613.0,487.0,564.0,296.0,939.0,770.0,516.0,625.0,414.0,361.0,522.0,623.0,940.0,914.0,527.0,543.0,174.0,347.0,764.0,302.0,617.0,655.0,586.0,976.0,341.0,536.0,495.0,744.0,649.0,672.0,196.0,375.0,191.0,922.0,598.0,641.0,1071.0,689.0,692.0,679.0,741.0,849.0,650.0,404.0,679.0,426.0,921.0,280.0,830.0,392.0,608.0,592.0,278.0,759.0
176,1030.0,706.0,281.0,548.0,431.0,454.0,344.0,558.0,348.0,500.0,469.0,304.0,519.0,558.0,470.0,533.0,740.0,976.0,911.0,689.0,186.0,478.0,801.0,873.0,569.0,872.0,749.0,668.0,321.0,648.0,27.0,750.0,156.0,622.0,166.0,274.0,398.0,405.0,107.0,491.0,1110.0,466.0,508.0,355.0,536.0,680.0,616.0,491.0,561.0,296.0,953.0,776.0,509.0,617.0,414.0,361.0,524.0,617.0,948.0,914.0,517.0,539.0,168.0,347.0,766.0,302.0,613.0,663.0,582.0,984.0,316.0,532.0,504.0,758.0,652.0,672.0,193.0,370.0,186.0,914.0,595.0,632.0,1079.0,653.0,682.0,670.0,732.0,860.0,646.0,404.0,682.0,426.0,924.0,278.0,817.0,399.0,612.0,589.0,275.0,756.0
177,1038.0,718.0,277.0,557.0,432.0,454.0,345.0,552.0,338.0,503.0,467.0,302.0,519.0,550.0,480.0,532.0,730.0,991.0,907.0,697.0,186.0,479.0,807.0,875.0,571.0,876.0,759.0,665.0,322.0,648.0,27.0,748.0,156.0,611.0,166.0,276.0,396.0,401.0,105.0,495.0,1105.0,466.0,513.0,355.0,536.0,684.0,617.0,485.0,572.0,296.0,965.0,782.0,515.0,614.0,414.0,362.0,520.0,617.0,937.0,933.0,514.0,542.0,166.0,354.0,771.0,307.0,610.0,661.0,579.0,984.0,315.0,529.0,501.0,768.0,656.0,669.0,193.0,365.0,182.0,908.0,605.0,636.0,1075.0,654.0,689.0,685.0,730.0,857.0,645.0,404.0,680.0,419.0,925.0,271.0,810.0,397.0,611.0,586.0,274.0,769.0
178,1041.0,719.0,276.0,570.0,434.0,449.0,344.0,561.0,326.0,508.0,462.0,302.0,511.0,544.0,478.0,544.0,729.0,1004.0,904.0,703.0,186.0,480.0,804.0,878.0,574.0,879.0,759.0,673.0,322.0,648.0,25.0,755.0,153.0,614.0,162.0,268.0,393.0,401.0,103.0,499.0,1101.0,465.0,511.0,364.0,527.0,693.0,617.0,496.0,578.0,288.0,978.0,779.0,514.0,623.0,414.0,362.0,515.0,631.0,946.0,925.0,503.0,538.0,164.0,353.0,759.0,311.0,611.0,661.0,584.0,979.0,314.0,515.0,507.0,771.0,652.0,674.0,188.0,360.0,182.0,909.0,595.0,636.0,1081.0,657.0,680.0,683.0,741.0,868.0,638.0,404.0,679.0,419.0,928.0,280.0,811.0,394.0,612.0,582.0,271.0,765.0
179,1030.0,721.0,276.0,580.0,437.0,443.0,344.0,557.0,328.0,513.0,464.0,276.0,511.0,551.0,481.0,550.0,741.0,1007.0,902.0,702.0,184.0,494.0,804.0,881.0,577.0,877.0,761.0,678.0,321.0,649.0,23.0,758.0,151.0,622.0,159.0,264.0,387.0,402.0,101.0,505.0,1098.0,460.0,507.0,364.0,519.0,695.0,617.0,496.0,585.0,293.0,973.0,778.0,480.0,624.0,407.0,364.0,507.0,631.0,950.0,936.0,503.0,523.0,159.0,348.0,761.0,309.0,608.0,665.0,579.0,991.0,316.0,513.0,509.0,777.0,648.0,679.0,188.0,357.0,182.0,901.0,601.0,635.0,1086.0,655.0,675.0,691.0,741.0,870.0,637.0,401.0,677.0,419.0,943.0,276.0,807.0,394.0,614.0,588.0,267.0,772.0
180,1040.0,721.0,261.0,574.0,440.0,441.0,347.0,563.0,319.0,517.0,457.0,277.0,512.0,549.0,483.0,556.0,743.0,1020.0,902.0,715.0,184.0,499.0,808.0,885.0,577.0,872.0,769.0,679.0,319.0,653.0,23.0,754.0,147.0,624.0,159.0,261.0,387.0,403.0,99.0,507.0,1103.0,458.0,499.0,367.0,511.0,689.0,633.0,490.0,593.0,288.0,985.0,790.0,481.0,622.0,402.0,363.0,510.0,636.0,947.0,949.0,498.0,517.0,126.0,342.0,766.0,309.0,615.0,661.0,577.0,994.0,322.0,507.0,500.0,775.0,657.0,682.0,184.0,358.0,177.0,901.0,610.0,637.0,1095.0,645.0,665.0,688.0,745.0,878.0,645.0,398.0,671.0,417.0,950.0,274.0,802.0,399.0,621.0,592.0,264.0,773.0
181,1053.0,718.0,261.0,586.0,444.0,437.0,355.0,559.0,319.0,522.0,456.0,271.0,518.0,547.0,482.0,560.0,744.0,1026.0,902.0,716.0,184.0,504.0,815.0,880.0,585.0,872.0,771.0,677.0,319.0,656.0,21.0,746.0,144.0,626.0,159.0,260.0,387.0,405.0,99.0,499.0,1103.0,453.0,492.0,363.0,510.0,690.0,630.0,490.0,590.0,288.0,984.0,795.0,488.0,621.0,398.0,360.0,513.0,606.0,963.0,957.0,502.0,517.0,124.0,336.0,775.0,311.0,617.0,671.0,582.0,993.0,321.0,501.0,510.0,776.0,651.0,678.0,184.0,358.0,172.0,914.0,602.0,640.0,1108.0,642.0,656.0,685.0,748.0,877.0,652.0,398.0,659.0,417.0,956.0,270.0,799.0,399.0,621.0,587.0,261.0,774.0
182,1051.0,717.0,261.0,585.0,449.0,430.0,358.0,557.0,305.0,522.0,457.0,271.0,518.0,547.0,485.0,563.0,746.0,1026.0,896.0,726.0,184.0,504.0,822.0,871.0,581.0,865.0,772.0,674.0,322.0,656.0,21.0,754.0,144.0,613.0,154.0,251.0,384.0,404.0,99.0,508.0,1103.0,444.0,488.0,364.0,507.0,691.0,630.0,484.0,593.0,280.0,994.0,796.0,488.0,617.0,404.0,358.0,513.0,610.0,971.0,960.0,503.0,531.0,124.0,337.0,779.0,314.0,620.0,673.0,583.0,995.0,328.0,494.0,513.0,774.0,645.0,670.0,185.0,350.0,172.0,919.0,599.0,643.0,1119.0,638.0,658.0,673.0,751.0,884.0,653.0,394.0,664.0,417.0,963.0,272.0,795.0,399.0,613.0,595.0,261.0,776.0
183,1056.0,685.0,263.0,593.0,455.0,430.0,356.0,560.0,294.0,533.0,456.0,271.0,518.0,542.0,485.0,556.0,750.0,1023.0,898.0,719.0,182.0,500.0,828.0,860.0,588.0,884.0,767.0,669.0,323.0,662.0,21.0,761.0,141.0,624.0,158.0,253.0,384.0,407.0,99.0,502.0,1111.0,434.0,486.0,358.0,507.0,686.0,630.0,479.0,590.0,280.0,1000.0,803.0,497.0,612.0,409.0,358.0,513.0,615.0,974.0,968.0,504.0,534.0,124.0,340.0,783.0,318.0,610.0,676.0,586.0,995.0,329.0,490.0,515.0,772.0,638.0,671.0,184.0,345.0,172.0,926.0,598.0,646.0,1131.0,632.0,646.0,659.0,755.0,882.0,650.0,396.0,660.0,419.0,963.0,270.0,794.0,399.0,609.0,588.0,261.0,779.0
184,1065.0,689.0,263.0,592.0,460.0,427.0,359.0,570.0,292.0,536.0,456.0,262.0,525.0,536.0,482.0,563.0,754.0,1020.0,900.0,719.0,181.0,498.0,838.0,861.0,581.0,889.0,764.0,678.0,318.0,665.0,21.0,755.0,141.0,625.0,157.0,244.0,378.0,406.0,99.0,498.0,1111.0,442.0,484.0,355.0,504.0,699.0,630.0,471.0,602.0,277.0,1017.0,806.0,496.0,614.0,402.0,354.0,513.0,612.0,981.0,961.0,497.0,536.0,124.0,338.0,781.0,322.0,609.0,674.0,580.0,1005.0,335.0,486.0,515.0,768.0,638.0,657.0,184.0,337.0,172.0,921.0,598.0,649.0,1133.0,634.0,639.0,649.0,751.0,882.0,645.0,396.0,652.0,415.0,966.0,270.0,793.0,399.0,614.0,588.0,263.0,783.0
185,1086.0,689.0,258.0,588.0,464.0,427.0,361.0,575.0,279.0,545.0,455.0,262.0,524.0,536.0,477.0,566.0,756.0,1038.0,895.0,723.0,181.0,505.0,841.0,860.0,578.0,895.0,758.0,680.0,319.0,671.0,21.0,753.0,141.0,621.0,154.0,242.0,370.0,403.0,99.0,498.0,1105.0,440.0,483.0,356.0,504.0,695.0,627.0,471.0,606.0,274.0,1025.0,800.0,504.0,609.0,404.0,354.0,513.0,620.0,975.0,970.0,499.0,536.0,124.0,332.0,781.0,321.0,615.0,666.0,575.0,1020.0,340.0,486.0,509.0,760.0,632.0,647.0,184.0,337.0,169.0,919.0,593.0,646.0,1148.0,637.0,638.0,665.0,744.0,889.0,652.0,403.0,649.0,423.0,977.0,264.0,793.0,402.0,616.0,584.0,265.0,788.0
186,1092.0,687.0,254.0,588.0,469.0,422.0,363.0,572.0,256.0,549.0,453.0,253.0,531.0,530.0,470.0,568.0,750.0,1043.0,882.0,714.0,181.0,510.0,837.0,875.0,580.0,902.0,771.0,683.0,321.0,666.0,20.0,753.0,141.0,615.0,152.0,242.0,370.0,403.0,99.0,494.0,1095.0,446.0,483.0,356.0,495.0,704.0,636.0,461.0,610.0,274.0,1027.0,794.0,514.0,609.0,403.0,354.0,510.0,628.0,981.0,964.0,502.0,530.0,124.0,333.0,775.0,320.0,607.0,675.0,587.0,1029.0,344.0,481.0,504.0,753.0,629.0,641.0,184.0,337.0,166.0,931.0,593.0,651.0,1155.0,637.0,631.0,668.0,739.0,895.0,642.0,391.0,638.0,426.0,977.0,264.0,792.0,405.0,617.0,580.0,266.0,793.0
187,1118.0,692.0,251.0,587.0,463.0,416.0,357.0,569.0,239.0,551.0,449.0,253.0,536.0,534.0,473.0,571.0,748.0,1041.0,877.0,705.0,181.0,510.0,834.0,880.0,588.0,904.0,779.0,685.0,321.0,676.0,17.0,747.0,139.0,625.0,150.0,245.0,371.0,402.0,99.0,505.0,1096.0,449.0,482.0,350.0,495.0,697.0,642.0,461.0,614.0,274.0,1008.0,786.0,521.0,615.0,402.0,354.0,499.0,634.0,968.0,971.0,503.0,523.0,124.0,332.0,778.0,320.0,605.0,670.0,575.0,1032.0,348.0,477.0,503.0,746.0,648.0,641.0,184.0,333.0,166.0,929.0,602.0,664.0,1152.0,643.0,629.0,665.0,732.0,907.0,638.0,387.0,632.0,428.0,970.0,264.0,793.0,409.0,620.0,580.0,268.0,799.0
188,1127.0,702.0,251.0,583.0,461.0,416.0,352.0,577.0,242.0,550.0,450.0,249.0,540.0,532.0,482.0,574.0,754.0,1041.0,888.0,723.0,180.0,514.0,826.0,885.0,587.0,905.0,789.0,687.0,321.0,665.0,17.0,760.0,139.0,628.0,147.0,245.0,365.0,402.0,99.0,499.0,1087.0,451.0,482.0,345.0,492.0,700.0,637.0,461.0,620.0,274.0,1001.0,785.0,515.0,614.0,400.0,354.0,498.0,639.0,983.0,970.0,498.0,524.0,124.0,331.0,777.0,317.0,608.0,674.0,577.0,1045.0,348.0,475.0,508.0,744.0,652.0,641.0,184.0,326.0,166.0,934.0,606.0,673.0,1144.0,649.0,625.0,660.0,723.0,916.0,630.0,381.0,632.0,431.0,964.0,264.0,795.0,406.0,625.0,580.0,270.0,807.0
189,1132.0,711.0,249.0,581.0,457.0,416.0,349.0,581.0,238.0,542.0,453.0,245.0,542.0,525.0,483.0,573.0,760.0,1061.0,889.0,720.0,180.0,513.0,843.0,890.0,587.0,899.0,799.0,681.0,322.0,665.0,17.0,750.0,139.0,631.0,147.0,245.0,370.0,405.0,99.0,496.0,1087.0,453.0,484.0,345.0,490.0,710.0,644.0,461.0,627.0,272.0,995.0,760.0,522.0,619.0,399.0,354.0,492.0,635.0,985.0,970.0,498.0,524.0,123.0,331.0,792.0,317.0,612.0,668.0,587.0,1040.0,350.0,475.0,500.0,744.0,651.0,639.0,182.0,325.0,165.0,933.0,610.0,678.0,1149.0,646.0,614.0,653.0,736.0,931.0,624.0,393.0,632.0,435.0,963.0,261.0,799.0,408.0,629.0,577.0,271.0,814.0
190,1138.0,710.0,249.0,576.0,430.0,416.0,356.0,585.0,238.0,547.0,453.0,245.0,544.0,523.0,484.0,582.0,751.0,1076.0,882.0,712.0,180.0,513.0,832.0,897.0,600.0,892.0,809.0,667.0,318.0,670.0,17.0,751.0,139.0,634.0,145.0,243.0,371.0,405.0,99.0,495.0,1097.0,456.0,487.0,344.0,495.0,715.0,646.0,450.0,624.0,270.0,1002.0,750.0,521.0,615.0,398.0,357.0,499.0,635.0,1000.0,985.0,496.0,514.0,122.0,330.0,791.0,316.0,616.0,668.0,594.0,1045.0,361.0,473.0,510.0,730.0,648.0,630.0,182.0,318.0,165.0,940.0,616.0,685.0,1164.0,643.0,603.0,647.0,739.0,933.0,618.0,391.0,626.0,438.0,963.0,227.0,804.0,420.0,629.0,588.0,273.0,815.0
191,1138.0,722.0,249.0,570.0,424.0,418.0,356.0,586.0,238.0,557.0,460.0,240.0,540.0,523.0,485.0,582.0,748.0,1090.0,888.0,711.0,167.0,518.0,846.0,852.0,608.0,903.0,819.0,667.0,318.0,671.0,17.0,753.0,137.0,636.0,145.0,239.0,369.0,406.0,98.0,492.0,1111.0,461.0,488.0,344.0,494.0,720.0,653.0,450.0,631.0,270.0,1002.0,751.0,521.0,619.0,398.0,355.0,494.0,647.0,1006.0,996.0,498.0,502.0,122.0,323.0,802.0,327.0,623.0,677.0,596.0,1057.0,367.0,473.0,507.0,732.0,660.0,642.0,180.0,318.0,163.0,904.0,623.0,679.0,1180.0,652.0,592.0,641.0,729.0,932.0,618.0,385.0,631.0,439.0,965.0,225.0,812.0,420.0,638.0,593.0,247.0,817.0
192,1142.0,730.0,249.0,566.0,424.0,378.0,354.0,590.0,238.0,561.0,458.0,236.0,535.0,522.0,487.0,580.0,745.0,1100.0,884.0,719.0,164.0,524.0,851.0,861.0,615.0,903.0,832.0,665.0,317.0,678.0,17.0,759.0,137.0,639.0,145.0,237.0,369.0,414.0,97.0,496.0,1125.0,465.0,489.0,339.0,493.0,717.0,660.0,440.0,646.0,270.0,1004.0,751.0,521.0,618.0,398.0,357.0,499.0,639.0,1010.0,1004.0,508.0,513.0,122.0,320.0,800.0,327.0,621.0,673.0,598.0,1067.0,374.0,473.0,509.0,735.0,665.0,645.0,180.0,312.0,161.0,913.0,626.0,690.0,1185.0,656.0,597.0,635.0,736.0,901.0,618.0,381.0,628.0,440.0,974.0,224.0,819.0,419.0,645.0,592.0,251.0,832.0
193,1142.0,727.0,250.0,562.0,424.0,377.0,348.0,593.0,238.0,565.0,464.0,231.0,533.0,518.0,490.0,584.0,751.0,1110.0,893.0,727.0,144.0,520.0,857.0,872.0,621.0,889.0,845.0,663.0,310.0,688.0,17.0,753.0,136.0,640.0,145.0,236.0,371.0,413.0,97.0,500.0,1131.0,469.0,492.0,339.0,493.0,717.0,661.0,442.0,655.0,270.0,1010.0,764.0,531.0,620.0,398.0,361.0,499.0,643.0,1007.0,1006.0,507.0,510.0,122.0,318.0,811.0,332.0,632.0,668.0,596.0,1064.0,378.0,473.0,501.0,738.0,660.0,648.0,179.0,309.0,158.0,923.0,626.0,693.0,1178.0,659.0,591.0,649.0,738.0,906.0,621.0,379.0,626.0,440.0,941.0,218.0,826.0,429.0,653.0,596.0,255.0,842.0
194,1144.0,739.0,251.0,558.0,423.0,376.0,352.0,600.0,238.0,564.0,466.0,224.0,541.0,518.0,495.0,596.0,750.0,1101.0,895.0,727.0,139.0,536.0,856.0,874.0,625.0,886.0,857.0,670.0,321.0,684.0,17.0,759.0,135.0,637.0,145.0,236.0,374.0,377.0,95.0,493.0,1128.0,475.0,486.0,337.0,489.0,720.0,672.0,402.0,661.0,270.0,1024.0,763.0,533.0,620.0,392.0,359.0,499.0,651.0,1013.0,1003.0,509.0,498.0,121.0,315.0,810.0,335.0,638.0,664.0,601.0,1085.0,379.0,473.0,510.0,734.0,667.0,633.0,178.0,308.0,154.0,926.0,631.0,697.0,1184.0,664.0,584.0,649.0,739.0,919.0,609.0,379.0,623.0,440.0,948.0,217.0,826.0,434.0,661.0,587.0,259.0,852.0
195,1167.0,741.0,251.0,570.0,423.0,372.0,352.0,603.0,238.0,563.0,469.0,224.0,542.0,517.0,501.0,592.0,747.0,1094.0,883.0,726.0,139.0,544.0,856.0,878.0,617.0,874.0,862.0,670.0,322.0,695.0,17.0,764.0,134.0,634.0,142.0,236.0,376.0,380.0,95.0,495.0,1132.0,479.0,490.0,334.0,494.0,721.0,675.0,402.0,667.0,269.0,1015.0,763.0,531.0,635.0,392.0,359.0,499.0,658.0,1010.0,1022.0,508.0,490.0,121.0,314.0,818.0,332.0,632.0,656.0,604.0,1080.0,380.0,474.0,510.0,732.0,669.0,631.0,175.0,302.0,154.0,942.0,641.0,696.0,1190.0,669.0,569.0,642.0,739.0,932.0,617.0,375.0,621.0,442.0,955.0,217.0,834.0,434.0,673.0,601.0,261.0,862.0
196,1167.0,736.0,251.0,571.0,421.0,372.0,352.0,609.0,234.0,560.0,474.0,224.0,543.0,517.0,503.0,592.0,742.0,1111.0,878.0,740.0,114.0,549.0,861.0,881.0,612.0,875.0,864.0,667.0,313.0,700.0,15.0,763.0,134.0,633.0,139.0,233.0,379.0,379.0,94.0,491.0,1145.0,479.0,491.0,334.0,493.0,723.0,683.0,402.0,666.0,269.0,1028.0,765.0,523.0,638.0,396.0,355.0,446.0,662.0,1027.0,1017.0,509.0,482.0,114.0,314.0,820.0,331.0,632.0,672.0,597.0,1077.0,380.0,476.0,504.0,736.0,664.0,625.0,172.0,300.0,151.0,952.0,646.0,668.0,1200.0,675.0,557.0,636.0,742.0,943.0,610.0,375.0,620.0,445.0,948.0,212.0,845.0,437.0,685.0,605.0,263.0,873.0
197,1166.0,738.0,251.0,573.0,415.0,372.0,351.0,608.0,227.0,574.0,473.0,224.0,543.0,517.0,512.0,563.0,740.0,1129.0,870.0,749.0,114.0,546.0,862.0,896.0,618.0,870.0,879.0,660.0,308.0,700.0,15.0,768.0,134.0,650.0,139.0,229.0,379.0,384.0,92.0,486.0,1140.0,479.0,493.0,334.0,491.0,721.0,679.0,403.0,676.0,269.0,1026.0,764.0,522.0,637.0,396.0,349.0,443.0,656.0,1032.0,954.0,511.0,474.0,103.0,316.0,827.0,337.0,636.0,637.0,607.0,1089.0,381.0,476.0,499.0,742.0,673.0,623.0,172.0,300.0,148.0,954.0,646.0,679.0,1200.0,681.0,546.0,623.0,707.0,950.0,608.0,375.0,620.0,449.0,957.0,216.0,854.0,436.0,697.0,607.0,271.0,863.0
198,1160.0,739.0,251.0,573.0,409.0,371.0,351.0,615.0,222.0,574.0,467.0,224.0,540.0,518.0,516.0,574.0,740.0,1138.0,864.0,748.0,114.0,546.0,867.0,904.0,618.0,883.0,888.0,660.0,309.0,700.0,14.0,773.0,132.0,654.0,137.0,227.0,380.0,391.0,80.0,498.0,1134.0,482.0,490.0,329.0,489.0,725.0,690.0,402.0,685.0,268.0,1016.0,757.0,521.0,641.0,396.0,349.0,438.0,659.0,1030.0,967.0,509.0,469.0,101.0,316.0,819.0,333.0,643.0,641.0,611.0,1100.0,383.0,477.0,490.0,748.0,678.0,629.0,171.0,300.0,148.0,972.0,655.0,679.0,1213.0,684.0,533.0,620.0,700.0,964.0,604.0,375.0,622.0,455.0,957.0,217.0,861.0,442.0,707.0,603.0,267.0,864.0
199,1160.0,749.0,251.0,573.0,404.0,370.0,351.0,621.0,208.0,574.0,479.0,190.0,534.0,520.0,519.0,585.0,735.0,1133.0,868.0,758.0,114.0,562.0,880.0,908.0,621.0,885.0,890.0,644.0,309.0,714.0,14.0,770.0,130.0,654.0,137.0,224.0,381.0,393.0,78.0,499.0,1128.0,490.0,492.0,324.0,487.0,743.0,698.0,398.0,695.0,265.0,1013.0,752.0,533.0,638.0,395.0,352.0,446.0,664.0,1044.0,976.0,509.0,458.0,100.0,321.0,826.0,332.0,642.0,645.0,615.0,1110.0,390.0,479.0,488.0,750.0,685.0,629.0,171.0,294.0,148.0,974.0,652.0,678.0,1212.0,687.0,519.0,622.0,700.0,976.0,614.0,377.0,623.0,461.0,895.0,216.0,868.0,435.0,717.0,608.0,274.0,858.0
200,1159.0,753.0,251.0,572.0,400.0,369.0,360.0,627.0,207.0,585.0,478.0,160.0,530.0,521.0,523.0,601.0,727.0,1134.0,881.0,755.0,114.0,569.0,871.0,921.0,628.0,877.0,886.0,657.0,309.0,711.0,14.0,767.0,120.0,658.0,137.0,221.0,383.0,396.0,77.0,499.0,1121.0,493.0,487.0,319.0,486.0,751.0,705.0,391.0,708.0,266.0,1024.0,753.0,532.0,644.0,395.0,349.0,444.0,679.0,1042.0,988.0,508.0,448.0,100.0,322.0,824.0,332.0,647.0,647.0,618.0,1123.0,394.0,482.0,496.0,754.0,683.0,629.0,168.0,296.0,144.0,984.0,659.0,677.0,1215.0,681.0,508.0,623.0,715.0,970.0,616.0,377.0,624.0,467.0,889.0,211.0,876.0,438.0,725.0,603.0,276.0,857.0
201,1152.0,751.0,251.0,572.0,390.0,369.0,363.0,628.0,207.0,582.0,472.0,140.0,524.0,523.0,526.0,614.0,727.0,1132.0,884.0,753.0,114.0,569.0,890.0,920.0,628.0,871.0,885.0,658.0,309.0,725.0,14.0,763.0,117.0,661.0,135.0,221.0,384.0,399.0,77.0,499.0,1114.0,497.0,487.0,319.0,486.0,761.0,707.0,391.0,721.0,264.0,1017.0,746.0,531.0,638.0,396.0,348.0,448.0,680.0,1046.0,991.0,508.0,448.0,99.0,317.0,826.0,336.0,646.0,655.0,624.0,1121.0,398.0,483.0,496.0,755.0,693.0,629.0,168.0,296.0,144.0,977.0,659.0,698.0,1231.0,682.0,516.0,622.0,712.0,979.0,618.0,377.0,624.0,472.0,888.0,212.0,885.0,443.0,732.0,601.0,276.0,862.0
202,1169.0,746.0,251.0,572.0,383.0,369.0,367.0,628.0,206.0,579.0,469.0,140.0,524.0,526.0,525.0,624.0,735.0,1138.0,886.0,754.0,114.0,562.0,887.0,922.0,623.0,879.0,892.0,655.0,311.0,726.0,14.0,765.0,117.0,660.0,133.0,216.0,384.0,397.0,77.0,500.0,1114.0,499.0,489.0,313.0,486.0,759.0,704.0,381.0,725.0,262.0,1006.0,741.0,531.0,644.0,397.0,348.0,444.0,685.0,1042.0,993.0,506.0,438.0,99.0,319.0,837.0,337.0,653.0,660.0,631.0,1119.0,403.0,485.0,490.0,761.0,699.0,624.0,162.0,291.0,144.0,989.0,656.0,699.0,1228.0,697.0,514.0,620.0,710.0,984.0,618.0,377.0,625.0,467.0,888.0,208.0,895.0,444.0,739.0,597.0,276.0,880.0
203,1169.0,746.0,247.0,571.0,376.0,369.0,363.0,625.0,203.0,584.0,465.0,140.0,524.0,529.0,525.0,626.0,738.0,1146.0,890.0,756.0,110.0,555.0,889.0,931.0,622.0,876.0,904.0,650.0,313.0,728.0,14.0,767.0,115.0,667.0,131.0,212.0,384.0,396.0,77.0,502.0,1117.0,500.0,490.0,305.0,486.0,763.0,699.0,378.0,721.0,258.0,1002.0,742.0,526.0,638.0,404.0,348.0,443.0,689.0,1035.0,994.0,503.0,422.0,99.0,318.0,842.0,340.0,654.0,666.0,631.0,1116.0,403.0,478.0,485.0,762.0,707.0,627.0,147.0,289.0,144.0,988.0,655.0,703.0,1247.0,703.0,512.0,618.0,708.0,989.0,619.0,373.0,625.0,481.0,886.0,208.0,903.0,444.0,747.0,605.0,276.0,890.0
204,1161.0,744.0,246.0,572.0,388.0,366.0,358.0,617.0,203.0,597.0,455.0,133.0,536.0,533.0,521.0,626.0,740.0,1166.0,888.0,746.0,105.0,550.0,882.0,930.0,618.0,871.0,909.0,655.0,316.0,719.0,14.0,776.0,115.0,673.0,129.0,210.0,386.0,401.0,77.0,504.0,1115.0,504.0,487.0,303.0,488.0,758.0,699.0,372.0,721.0,258.0,993.0,743.0,529.0,638.0,402.0,348.0,436.0,691.0,1026.0,1000.0,501.0,430.0,99.0,318.0,847.0,337.0,651.0,672.0,643.0,1112.0,409.0,473.0,485.0,760.0,718.0,625.0,147.0,287.0,144.0,993.0,665.0,695.0,1238.0,700.0,512.0,611.0,709.0,990.0,609.0,377.0,625.0,481.0,888.0,208.0,912.0,444.0,751.0,606.0,280.0,901.0
205,1155.0,760.0,244.0,573.0,388.0,366.0,363.0,610.0,197.0,601.0,448.0,133.0,537.0,537.0,522.0,618.0,742.0,1177.0,888.0,743.0,105.0,558.0,882.0,939.0,614.0,866.0,904.0,645.0,319.0,718.0,14.0,780.0,115.0,670.0,125.0,210.0,386.0,403.0,77.0,499.0,1100.0,505.0,490.0,301.0,492.0,754.0,715.0,372.0,730.0,256.0,999.0,740.0,527.0,645.0,395.0,348.0,440.0,685.0,1020.0,1010.0,496.0,427.0,99.0,313.0,852.0,337.0,661.0,677.0,637.0,1110.0,406.0,473.0,479.0,759.0,727.0,625.0,147.0,287.0,141.0,992.0,666.0,688.0,1241.0,700.0,508.0,607.0,706.0,1004.0,603.0,375.0,626.0,486.0,904.0,208.0,914.0,438.0,761.0,609.0,282.0,905.0
206,1140.0,761.0,246.0,575.0,383.0,366.0,357.0,609.0,197.0,603.0,448.0,133.0,530.0,535.0,522.0,616.0,746.0,1190.0,886.0,754.0,105.0,559.0,888.0,932.0,612.0,853.0,909.0,640.0,322.0,709.0,14.0,785.0,115.0,666.0,125.0,210.0,386.0,405.0,77.0,499.0,1099.0,509.0,490.0,298.0,491.0,746.0,719.0,367.0,741.0,256.0,1007.0,734.0,537.0,649.0,393.0,348.0,436.0,677.0,1016.0,1024.0,495.0,423.0,99.0,315.0,856.0,337.0,669.0,673.0,642.0,1124.0,405.0,472.0,483.0,769.0,742.0,629.0,147.0,287.0,138.0,1006.0,665.0,684.0,1235.0,691.0,508.0,613.0,692.0,1025.0,600.0,366.0,628.0,499.0,915.0,208.0,912.0,435.0,756.0,614.0,283.0,910.0
207,1151.0,764.0,246.0,578.0,375.0,366.0,352.0,598.0,183.0,599.0,448.0,133.0,521.0,540.0,521.0,613.0,752.0,1195.0,882.0,752.0,105.0,559.0,902.0,930.0,614.0,838.0,906.0,644.0,324.0,705.0,12.0,789.0,113.0,668.0,125.0,206.0,392.0,408.0,77.0,501.0,1096.0,512.0,490.0,293.0,485.0,744.0,713.0,367.0,745.0,256.0,1008.0,729.0,534.0,643.0,389.0,348.0,439.0,667.0,1032.0,1027.0,505.0,418.0,99.0,313.0,854.0,337.0,669.0,683.0,647.0,1113.0,402.0,470.0,475.0,769.0,745.0,630.0,147.0,288.0,138.0,1017.0,667.0,671.0,1240.0,686.0,508.0,613.0,680.0,1040.0,604.0,364.0,631.0,506.0,924.0,208.0,913.0,431.0,765.0,621.0,284.0,906.0
208,1161.0,761.0,246.0,577.0,369.0,370.0,349.0,594.0,175.0,601.0,440.0,127.0,509.0,537.0,521.0,608.0,758.0,1204.0,882.0,759.0,101.0,554.0,901.0,925.0,627.0,832.0,899.0,647.0,326.0,720.0,12.0,794.0,113.0,666.0,123.0,206.0,398.0,412.0,77.0,505.0,1082.0,516.0,489.0,297.0,485.0,742.0,712.0,367.0,745.0,256.0,1010.0,720.0,538.0,651.0,392.0,349.0,439.0,664.0,1036.0,1040.0,508.0,409.0,99.0,315.0,861.0,337.0,681.0,684.0,621.0,1105.0,402.0,468.0,483.0,771.0,749.0,637.0,147.0,289.0,138.0,1022.0,664.0,669.0,1259.0,679.0,508.0,614.0,677.0,1055.0,605.0,359.0,635.0,510.0,929.0,208.0,930.0,425.0,775.0,628.0,285.0,910.0
209,1167.0,759.0,247.0,584.0,361.0,369.0,344.0,605.0,173.0,605.0,437.0,122.0,507.0,542.0,514.0,602.0,758.0,1218.0,873.0,767.0,101.0,549.0,899.0,922.0,630.0,816.0,897.0,649.0,329.0,722.0,12.0,793.0,113.0,663.0,123.0,206.0,403.0,414.0,77.0,507.0,1082.0,520.0,494.0,297.0,482.0,751.0,706.0,367.0,746.0,256.0,1012.0,710.0,540.0,646.0,391.0,344.0,438.0,678.0,1043.0,1043.0,508.0,409.0,97.0,315.0,879.0,336.0,682.0,692.0,637.0,1124.0,402.0,468.0,483.0,772.0,749.0,644.0,146.0,289.0,138.0,1019.0,662.0,665.0,1269.0,673.0,505.0,615.0,668.0,1067.0,601.0,349.0,640.0,518.0,924.0,208.0,945.0,438.0,780.0,632.0,285.0,910.0
210,1162.0,755.0,247.0,585.0,361.0,369.0,342.0,605.0,173.0,606.0,439.0,122.0,502.0,535.0,516.0,615.0,770.0,1215.0,868.0,767.0,101.0,549.0,897.0,929.0,629.0,810.0,915.0,651.0,334.0,715.0,12.0,788.0,113.0,659.0,120.0,204.0,407.0,419.0,77.0,508.0,1096.0,521.0,501.0,296.0,477.0,751.0,706.0,362.0,753.0,257.0,1014.0,712.0,541.0,641.0,390.0,341.0,441.0,680.0,1049.0,974.0,510.0,402.0,96.0,307.0,884.0,341.0,685.0,699.0,640.0,1130.0,400.0,464.0,487.0,770.0,748.0,641.0,146.0,285.0,138.0,1009.0,679.0,657.0,1277.0,668.0,509.0,618.0,666.0,1083.0,601.0,349.0,647.0,521.0,929.0,208.0,947.0,433.0,784.0,628.0,285.0,910.0
211,1157.0,767.0,247.0,592.0,358.0,371.0,337.0,602.0,173.0,606.0,436.0,118.0,512.0,535.0,515.0,615.0,776.0,1214.0,868.0,771.0,96.0,544.0,907.0,923.0,641.0,806.0,920.0,654.0,338.0,712.0,12.0,785.0,113.0,657.0,120.0,201.0,409.0,416.0,61.0,514.0,1104.0,521.0,504.0,293.0,492.0,746.0,702.0,362.0,768.0,257.0,1011.0,700.0,541.0,647.0,387.0,353.0,442.0,675.0,1039.0,981.0,518.0,374.0,96.0,303.0,897.0,348.0,685.0,707.0,643.0,1136.0,411.0,469.0,488.0,773.0,758.0,642.0,147.0,285.0,138.0,1009.0,686.0,645.0,1235.0,682.0,511.0,621.0,661.0,1086.0,604.0,342.0,612.0,516.0,940.0,208.0,948.0,437.0,789.0,644.0,285.0,908.0
212,1146.0,769.0,247.0,589.0,358.0,371.0,331.0,597.0,173.0,602.0,438.0,114.0,507.0,535.0,510.0,613.0,783.0,1217.0,869.0,780.0,93.0,538.0,913.0,919.0,635.0,801.0,920.0,650.0,343.0,708.0,12.0,794.0,113.0,654.0,120.0,197.0,409.0,417.0,44.0,516.0,1102.0,518.0,505.0,289.0,485.0,739.0,703.0,362.0,772.0,258.0,1013.0,699.0,541.0,644.0,381.0,347.0,440.0,678.0,1054.0,991.0,524.0,370.0,96.0,308.0,899.0,350.0,686.0,707.0,648.0,1128.0,411.0,468.0,489.0,782.0,772.0,642.0,147.0,283.0,139.0,1000.0,696.0,650.0,1233.0,678.0,513.0,625.0,659.0,1085.0,608.0,342.0,612.0,513.0,940.0,208.0,949.0,437.0,807.0,630.0,281.0,919.0
213,1138.0,763.0,246.0,591.0,353.0,334.0,326.0,594.0,173.0,598.0,436.0,111.0,500.0,538.0,518.0,602.0,779.0,1243.0,879.0,787.0,93.0,541.0,907.0,917.0,642.0,812.0,925.0,655.0,351.0,722.0,12.0,801.0,112.0,660.0,120.0,197.0,413.0,425.0,44.0,518.0,1111.0,514.0,504.0,289.0,495.0,739.0,711.0,345.0,785.0,258.0,1007.0,667.0,543.0,651.0,381.0,343.0,440.0,672.0,1064.0,997.0,524.0,359.0,96.0,308.0,897.0,346.0,685.0,713.0,653.0,1132.0,409.0,468.0,491.0,781.0,778.0,639.0,110.0,287.0,137.0,965.0,698.0,648.0,1236.0,672.0,514.0,629.0,659.0,1079.0,616.0,333.0,619.0,513.0,935.0,209.0,949.0,432.0,818.0,634.0,277.0,918.0
214,1135.0,757.0,244.0,600.0,350.0,341.0,329.0,585.0,173.0,609.0,434.0,109.0,503.0,540.0,512.0,599.0,789.0,1239.0,883.0,793.0,90.0,536.0,915.0,934.0,636.0,805.0,917.0,659.0,357.0,723.0,12.0,808.0,112.0,670.0,120.0,197.0,406.0,424.0,44.0,518.0,1100.0,518.0,504.0,286.0,483.0,729.0,711.0,345.0,784.0,258.0,1021.0,667.0,539.0,662.0,385.0,337.0,440.0,678.0,1068.0,1003.0,513.0,357.0,95.0,308.0,906.0,352.0,700.0,715.0,660.0,1130.0,406.0,468.0,494.0,782.0,777.0,654.0,109.0,289.0,130.0,983.0,706.0,644.0,1227.0,658.0,513.0,629.0,655.0,1071.0,625.0,333.0,621.0,513.0,931.0,209.0,949.0,438.0,830.0,629.0,276.0,908.0
215,1141.0,754.0,240.0,606.0,350.0,342.0,329.0,582.0,173.0,609.0,432.0,109.0,497.0,539.0,506.0,597.0,785.0,1239.0,878.0,796.0,90.0,537.0,918.0,939.0,642.0,804.0,908.0,661.0,354.0,722.0,12.0,808.0,112.0,674.0,117.0,197.0,420.0,438.0,44.0,515.0,1103.0,510.0,500.0,283.0,478.0,728.0,712.0,341.0,787.0,257.0,1024.0,667.0,538.0,663.0,385.0,340.0,440.0,671.0,1071.0,1011.0,506.0,351.0,95.0,311.0,910.0,351.0,705.0,715.0,662.0,1125.0,405.0,476.0,496.0,778.0,778.0,656.0,109.0,279.0,130.0,990.0,711.0,641.0,1244.0,651.0,511.0,635.0,655.0,1072.0,631.0,326.0,623.0,509.0,944.0,209.0,942.0,439.0,840.0,635.0,278.0,901.0
216,1144.0,748.0,240.0,614.0,351.0,338.0,329.0,583.0,170.0,609.0,439.0,109.0,496.0,539.0,503.0,597.0,799.0,1232.0,872.0,798.0,88.0,531.0,921.0,938.0,642.0,802.0,905.0,664.0,354.0,718.0,11.0,806.0,112.0,673.0,115.0,199.0,424.0,437.0,44.0,531.0,1101.0,510.0,495.0,283.0,482.0,725.0,708.0,339.0,788.0,257.0,1032.0,667.0,537.0,662.0,381.0,334.0,442.0,671.0,1066.0,1039.0,511.0,345.0,93.0,311.0,926.0,348.0,709.0,710.0,667.0,1130.0,405.0,468.0,498.0,768.0,779.0,652.0,107.0,284.0,127.0,999.0,718.0,641.0,1247.0,657.0,509.0,641.0,652.0,1074.0,639.0,326.0,627.0,506.0,940.0,208.0,957.0,441.0,839.0,631.0,280.0,893.0
217,1145.0,762.0,242.0,616.0,352.0,338.0,329.0,580.0,168.0,606.0,440.0,109.0,496.0,546.0,511.0,597.0,801.0,1235.0,871.0,798.0,88.0,525.0,928.0,932.0,635.0,812.0,904.0,669.0,361.0,718.0,11.0,812.0,112.0,667.0,115.0,194.0,424.0,441.0,44.0,537.0,1077.0,514.0,492.0,283.0,483.0,716.0,711.0,340.0,789.0,257.0,1036.0,668.0,529.0,667.0,381.0,331.0,446.0,681.0,1069.0,1053.0,511.0,339.0,91.0,310.0,936.0,346.0,708.0,705.0,663.0,1128.0,398.0,461.0,501.0,765.0,780.0,648.0,107.0,279.0,126.0,986.0,725.0,639.0,1266.0,653.0,508.0,644.0,652.0,1074.0,645.0,326.0,646.0,508.0,944.0,212.0,970.0,437.0,847.0,629.0,277.0,885.0
218,1140.0,761.0,242.0,625.0,353.0,336.0,329.0,538.0,165.0,607.0,441.0,109.0,495.0,544.0,505.0,588.0,810.0,1239.0,860.0,801.0,88.0,526.0,886.0,940.0,625.0,814.0,913.0,675.0,364.0,718.0,11.0,810.0,111.0,675.0,113.0,194.0,423.0,439.0,38.0,535.0,1079.0,517.0,487.0,276.0,479.0,717.0,709.0,337.0,780.0,260.0,1039.0,670.0,538.0,670.0,381.0,331.0,449.0,679.0,1087.0,1066.0,511.0,339.0,91.0,307.0,943.0,352.0,713.0,710.0,659.0,1131.0,396.0,452.0,503.0,762.0,780.0,657.0,105.0,273.0,126.0,992.0,706.0,639.0,1278.0,657.0,508.0,648.0,651.0,1072.0,646.0,326.0,655.0,511.0,951.0,213.0,964.0,433.0,866.0,632.0,283.0,875.0
219,1140.0,752.0,242.0,629.0,356.0,340.0,329.0,542.0,162.0,601.0,443.0,106.0,493.0,542.0,498.0,594.0,804.0,1213.0,879.0,803.0,88.0,534.0,883.0,943.0,622.0,817.0,915.0,675.0,361.0,720.0,11.0,816.0,110.0,670.0,113.0,191.0,418.0,443.0,26.0,528.0,1081.0,519.0,489.0,276.0,471.0,720.0,708.0,328.0,791.0,261.0,1048.0,673.0,540.0,669.0,386.0,332.0,456.0,680.0,1087.0,1083.0,513.0,335.0,90.0,307.0,943.0,353.0,709.0,713.0,655.0,1130.0,404.0,459.0,503.0,772.0,785.0,654.0,105.0,277.0,126.0,995.0,713.0,639.0,1275.0,657.0,504.0,649.0,651.0,1076.0,642.0,327.0,656.0,507.0,951.0,212.0,966.0,430.0,876.0,629.0,284.0,893.0
220,1140.0,739.0,242.0,622.0,358.0,340.0,323.0,539.0,162.0,596.0,445.0,103.0,492.0,539.0,502.0,592.0,809.0,1220.0,882.0,806.0,88.0,535.0,905.0,948.0,623.0,818.0,917.0,678.0,361.0,727.0,11.0,826.0,108.0,668.0,113.0,191.0,414.0,446.0,20.0,523.0,1074.0,521.0,489.0,276.0,472.0,718.0,701.0,328.0,808.0,262.0,1045.0,674.0,540.0,662.0,389.0,325.0,451.0,672.0,1079.0,1103.0,516.0,331.0,90.0,310.0,945.0,353.0,705.0,723.0,652.0,1138.0,403.0,455.0,509.0,768.0,796.0,660.0,104.0,269.0,124.0,1000.0,722.0,644.0,1294.0,657.0,507.0,653.0,654.0,1089.0,639.0,327.0,646.0,511.0,943.0,209.0,955.0,434.0,874.0,634.0,283.0,893.0
221,1147.0,748.0,242.0,623.0,361.0,339.0,317.0,511.0,162.0,590.0,446.0,100.0,492.0,529.0,499.0,589.0,820.0,1231.0,879.0,814.0,88.0,536.0,915.0,951.0,614.0,810.0,911.0,691.0,361.0,735.0,11.0,832.0,106.0,673.0,111.0,191.0,413.0,449.0,20.0,521.0,1061.0,523.0,489.0,276.0,472.0,716.0,694.0,328.0,806.0,261.0,1054.0,674.0,550.0,672.0,389.0,325.0,459.0,661.0,1085.0,1121.0,511.0,331.0,89.0,307.0,940.0,355.0,720.0,730.0,650.0,1143.0,399.0,446.0,514.0,766.0,803.0,662.0,104.0,269.0,124.0,1016.0,732.0,647.0,1306.0,656.0,507.0,660.0,660.0,1095.0,635.0,327.0,644.0,506.0,941.0,204.0,953.0,435.0,887.0,591.0,283.0,887.0
222,1150.0,746.0,242.0,630.0,364.0,339.0,323.0,511.0,159.0,591.0,446.0,100.0,492.0,526.0,493.0,588.0,812.0,1240.0,873.0,818.0,88.0,537.0,926.0,955.0,611.0,819.0,900.0,698.0,369.0,733.0,11.0,836.0,106.0,669.0,109.0,183.0,406.0,452.0,20.0,516.0,1061.0,525.0,485.0,261.0,463.0,714.0,705.0,326.0,807.0,260.0,1072.0,674.0,556.0,675.0,393.0,325.0,461.0,653.0,1087.0,1136.0,523.0,329.0,89.0,303.0,941.0,356.0,723.0,727.0,649.0,1139.0,395.0,444.0,520.0,765.0,808.0,660.0,103.0,268.0,124.0,1020.0,741.0,650.0,1304.0,658.0,508.0,665.0,663.0,1101.0,637.0,327.0,634.0,501.0,958.0,204.0,957.0,429.0,880.0,589.0,283.0,875.0
223,1155.0,746.0,242.0,621.0,369.0,339.0,320.0,515.0,156.0,603.0,448.0,100.0,492.0,534.0,493.0,584.0,752.0,1238.0,860.0,821.0,86.0,532.0,922.0,958.0,609.0,823.0,892.0,696.0,366.0,726.0,11.0,833.0,103.0,669.0,75.0,181.0,406.0,454.0,20.0,516.0,1054.0,526.0,486.0,246.0,463.0,711.0,704.0,325.0,804.0,258.0,1070.0,674.0,552.0,673.0,398.0,325.0,470.0,652.0,1079.0,1149.0,529.0,329.0,89.0,298.0,952.0,355.0,725.0,735.0,645.0,1149.0,394.0,437.0,524.0,761.0,810.0,658.0,103.0,262.0,124.0,1034.0,751.0,651.0,1302.0,659.0,508.0,667.0,668.0,1107.0,646.0,321.0,638.0,499.0,970.0,204.0,968.0,429.0,883.0,588.0,283.0,870.0
224,1152.0,733.0,236.0,611.0,371.0,334.0,316.0,521.0,156.0,608.0,450.0,98.0,493.0,524.0,491.0,580.0,755.0,1232.0,847.0,825.0,84.0,535.0,937.0,959.0,613.0,828.0,887.0,694.0,373.0,725.0,11.0,839.0,103.0,666.0,74.0,173.0,404.0,457.0,20.0,522.0,1047.0,528.0,487.0,214.0,458.0,709.0,704.0,325.0,809.0,259.0,1073.0,684.0,548.0,667.0,400.0,323.0,474.0,649.0,1070.0,1153.0,534.0,327.0,89.0,295.0,952.0,356.0,721.0,739.0,658.0,1156.0,397.0,424.0,528.0,757.0,824.0,654.0,103.0,260.0,124.0,1034.0,761.0,653.0,1303.0,660.0,508.0,675.0,673.0,1106.0,648.0,308.0,633.0,499.0,964.0,204.0,974.0,429.0,884.0,587.0,286.0,867.0
225,1158.0,732.0,240.0,602.0,372.0,334.0,309.0,525.0,156.0,609.0,452.0,98.0,497.0,520.0,487.0,576.0,774.0,1231.0,847.0,830.0,84.0,535.0,944.0,958.0,613.0,830.0,881.0,687.0,369.0,726.0,11.0,833.0,103.0,664.0,74.0,173.0,404.0,460.0,20.0,523.0,1035.0,531.0,479.0,213.0,454.0,708.0,702.0,325.0,807.0,260.0,1072.0,688.0,561.0,661.0,397.0,323.0,477.0,655.0,1065.0,1154.0,539.0,326.0,89.0,290.0,962.0,360.0,718.0,742.0,663.0,1164.0,397.0,424.0,533.0,748.0,841.0,654.0,103.0,260.0,124.0,1030.0,765.0,653.0,1317.0,664.0,509.0,682.0,677.0,1101.0,641.0,312.0,637.0,506.0,965.0,204.0,979.0,431.0,889.0,580.0,279.0,854.0
226,1165.0,721.0,242.0,595.0,371.0,334.0,304.0,528.0,156.0,606.0,454.0,98.0,491.0,512.0,487.0,572.0,782.0,1243.0,849.0,836.0,84.0,532.0,955.0,973.0,613.0,834.0,882.0,700.0,368.0,733.0,11.0,832.0,103.0,658.0,74.0,173.0,404.0,463.0,20.0,525.0,1043.0,533.0,479.0,208.0,458.0,706.0,701.0,324.0,813.0,260.0,1063.0,685.0,566.0,659.0,393.0,323.0,476.0,640.0,1057.0,1153.0,532.0,326.0,89.0,285.0,966.0,361.0,721.0,737.0,663.0,1160.0,397.0,424.0,539.0,745.0,838.0,658.0,103.0,260.0,122.0,1035.0,769.0,665.0,1318.0,667.0,513.0,680.0,681.0,1116.0,641.0,308.0,626.0,506.0,980.0,204.0,977.0,435.0,889.0,575.0,281.0,845.0
227,1176.0,713.0,242.0,590.0,371.0,334.0,304.0,530.0,151.0,607.0,457.0,98.0,497.0,524.0,485.0,572.0,789.0,1238.0,848.0,843.0,84.0,535.0,952.0,972.0,615.0,834.0,877.0,698.0,366.0,722.0,10.0,826.0,100.0,651.0,74.0,170.0,395.0,467.0,20.0,528.0,1054.0,536.0,479.0,208.0,442.0,705.0,699.0,324.0,815.0,260.0,1052.0,683.0,570.0,665.0,396.0,323.0,480.0,645.0,1045.0,1152.0,542.0,323.0,89.0,279.0,965.0,361.0,721.0,733.0,665.0,1154.0,394.0,418.0,542.0,737.0,836.0,664.0,103.0,252.0,122.0,1030.0,781.0,672.0,1310.0,672.0,518.0,691.0,686.0,1131.0,634.0,304.0,621.0,504.0,987.0,204.0,976.0,440.0,882.0,592.0,282.0,830.0
228,1179.0,705.0,242.0,599.0,372.0,329.0,305.0,533.0,148.0,595.0,462.0,96.0,497.0,521.0,481.0,569.0,795.0,1235.0,842.0,851.0,82.0,528.0,950.0,982.0,619.0,842.0,880.0,705.0,364.0,719.0,10.0,838.0,100.0,638.0,74.0,170.0,388.0,469.0,20.0,524.0,1054.0,540.0,472.0,191.0,442.0,707.0,692.0,324.0,816.0,260.0,1042.0,691.0,573.0,663.0,395.0,326.0,480.0,639.0,1034.0,1161.0,541.0,320.0,89.0,282.0,976.0,361.0,720.0,743.0,661.0,1154.0,394.0,420.0,534.0,731.0,838.0,669.0,103.0,249.0,122.0,1036.0,785.0,673.0,1305.0,677.0,520.0,694.0,690.0,1145.0,631.0,299.0,617.0,497.0,981.0,204.0,979.0,447.0,892.0,596.0,278.0,842.0
229,1174.0,695.0,239.0,601.0,372.0,324.0,301.0,536.0,144.0,588.0,469.0,93.0,497.0,524.0,480.0,567.0,803.0,1250.0,836.0,862.0,82.0,532.0,959.0,938.0,625.0,843.0,886.0,712.0,369.0,717.0,10.0,835.0,100.0,635.0,74.0,170.0,380.0,469.0,20.0,532.0,1054.0,543.0,478.0,191.0,434.0,709.0,675.0,326.0,816.0,256.0,1031.0,687.0,565.0,673.0,395.0,330.0,479.0,634.0,1026.0,1158.0,541.0,320.0,88.0,282.0,974.0,365.0,715.0,745.0,657.0,1162.0,382.0,420.0,539.0,730.0,851.0,669.0,102.0,248.0,122.0,1039.0,796.0,682.0,1299.0,682.0,520.0,695.0,701.0,1145.0,625.0,293.0,612.0,494.0,972.0,204.0,995.0,453.0,892.0,592.0,277.0,833.0
230,1180.0,684.0,239.0,597.0,372.0,324.0,297.0,536.0,144.0,590.0,475.0,93.0,492.0,517.0,469.0,516.0,803.0,1267.0,827.0,873.0,82.0,532.0,967.0,945.0,631.0,849.0,884.0,715.0,373.0,713.0,10.0,834.0,100.0,631.0,74.0,167.0,375.0,479.0,20.0,537.0,1066.0,548.0,470.0,187.0,431.0,710.0,666.0,328.0,825.0,264.0,1016.0,693.0,560.0,676.0,388.0,328.0,485.0,626.0,1018.0,1158.0,537.0,317.0,87.0,280.0,984.0,371.0,715.0,747.0,655.0,1159.0,373.0,427.0,551.0,722.0,861.0,676.0,102.0,241.0,122.0,1035.0,796.0,686.0,1296.0,687.0,521.0,698.0,711.0,1141.0,625.0,286.0,620.0,505.0,965.0,204.0,1003.0,463.0,896.0,591.0,272.0,820.0
231,1177.0,650.0,239.0,589.0,370.0,321.0,295.0,538.0,144.0,595.0,483.0,91.0,462.0,513.0,469.0,516.0,800.0,1277.0,820.0,886.0,79.0,532.0,965.0,954.0,639.0,844.0,886.0,714.0,377.0,718.0,10.0,834.0,100.0,631.0,74.0,164.0,366.0,480.0,18.0,532.0,1058.0,552.0,465.0,185.0,435.0,712.0,658.0,333.0,834.0,264.0,1004.0,693.0,560.0,639.0,388.0,335.0,486.0,617.0,1025.0,1156.0,551.0,317.0,87.0,276.0,992.0,373.0,710.0,752.0,667.0,1159.0,380.0,430.0,553.0,734.0,824.0,674.0,101.0,241.0,121.0,1035.0,823.0,683.0,1296.0,692.0,517.0,699.0,711.0,1139.0,622.0,280.0,623.0,504.0,961.0,204.0,1008.0,458.0,907.0,590.0,272.0,820.0
232,1183.0,641.0,239.0,585.0,370.0,321.0,292.0,539.0,144.0,596.0,490.0,89.0,461.0,513.0,475.0,518.0,791.0,1275.0,831.0,899.0,77.0,532.0,968.0,951.0,637.0,839.0,897.0,718.0,378.0,714.0,10.0,842.0,100.0,634.0,74.0,161.0,366.0,483.0,18.0,533.0,1059.0,554.0,458.0,180.0,434.0,714.0,649.0,335.0,742.0,264.0,992.0,696.0,560.0,647.0,381.0,345.0,483.0,609.0,1035.0,1171.0,551.0,315.0,87.0,271.0,990.0,375.0,704.0,753.0,670.0,1168.0,372.0,430.0,565.0,735.0,823.0,693.0,101.0,238.0,106.0,1032.0,809.0,678.0,1301.0,698.0,514.0,692.0,712.0,1139.0,613.0,280.0,618.0,497.0,970.0,202.0,1019.0,457.0,915.0,599.0,272.0,812.0
233,1196.0,640.0,240.0,579.0,370.0,321.0,292.0,546.0,144.0,597.0,492.0,86.0,462.0,508.0,470.0,518.0,787.0,1276.0,831.0,908.0,77.0,527.0,968.0,973.0,637.0,838.0,902.0,717.0,382.0,717.0,10.0,845.0,97.0,635.0,74.0,161.0,352.0,485.0,18.0,528.0,1074.0,551.0,455.0,180.0,427.0,714.0,643.0,335.0,741.0,264.0,982.0,711.0,563.0,658.0,381.0,350.0,489.0,616.0,1036.0,1189.0,554.0,315.0,87.0,271.0,988.0,372.0,694.0,749.0,665.0,1167.0,362.0,430.0,565.0,736.0,826.0,679.0,101.0,232.0,99.0,1032.0,815.0,677.0,1266.0,704.0,507.0,692.0,724.0,1152.0,611.0,273.0,614.0,497.0,970.0,203.0,1033.0,460.0,909.0,598.0,272.0,818.0
234,1195.0,629.0,238.0,588.0,375.0,324.0,288.0,553.0,144.0,599.0,493.0,86.0,461.0,504.0,469.0,517.0,787.0,1265.0,825.0,923.0,75.0,528.0,977.0,976.0,642.0,837.0,902.0,721.0,382.0,720.0,10.0,843.0,80.0,634.0,74.0,161.0,343.0,495.0,18.0,524.0,1074.0,550.0,455.0,177.0,422.0,717.0,635.0,335.0,740.0,264.0,973.0,710.0,567.0,668.0,373.0,352.0,489.0,615.0,1039.0,1205.0,552.0,315.0,86.0,271.0,985.0,371.0,613.0,747.0,668.0,1168.0,362.0,430.0,566.0,726.0,829.0,686.0,99.0,233.0,86.0,1047.0,815.0,677.0,1267.0,712.0,514.0,692.0,730.0,1161.0,624.0,273.0,610.0,497.0,967.0,203.0,1033.0,456.0,909.0,598.0,269.0,814.0
235,1202.0,613.0,242.0,590.0,375.0,318.0,288.0,560.0,144.0,599.0,501.0,86.0,463.0,495.0,464.0,517.0,802.0,1265.0,818.0,928.0,75.0,523.0,987.0,977.0,637.0,836.0,895.0,721.0,386.0,727.0,10.0,835.0,76.0,624.0,72.0,161.0,351.0,501.0,18.0,537.0,1064.0,544.0,456.0,174.0,413.0,717.0,627.0,334.0,744.0,267.0,965.0,710.0,567.0,680.0,373.0,350.0,489.0,615.0,959.0,1205.0,549.0,314.0,86.0,269.0,988.0,371.0,618.0,747.0,663.0,1178.0,362.0,426.0,567.0,722.0,841.0,688.0,99.0,230.0,86.0,1053.0,810.0,680.0,1267.0,721.0,507.0,690.0,735.0,1170.0,625.0,266.0,619.0,497.0,962.0,203.0,1026.0,466.0,922.0,599.0,276.0,809.0
236,1197.0,614.0,242.0,593.0,374.0,313.0,288.0,564.0,140.0,599.0,505.0,86.0,463.0,495.0,457.0,522.0,801.0,1258.0,822.0,942.0,73.0,523.0,992.0,981.0,637.0,847.0,899.0,717.0,382.0,728.0,9.0,834.0,76.0,626.0,70.0,158.0,351.0,499.0,18.0,535.0,1069.0,544.0,446.0,174.0,416.0,717.0,624.0,336.0,764.0,267.0,955.0,703.0,567.0,691.0,373.0,350.0,487.0,608.0,965.0,1209.0,547.0,313.0,86.0,269.0,985.0,371.0,622.0,754.0,657.0,1183.0,362.0,425.0,574.0,727.0,838.0,689.0,98.0,223.0,79.0,1054.0,806.0,680.0,1286.0,731.0,499.0,700.0,736.0,1175.0,626.0,266.0,622.0,497.0,956.0,199.0,1027.0,469.0,923.0,594.0,276.0,804.0
237,1201.0,610.0,239.0,596.0,371.0,313.0,288.0,564.0,140.0,592.0,503.0,86.0,463.0,490.0,451.0,526.0,795.0,1259.0,822.0,945.0,73.0,525.0,995.0,988.0,641.0,851.0,896.0,719.0,375.0,731.0,9.0,837.0,76.0,626.0,70.0,155.0,347.0,496.0,18.0,544.0,1058.0,540.0,436.0,174.0,412.0,717.0,631.0,338.0,766.0,267.0,960.0,702.0,572.0,696.0,373.0,350.0,495.0,613.0,940.0,1210.0,543.0,312.0,86.0,265.0,992.0,349.0,618.0,763.0,659.0,1188.0,349.0,404.0,580.0,721.0,852.0,691.0,98.0,217.0,64.0,1052.0,802.0,679.0,1299.0,740.0,490.0,703.0,736.0,1178.0,626.0,266.0,626.0,493.0,959.0,192.0,1025.0,470.0,926.0,594.0,273.0,805.0
238,1208.0,604.0,239.0,598.0,367.0,306.0,288.0,564.0,138.0,592.0,512.0,86.0,459.0,488.0,439.0,525.0,802.0,1247.0,822.0,960.0,73.0,523.0,990.0,983.0,641.0,854.0,892.0,727.0,371.0,731.0,9.0,851.0,54.0,620.0,67.0,151.0,336.0,497.0,18.0,540.0,1061.0,542.0,428.0,170.0,405.0,717.0,631.0,337.0,770.0,259.0,954.0,693.0,573.0,701.0,373.0,350.0,498.0,603.0,929.0,1230.0,543.0,312.0,86.0,265.0,1004.0,348.0,623.0,770.0,655.0,1193.0,349.0,404.0,588.0,709.0,859.0,687.0,97.0,209.0,64.0,1053.0,799.0,679.0,1310.0,750.0,481.0,710.0,737.0,1192.0,627.0,266.0,629.0,484.0,950.0,196.0,1026.0,471.0,939.0,591.0,270.0,807.0
239,1214.0,593.0,239.0,594.0,375.0,296.0,288.0,563.0,136.0,587.0,512.0,84.0,467.0,487.0,430.0,529.0,799.0,1251.0,819.0,965.0,73.0,524.0,989.0,983.0,643.0,857.0,900.0,728.0,374.0,735.0,9.0,858.0,53.0,614.0,67.0,149.0,329.0,491.0,16.0,516.0,1057.0,545.0,419.0,170.0,399.0,713.0,631.0,338.0,767.0,235.0,950.0,690.0,577.0,703.0,375.0,350.0,502.0,606.0,934.0,1241.0,541.0,314.0,85.0,270.0,1005.0,320.0,634.0,768.0,651.0,1138.0,343.0,357.0,589.0,694.0,861.0,693.0,97.0,210.0,64.0,1055.0,796.0,682.0,1313.0,754.0,471.0,707.0,743.0,1189.0,620.0,259.0,627.0,484.0,955.0,196.0,1039.0,472.0,939.0,591.0,269.0,803.0
240,1212.0,589.0,239.0,589.0,373.0,287.0,283.0,572.0,136.0,587.0,520.0,82.0,464.0,489.0,430.0,536.0,794.0,1259.0,766.0,967.0,73.0,493.0,997.0,988.0,595.0,862.0,897.0,735.0,375.0,732.0,9.0,861.0,51.0,618.0,67.0,149.0,327.0,488.0,16.0,516.0,1049.0,505.0,419.0,167.0,395.0,725.0,631.0,339.0,769.0,235.0,947.0,698.0,574.0,708.0,372.0,346.0,507.0,603.0,937.0,1258.0,538.0,311.0,85.0,270.0,1004.0,320.0,640.0,779.0,651.0,1142.0,346.0,359.0,592.0,687.0,863.0,702.0,96.0,206.0,60.0,1059.0,796.0,678.0,1327.0,760.0,462.0,706.0,752.0,1196.0,626.0,259.0,618.0,480.0,957.0,186.0,1044.0,470.0,938.0,591.0,266.0,803.0
241,1213.0,583.0,239.0,529.0,371.0,289.0,287.0,572.0,136.0,594.0,518.0,81.0,470.0,487.0,423.0,544.0,783.0,1260.0,766.0,983.0,73.0,492.0,1016.0,992.0,597.0,868.0,899.0,731.0,375.0,739.0,9.0,865.0,51.0,616.0,67.0,149.0,327.0,496.0,16.0,507.0,1046.0,503.0,419.0,167.0,395.0,724.0,630.0,339.0,779.0,239.0,945.0,701.0,574.0,705.0,365.0,346.0,512.0,601.0,941.0,1254.0,538.0,311.0,74.0,267.0,1013.0,317.0,636.0,775.0,656.0,1147.0,345.0,361.0,591.0,687.0,860.0,706.0,96.0,206.0,60.0,1062.0,789.0,692.0,1339.0,762.0,456.0,699.0,768.0,1143.0,628.0,259.0,612.0,480.0,952.0,182.0,1048.0,466.0,941.0,591.0,266.0,801.0
242,1220.0,582.0,239.0,526.0,368.0,289.0,282.0,572.0,134.0,588.0,513.0,81.0,474.0,487.0,417.0,545.0,769.0,1262.0,774.0,983.0,73.0,492.0,1026.0,997.0,607.0,868.0,889.0,727.0,380.0,737.0,9.0,867.0,51.0,614.0,51.0,148.0,327.0,493.0,16.0,507.0,1046.0,497.0,421.0,163.0,393.0,722.0,628.0,338.0,792.0,238.0,945.0,701.0,591.0,701.0,358.0,346.0,517.0,595.0,939.0,1253.0,534.0,318.0,74.0,262.0,1013.0,326.0,649.0,778.0,659.0,1169.0,336.0,362.0,591.0,681.0,875.0,709.0,95.0,206.0,60.0,1057.0,791.0,697.0,1333.0,779.0,448.0,696.0,776.0,1151.0,628.0,259.0,619.0,480.0,962.0,184.0,1048.0,460.0,936.0,596.0,266.0,802.0
243,1219.0,582.0,235.0,530.0,367.0,289.0,277.0,567.0,132.0,588.0,506.0,81.0,477.0,486.0,417.0,539.0,763.0,1255.0,769.0,987.0,71.0,493.0,1035.0,995.0,609.0,869.0,896.0,734.0,372.0,735.0,9.0,867.0,50.0,605.0,37.0,146.0,327.0,495.0,16.0,509.0,1048.0,496.0,420.0,159.0,393.0,713.0,615.0,333.0,793.0,234.0,938.0,702.0,597.0,715.0,358.0,346.0,515.0,590.0,947.0,1254.0,547.0,316.0,74.0,262.0,1009.0,328.0,653.0,785.0,651.0,1180.0,336.0,363.0,597.0,682.0,887.0,710.0,95.0,202.0,60.0,1058.0,797.0,703.0,1328.0,789.0,448.0,689.0,781.0,1168.0,623.0,256.0,617.0,480.0,964.0,184.0,1044.0,460.0,941.0,598.0,266.0,801.0
244,1226.0,579.0,239.0,526.0,362.0,289.0,269.0,569.0,132.0,595.0,501.0,79.0,482.0,486.0,411.0,544.0,758.0,1256.0,781.0,980.0,70.0,494.0,1045.0,992.0,605.0,875.0,896.0,742.0,365.0,739.0,9.0,876.0,50.0,603.0,36.0,144.0,327.0,492.0,16.0,513.0,1053.0,492.0,419.0,155.0,386.0,703.0,615.0,329.0,792.0,229.0,939.0,694.0,604.0,720.0,358.0,340.0,515.0,568.0,954.0,1273.0,549.0,321.0,74.0,262.0,1003.0,330.0,658.0,787.0,661.0,1192.0,330.0,362.0,595.0,677.0,892.0,714.0,95.0,202.0,60.0,1056.0,798.0,701.0,1333.0,798.0,448.0,684.0,784.0,1180.0,623.0,254.0,613.0,480.0,965.0,184.0,1042.0,460.0,938.0,598.0,262.0,806.0
245,1233.0,577.0,239.0,526.0,356.0,289.0,262.0,568.0,132.0,589.0,499.0,79.0,486.0,486.0,407.0,541.0,774.0,1245.0,785.0,974.0,70.0,496.0,1052.0,985.0,600.0,873.0,900.0,739.0,360.0,741.0,9.0,881.0,50.0,603.0,36.0,144.0,319.0,487.0,16.0,507.0,1058.0,488.0,414.0,151.0,386.0,714.0,609.0,329.0,792.0,230.0,938.0,691.0,600.0,727.0,354.0,340.0,522.0,564.0,955.0,1282.0,552.0,323.0,74.0,260.0,999.0,327.0,662.0,782.0,662.0,1199.0,322.0,362.0,587.0,675.0,895.0,714.0,95.0,202.0,60.0,1066.0,800.0,701.0,1340.0,797.0,449.0,697.0,781.0,1193.0,621.0,247.0,608.0,474.0,975.0,184.0,1030.0,468.0,945.0,591.0,254.0,798.0
246,1257.0,576.0,235.0,529.0,352.0,289.0,260.0,580.0,132.0,583.0,497.0,79.0,487.0,490.0,407.0,542.0,778.0,1245.0,788.0,969.0,70.0,498.0,1053.0,936.0,595.0,875.0,908.0,748.0,357.0,743.0,9.0,876.0,50.0,602.0,36.0,144.0,319.0,482.0,16.0,512.0,1059.0,485.0,414.0,151.0,390.0,712.0,603.0,327.0,788.0,230.0,935.0,687.0,595.0,727.0,346.0,340.0,524.0,568.0,960.0,1291.0,542.0,323.0,74.0,256.0,1000.0,326.0,668.0,792.0,661.0,1200.0,320.0,364.0,595.0,667.0,891.0,727.0,95.0,202.0,62.0,1071.0,804.0,709.0,1358.0,796.0,443.0,698.0,780.0,1206.0,621.0,247.0,601.0,477.0,971.0,184.0,1023.0,467.0,948.0,589.0,253.0,793.0
247,1272.0,576.0,235.0,534.0,342.0,289.0,260.0,584.0,131.0,583.0,494.0,79.0,490.0,492.0,408.0,542.0,773.0,1242.0,793.0,968.0,70.0,499.0,1063.0,946.0,596.0,888.0,914.0,754.0,357.0,741.0,8.0,872.0,50.0,603.0,36.0,142.0,311.0,479.0,16.0,514.0,1074.0,480.0,414.0,151.0,391.0,707.0,602.0,327.0,783.0,230.0,934.0,687.0,586.0,736.0,344.0,341.0,527.0,568.0,957.0,1291.0,536.0,318.0,74.0,257.0,1000.0,328.0,669.0,796.0,660.0,1201.0,320.0,366.0,599.0,670.0,885.0,724.0,95.0,204.0,62.0,1076.0,801.0,721.0,1368.0,793.0,438.0,702.0,778.0,1207.0,614.0,245.0,593.0,472.0,974.0,184.0,1014.0,466.0,958.0,585.0,250.0,783.0
248,1282.0,575.0,235.0,540.0,346.0,287.0,257.0,586.0,120.0,585.0,488.0,77.0,483.0,494.0,405.0,544.0,765.0,1241.0,800.0,974.0,68.0,500.0,1076.0,960.0,601.0,894.0,914.0,737.0,357.0,740.0,8.0,865.0,50.0,605.0,35.0,142.0,302.0,486.0,16.0,517.0,1070.0,485.0,413.0,148.0,391.0,705.0,604.0,327.0,782.0,230.0,936.0,675.0,592.0,733.0,340.0,343.0,527.0,569.0,957.0,1290.0,533.0,315.0,74.0,257.0,998.0,329.0,671.0,791.0,669.0,1211.0,320.0,370.0,603.0,670.0,893.0,725.0,95.0,204.0,62.0,1077.0,798.0,734.0,1379.0,791.0,436.0,705.0,781.0,1214.0,614.0,242.0,593.0,478.0,987.0,184.0,1006.0,467.0,969.0,599.0,249.0,796.0
249,1289.0,575.0,229.0,546.0,336.0,285.0,249.0,585.0,117.0,585.0,486.0,75.0,483.0,495.0,399.0,539.0,776.0,1241.0,807.0,994.0,68.0,502.0,1083.0,962.0,600.0,891.0,916.0,734.0,360.0,740.0,8.0,863.0,50.0,605.0,39.0,142.0,296.0,486.0,16.0,514.0,1070.0,488.0,408.0,148.0,395.0,706.0,601.0,325.0,797.0,229.0,935.0,678.0,599.0,750.0,333.0,347.0,524.0,570.0,966.0,1290.0,536.0,315.0,71.0,257.0,1004.0,334.0,675.0,794.0,666.0,1218.0,314.0,378.0,601.0,670.0,889.0,736.0,92.0,205.0,62.0,1074.0,802.0,736.0,1386.0,785.0,434.0,700.0,801.0,1221.0,606.0,238.0,593.0,479.0,993.0,184.0,1003.0,464.0,979.0,598.0,249.0,798.0
250,1284.0,575.0,229.0,548.0,336.0,285.0,247.0,583.0,117.0,585.0,478.0,75.0,488.0,497.0,397.0,537.0,763.0,1245.0,807.0,994.0,68.0,505.0,1077.0,960.0,603.0,885.0,912.0,738.0,358.0,733.0,8.0,879.0,50.0,602.0,39.0,140.0,296.0,478.0,16.0,521.0,1091.0,488.0,412.0,145.0,397.0,713.0,601.0,323.0,793.0,228.0,929.0,677.0,592.0,747.0,330.0,346.0,525.0,572.0,973.0,1290.0,538.0,309.0,69.0,258.0,1001.0,339.0,686.0,773.0,681.0,1210.0,311.0,383.0,603.0,667.0,885.0,741.0,92.0,204.0,62.0,1065.0,809.0,741.0,1380.0,775.0,433.0,708.0,811.0,1210.0,606.0,233.0,583.0,479.0,983.0,184.0,994.0,475.0,979.0,594.0,245.0,796.0
251,1291.0,575.0,229.0,550.0,329.0,277.0,239.0,583.0,117.0,586.0,490.0,73.0,485.0,499.0,397.0,537.0,756.0,1258.0,808.0,1002.0,67.0,505.0,1075.0,955.0,593.0,884.0,912.0,751.0,351.0,750.0,8.0,884.0,50.0,602.0,39.0,138.0,291.0,477.0,15.0,524.0,1105.0,485.0,412.0,143.0,395.0,710.0,600.0,326.0,791.0,228.0,929.0,683.0,592.0,747.0,330.0,348.0,521.0,573.0,969.0,1292.0,535.0,309.0,69.0,257.0,1006.0,346.0,685.0,779.0,685.0,1207.0,310.0,386.0,601.0,663.0,883.0,711.0,87.0,204.0,57.0,1065.0,815.0,743.0,1380.0,772.0,432.0,712.0,808.0,1206.0,608.0,228.0,580.0,478.0,978.0,184.0,990.0,478.0,980.0,590.0,245.0,796.0
252,1299.0,577.0,229.0,557.0,329.0,273.0,235.0,592.0,117.0,587.0,487.0,72.0,484.0,499.0,390.0,535.0,751.0,1264.0,814.0,1001.0,66.0,505.0,1083.0,962.0,591.0,882.0,907.0,756.0,345.0,752.0,8.0,888.0,50.0,599.0,39.0,135.0,291.0,487.0,15.0,528.0,1099.0,482.0,405.0,143.0,390.0,704.0,601.0,324.0,804.0,226.0,924.0,681.0,592.0,741.0,325.0,360.0,526.0,574.0,972.0,1304.0,530.0,309.0,69.0,258.0,1005.0,348.0,687.0,777.0,679.0,1219.0,307.0,385.0,598.0,657.0,880.0,709.0,87.0,204.0,56.0,1054.0,815.0,740.0,1374.0,766.0,432.0,716.0,806.0,1201.0,608.0,228.0,572.0,472.0,983.0,184.0,1002.0,480.0,979.0,585.0,245.0,794.0
253,1292.0,580.0,225.0,557.0,329.0,273.0,235.0,595.0,117.0,582.0,482.0,70.0,485.0,499.0,385.0,548.0,744.0,1269.0,819.0,960.0,66.0,512.0,1083.0,969.0,595.0,878.0,916.0,765.0,343.0,758.0,8.0,895.0,50.0,599.0,39.0,135.0,283.0,475.0,15.0,530.0,1105.0,479.0,401.0,143.0,387.0,704.0,603.0,324.0,804.0,226.0,925.0,689.0,590.0,751.0,325.0,357.0,529.0,576.0,974.0,1312.0,529.0,309.0,69.0,259.0,1006.0,350.0,681.0,774.0,683.0,1224.0,301.0,385.0,592.0,672.0,875.0,730.0,87.0,204.0,56.0,1054.0,822.0,740.0,1376.0,759.0,425.0,719.0,804.0,1207.0,615.0,214.0,567.0,472.0,994.0,176.0,1006.0,474.0,999.0,572.0,245.0,798.0
254,1289.0,576.0,223.0,556.0,327.0,274.0,233.0,593.0,117.0,580.0,481.0,70.0,482.0,506.0,386.0,546.0,739.0,1273.0,827.0,972.0,65.0,513.0,1084.0,974.0,590.0,864.0,921.0,767.0,341.0,759.0,8.0,895.0,49.0,602.0,39.0,135.0,283.0,474.0,15.0,535.0,1108.0,475.0,401.0,139.0,392.0,701.0,594.0,324.0,804.0,226.0,937.0,684.0,586.0,751.0,317.0,352.0,529.0,579.0,980.0,1330.0,530.0,305.0,65.0,259.0,1005.0,349.0,688.0,774.0,680.0,1233.0,301.0,385.0,590.0,676.0,876.0,739.0,78.0,202.0,56.0,1057.0,831.0,737.0,1303.0,758.0,423.0,719.0,803.0,1213.0,610.0,214.0,574.0,472.0,994.0,176.0,1006.0,467.0,965.0,566.0,241.0,797.0
255,1287.0,573.0,228.0,574.0,327.0,271.0,233.0,592.0,117.0,580.0,480.0,70.0,477.0,504.0,383.0,546.0,734.0,1279.0,824.0,975.0,65.0,521.0,1095.0,993.0,588.0,868.0,929.0,768.0,342.0,756.0,8.0,898.0,49.0,596.0,39.0,135.0,280.0,468.0,15.0,535.0,1121.0,474.0,391.0,130.0,351.0,701.0,589.0,317.0,809.0,223.0,940.0,684.0,584.0,673.0,317.0,345.0,529.0,579.0,996.0,1334.0,528.0,301.0,65.0,260.0,1003.0,349.0,697.0,774.0,689.0,1240.0,301.0,388.0,590.0,669.0,886.0,746.0,78.0,204.0,56.0,1052.0,830.0,731.0,1309.0,769.0,415.0,716.0,807.0,1212.0,611.0,211.0,574.0,472.0,992.0,176.0,1004.0,460.0,974.0,558.0,236.0,798.0
256,1290.0,565.0,228.0,582.0,321.0,267.0,233.0,591.0,115.0,580.0,478.0,70.0,477.0,504.0,384.0,541.0,738.0,1286.0,794.0,979.0,65.0,532.0,1103.0,999.0,588.0,872.0,935.0,763.0,339.0,754.0,7.0,899.0,49.0,587.0,39.0,132.0,276.0,464.0,15.0,549.0,1129.0,474.0,393.0,130.0,350.0,704.0,587.0,320.0,812.0,223.0,936.0,683.0,584.0,685.0,317.0,339.0,529.0,575.0,1003.0,1354.0,522.0,300.0,58.0,263.0,1004.0,352.0,709.0,772.0,690.0,1237.0,301.0,388.0,597.0,671.0,888.0,744.0,69.0,203.0,56.0,1066.0,821.0,731.0,1318.0,770.0,411.0,716.0,813.0,1227.0,607.0,211.0,575.0,472.0,999.0,171.0,1002.0,455.0,968.0,548.0,230.0,789.0
257,1293.0,572.0,226.0,588.0,315.0,267.0,233.0,591.0,115.0,578.0,476.0,70.0,477.0,508.0,384.0,537.0,736.0,1283.0,794.0,977.0,65.0,532.0,1108.0,1003.0,592.0,837.0,940.0,769.0,336.0,751.0,7.0,897.0,49.0,590.0,39.0,130.0,270.0,454.0,15.0,553.0,1134.0,474.0,384.0,130.0,347.0,705.0,597.0,322.0,813.0,223.0,931.0,690.0,585.0,672.0,317.0,339.0,525.0,572.0,1013.0,1360.0,517.0,293.0,55.0,263.0,993.0,354.0,705.0,786.0,689.0,1233.0,294.0,388.0,599.0,675.0,891.0,741.0,69.0,199.0,51.0,1069.0,813.0,726.0,1330.0,770.0,403.0,723.0,813.0,1227.0,603.0,211.0,573.0,468.0,1007.0,166.0,993.0,451.0,970.0,548.0,207.0,802.0
258,1292.0,574.0,226.0,581.0,311.0,262.0,233.0,592.0,111.0,575.0,470.0,70.0,477.0,500.0,380.0,533.0,733.0,1280.0,806.0,971.0,65.0,533.0,1109.0,1007.0,592.0,829.0,944.0,784.0,332.0,751.0,7.0,901.0,45.0,581.0,38.0,128.0,265.0,448.0,15.0,558.0,1135.0,477.0,375.0,128.0,348.0,699.0,600.0,321.0,821.0,220.0,926.0,683.0,594.0,672.0,317.0,339.0,523.0,565.0,1018.0,1355.0,517.0,293.0,55.0,261.0,1009.0,354.0,703.0,779.0,695.0,1224.0,294.0,386.0,599.0,665.0,895.0,737.0,59.0,201.0,51.0,1063.0,813.0,726.0,1355.0,765.0,396.0,722.0,820.0,1221.0,611.0,211.0,577.0,474.0,1003.0,162.0,996.0,449.0,962.0,548.0,209.0,796.0
259,1286.0,574.0,226.0,579.0,308.0,258.0,233.0,595.0,110.0,575.0,454.0,70.0,477.0,491.0,374.0,530.0,722.0,1281.0,815.0,966.0,65.0,530.0,1109.0,1000.0,594.0,833.0,932.0,793.0,330.0,755.0,7.0,900.0,45.0,573.0,38.0,126.0,264.0,438.0,14.0,558.0,1136.0,479.0,363.0,128.0,348.0,694.0,603.0,321.0,824.0,217.0,920.0,683.0,600.0,662.0,313.0,332.0,515.0,574.0,1020.0,1364.0,517.0,287.0,52.0,270.0,1006.0,359.0,700.0,782.0,699.0,1224.0,288.0,382.0,599.0,658.0,900.0,731.0,59.0,195.0,51.0,1047.0,822.0,723.0,1368.0,760.0,395.0,718.0,818.0,1202.0,605.0,208.0,565.0,469.0,990.0,162.0,983.0,444.0,956.0,546.0,209.0,806.0
260,1289.0,573.0,226.0,568.0,305.0,253.0,228.0,596.0,110.0,579.0,448.0,69.0,474.0,488.0,374.0,546.0,725.0,1279.0,826.0,954.0,65.0,544.0,1104.0,997.0,594.0,828.0,924.0,792.0,328.0,748.0,7.0,891.0,39.0,562.0,38.0,126.0,258.0,443.0,14.0,558.0,1127.0,479.0,363.0,126.0,339.0,687.0,606.0,317.0,815.0,209.0,921.0,673.0,605.0,659.0,313.0,315.0,513.0,575.0,1013.0,1358.0,513.0,284.0,52.0,264.0,1008.0,359.0,692.0,772.0,699.0,1212.0,282.0,379.0,594.0,664.0,905.0,721.0,51.0,195.0,51.0,1031.0,825.0,721.0,1369.0,754.0,391.0,708.0,771.0,1193.0,610.0,208.0,559.0,461.0,980.0,158.0,992.0,443.0,948.0,542.0,209.0,809.0
261,1305.0,564.0,226.0,562.0,303.0,244.0,226.0,596.0,110.0,585.0,446.0,69.0,465.0,491.0,370.0,540.0,725.0,1292.0,834.0,941.0,65.0,548.0,1102.0,1001.0,596.0,831.0,925.0,784.0,328.0,736.0,7.0,879.0,34.0,554.0,38.0,126.0,258.0,439.0,14.0,553.0,1124.0,482.0,363.0,126.0,339.0,697.0,603.0,317.0,810.0,209.0,916.0,686.0,604.0,651.0,310.0,315.0,506.0,575.0,1017.0,1367.0,515.0,284.0,48.0,264.0,1001.0,354.0,636.0,769.0,697.0,1205.0,282.0,374.0,591.0,665.0,909.0,714.0,51.0,195.0,51.0,1019.0,819.0,719.0,1387.0,744.0,385.0,706.0,778.0,1195.0,604.0,208.0,563.0,461.0,981.0,154.0,993.0,441.0,937.0,542.0,209.0,812.0
262,1307.0,564.0,226.0,557.0,296.0,244.0,225.0,596.0,106.0,588.0,440.0,69.0,461.0,491.0,367.0,532.0,725.0,1302.0,845.0,930.0,65.0,547.0,1106.0,998.0,587.0,838.0,929.0,802.0,322.0,723.0,7.0,895.0,34.0,553.0,38.0,126.0,258.0,430.0,14.0,546.0,1124.0,484.0,341.0,124.0,337.0,698.0,606.0,314.0,812.0,206.0,911.0,687.0,610.0,653.0,305.0,315.0,503.0,575.0,1016.0,1386.0,524.0,273.0,48.0,258.0,1007.0,348.0,633.0,767.0,694.0,1214.0,277.0,373.0,588.0,663.0,916.0,701.0,31.0,195.0,51.0,1002.0,817.0,733.0,1390.0,711.0,384.0,704.0,778.0,1192.0,603.0,208.0,561.0,461.0,995.0,150.0,995.0,435.0,928.0,538.0,209.0,814.0
263,1314.0,564.0,227.0,557.0,293.0,244.0,224.0,596.0,89.0,591.0,445.0,69.0,458.0,486.0,367.0,532.0,725.0,1312.0,859.0,919.0,64.0,548.0,1123.0,998.0,582.0,835.0,931.0,803.0,319.0,716.0,7.0,897.0,32.0,556.0,38.0,125.0,258.0,433.0,14.0,541.0,1132.0,482.0,319.0,122.0,337.0,694.0,608.0,309.0,813.0,203.0,915.0,686.0,618.0,652.0,303.0,315.0,501.0,576.0,1019.0,1382.0,529.0,281.0,48.0,254.0,1009.0,354.0,631.0,775.0,702.0,1213.0,277.0,379.0,594.0,659.0,921.0,698.0,31.0,190.0,51.0,1005.0,824.0,730.0,1398.0,710.0,384.0,710.0,792.0,1209.0,602.0,201.0,559.0,452.0,994.0,150.0,998.0,435.0,921.0,535.0,209.0,820.0
264,1327.0,569.0,224.0,553.0,292.0,244.0,222.0,613.0,89.0,596.0,444.0,59.0,451.0,492.0,368.0,526.0,728.0,1324.0,870.0,906.0,63.0,556.0,1134.0,1004.0,580.0,847.0,937.0,813.0,322.0,705.0,7.0,898.0,32.0,550.0,38.0,124.0,258.0,432.0,14.0,546.0,1146.0,477.0,278.0,120.0,331.0,697.0,610.0,307.0,820.0,200.0,919.0,684.0,624.0,658.0,301.0,311.0,508.0,578.0,1017.0,1394.0,530.0,280.0,48.0,254.0,1011.0,353.0,626.0,776.0,710.0,1228.0,272.0,379.0,592.0,653.0,931.0,693.0,31.0,190.0,51.0,1012.0,826.0,730.0,1397.0,712.0,384.0,711.0,803.0,1214.0,603.0,201.0,557.0,452.0,995.0,150.0,1004.0,435.0,926.0,535.0,209.0,826.0
265,1339.0,571.0,221.0,553.0,287.0,244.0,218.0,620.0,89.0,598.0,444.0,59.0,460.0,492.0,368.0,524.0,734.0,1336.0,879.0,901.0,63.0,557.0,1142.0,1014.0,580.0,850.0,942.0,818.0,322.0,694.0,7.0,902.0,32.0,550.0,38.0,124.0,258.0,431.0,14.0,548.0,1157.0,483.0,273.0,118.0,331.0,691.0,611.0,307.0,823.0,195.0,920.0,684.0,630.0,658.0,297.0,311.0,508.0,571.0,1026.0,1403.0,535.0,273.0,48.0,253.0,1019.0,352.0,623.0,776.0,718.0,1234.0,272.0,379.0,588.0,645.0,947.0,693.0,31.0,190.0,51.0,1009.0,830.0,730.0,1417.0,712.0,385.0,714.0,810.0,1220.0,603.0,200.0,556.0,459.0,994.0,150.0,1009.0,431.0,928.0,534.0,207.0,826.0
266,1352.0,573.0,220.0,554.0,287.0,244.0,214.0,625.0,89.0,600.0,444.0,59.0,458.0,492.0,368.0,521.0,741.0,1350.0,886.0,908.0,63.0,563.0,1149.0,1021.0,584.0,855.0,949.0,824.0,322.0,699.0,7.0,900.0,32.0,545.0,38.0,124.0,258.0,431.0,14.0,546.0,1170.0,483.0,273.0,118.0,335.0,695.0,612.0,304.0,825.0,195.0,920.0,672.0,631.0,659.0,293.0,311.0,507.0,573.0,1029.0,1412.0,537.0,273.0,48.0,252.0,1026.0,352.0,635.0,775.0,719.0,1153.0,265.0,377.0,593.0,640.0,954.0,686.0,31.0,190.0,46.0,1002.0,825.0,740.0,1425.0,711.0,382.0,716.0,816.0,1229.0,603.0,200.0,556.0,452.0,1002.0,150.0,1013.0,428.0,927.0,534.0,205.0,834.0
267,1350.0,576.0,220.0,557.0,280.0,244.0,214.0,627.0,89.0,602.0,444.0,59.0,454.0,490.0,364.0,521.0,745.0,1363.0,896.0,902.0,63.0,566.0,1145.0,1029.0,589.0,852.0,948.0,833.0,322.0,686.0,6.0,902.0,32.0,541.0,38.0,123.0,257.0,432.0,14.0,546.0,1171.0,484.0,273.0,118.0,334.0,696.0,609.0,304.0,822.0,195.0,921.0,672.0,633.0,661.0,285.0,310.0,506.0,579.0,1026.0,1412.0,540.0,276.0,48.0,248.0,1036.0,350.0,634.0,771.0,713.0,1143.0,265.0,378.0,596.0,647.0,953.0,682.0,31.0,191.0,46.0,992.0,830.0,747.0,1432.0,715.0,382.0,719.0,824.0,1239.0,606.0,196.0,558.0,447.0,1006.0,150.0,1014.0,428.0,927.0,535.0,203.0,832.0
268,1346.0,573.0,220.0,561.0,278.0,241.0,210.0,624.0,82.0,603.0,444.0,53.0,445.0,494.0,368.0,519.0,752.0,1375.0,907.0,874.0,62.0,565.0,1140.0,1039.0,597.0,859.0,963.0,826.0,322.0,675.0,6.0,896.0,32.0,539.0,35.0,123.0,256.0,426.0,14.0,550.0,1173.0,485.0,273.0,116.0,334.0,699.0,615.0,304.0,827.0,195.0,918.0,665.0,632.0,663.0,284.0,304.0,506.0,576.0,1022.0,1403.0,544.0,277.0,48.0,244.0,1046.0,349.0,637.0,774.0,708.0,1152.0,265.0,377.0,592.0,648.0,969.0,680.0,31.0,191.0,46.0,977.0,840.0,743.0,1437.0,710.0,382.0,721.0,833.0,1249.0,602.0,193.0,559.0,438.0,1008.0,150.0,1021.0,428.0,923.0,537.0,203.0,827.0
269,1344.0,562.0,219.0,565.0,273.0,239.0,198.0,629.0,68.0,600.0,448.0,45.0,445.0,494.0,367.0,518.0,752.0,1383.0,915.0,874.0,62.0,562.0,1133.0,1051.0,592.0,852.0,973.0,829.0,318.0,675.0,6.0,888.0,32.0,539.0,32.0,123.0,252.0,431.0,14.0,546.0,1173.0,482.0,268.0,116.0,328.0,700.0,615.0,304.0,831.0,190.0,914.0,675.0,622.0,666.0,276.0,297.0,506.0,582.0,1020.0,1403.0,549.0,277.0,48.0,244.0,1049.0,353.0,637.0,776.0,713.0,1143.0,265.0,382.0,600.0,649.0,979.0,680.0,13.0,188.0,46.0,965.0,848.0,752.0,1438.0,706.0,380.0,726.0,841.0,1258.0,602.0,189.0,561.0,439.0,1002.0,150.0,1034.0,431.0,922.0,539.0,203.0,826.0
270,1356.0,562.0,219.0,569.0,273.0,239.0,192.0,630.0,68.0,600.0,448.0,45.0,441.0,495.0,366.0,518.0,744.0,1389.0,915.0,866.0,62.0,559.0,1126.0,1059.0,588.0,861.0,971.0,832.0,322.0,679.0,6.0,872.0,32.0,539.0,29.0,122.0,252.0,431.0,14.0,544.0,1178.0,486.0,262.0,114.0,336.0,706.0,615.0,306.0,837.0,177.0,911.0,667.0,616.0,670.0,269.0,290.0,508.0,586.0,1026.0,1407.0,547.0,279.0,46.0,240.0,1055.0,350.0,642.0,780.0,707.0,1146.0,265.0,384.0,605.0,650.0,975.0,681.0,13.0,185.0,46.0,953.0,851.0,757.0,1439.0,714.0,378.0,731.0,849.0,1267.0,602.0,184.0,551.0,435.0,1005.0,150.0,1041.0,433.0,916.0,540.0,203.0,842.0
271,1360.0,553.0,219.0,570.0,266.0,237.0,190.0,632.0,68.0,607.0,445.0,38.0,436.0,496.0,366.0,518.0,740.0,1395.0,935.0,859.0,61.0,559.0,1129.0,1076.0,584.0,856.0,974.0,835.0,321.0,670.0,6.0,862.0,32.0,539.0,29.0,121.0,252.0,431.0,13.0,544.0,1200.0,482.0,262.0,112.0,336.0,709.0,622.0,305.0,843.0,177.0,911.0,674.0,616.0,675.0,269.0,284.0,511.0,589.0,1026.0,1432.0,561.0,279.0,46.0,240.0,1056.0,352.0,642.0,784.0,705.0,1147.0,261.0,386.0,610.0,648.0,979.0,680.0,17.0,185.0,41.0,953.0,856.0,759.0,1439.0,710.0,373.0,737.0,848.0,1244.0,600.0,179.0,551.0,430.0,1002.0,150.0,1044.0,434.0,911.0,542.0,203.0,843.0
272,1366.0,567.0,219.0,572.0,266.0,236.0,190.0,634.0,68.0,611.0,445.0,38.0,430.0,497.0,363.0,520.0,732.0,1406.0,934.0,851.0,60.0,564.0,1076.0,1091.0,597.0,856.0,991.0,851.0,321.0,655.0,6.0,860.0,32.0,539.0,29.0,119.0,252.0,434.0,13.0,550.0,1206.0,482.0,256.0,112.0,334.0,712.0,626.0,305.0,852.0,145.0,913.0,675.0,616.0,681.0,264.0,286.0,512.0,592.0,1018.0,1437.0,567.0,276.0,46.0,228.0,1072.0,351.0,643.0,784.0,709.0,1165.0,257.0,385.0,614.0,661.0,945.0,676.0,23.0,182.0,41.0,946.0,856.0,762.0,1432.0,710.0,373.0,744.0,848.0,1252.0,600.0,179.0,556.0,429.0,1009.0,147.0,1045.0,433.0,922.0,544.0,203.0,837.0
273,1373.0,564.0,219.0,572.0,266.0,236.0,190.0,642.0,68.0,608.0,442.0,31.0,426.0,497.0,365.0,523.0,730.0,1429.0,959.0,851.0,60.0,571.0,1076.0,1102.0,599.0,866.0,998.0,854.0,327.0,641.0,6.0,855.0,32.0,534.0,29.0,119.0,250.0,434.0,13.0,553.0,1219.0,485.0,250.0,112.0,328.0,714.0,622.0,305.0,855.0,145.0,837.0,670.0,562.0,691.0,264.0,267.0,514.0,588.0,1022.0,1443.0,571.0,282.0,46.0,227.0,1072.0,356.0,648.0,771.0,707.0,1162.0,251.0,385.0,620.0,668.0,944.0,674.0,23.0,179.0,41.0,946.0,863.0,765.0,1455.0,704.0,372.0,740.0,851.0,1247.0,612.0,176.0,562.0,429.0,1008.0,147.0,1047.0,433.0,929.0,547.0,203.0,838.0
274,1376.0,557.0,215.0,567.0,263.0,231.0,187.0,643.0,68.0,617.0,442.0,31.0,426.0,493.0,365.0,521.0,740.0,1442.0,972.0,859.0,58.0,573.0,1077.0,1122.0,599.0,870.0,1002.0,858.0,320.0,626.0,6.0,867.0,27.0,541.0,29.0,119.0,250.0,440.0,13.0,556.0,1215.0,488.0,250.0,109.0,332.0,714.0,631.0,305.0,855.0,145.0,841.0,670.0,561.0,694.0,258.0,267.0,514.0,591.0,1019.0,1447.0,570.0,283.0,43.0,227.0,1072.0,358.0,641.0,774.0,701.0,1162.0,251.0,385.0,614.0,673.0,944.0,680.0,23.0,176.0,41.0,833.0,871.0,769.0,1460.0,701.0,369.0,740.0,866.0,1264.0,607.0,176.0,560.0,429.0,964.0,147.0,1063.0,433.0,923.0,550.0,205.0,836.0
275,1364.0,545.0,218.0,564.0,263.0,231.0,187.0,636.0,68.0,617.0,435.0,31.0,424.0,489.0,365.0,521.0,743.0,1436.0,980.0,850.0,58.0,571.0,1097.0,1131.0,598.0,872.0,988.0,855.0,320.0,609.0,6.0,862.0,27.0,543.0,29.0,119.0,247.0,435.0,13.0,560.0,1209.0,490.0,244.0,106.0,326.0,714.0,627.0,307.0,857.0,144.0,843.0,670.0,553.0,697.0,258.0,249.0,514.0,591.0,1038.0,1467.0,567.0,283.0,43.0,228.0,1063.0,358.0,638.0,774.0,692.0,1157.0,251.0,384.0,613.0,675.0,951.0,677.0,23.0,172.0,41.0,823.0,879.0,770.0,1474.0,691.0,367.0,739.0,872.0,1273.0,606.0,173.0,562.0,429.0,970.0,147.0,1071.0,433.0,916.0,555.0,204.0,834.0
276,1366.0,539.0,218.0,567.0,263.0,225.0,187.0,638.0,68.0,617.0,433.0,31.0,424.0,489.0,368.0,521.0,745.0,1442.0,992.0,846.0,58.0,570.0,1116.0,1131.0,598.0,867.0,995.0,851.0,319.0,609.0,5.0,856.0,27.0,507.0,29.0,117.0,244.0,443.0,13.0,561.0,1147.0,493.0,238.0,106.0,327.0,720.0,638.0,303.0,861.0,144.0,859.0,672.0,553.0,708.0,258.0,238.0,514.0,599.0,1044.0,1490.0,561.0,283.0,43.0,225.0,1054.0,355.0,636.0,776.0,700.0,1157.0,251.0,387.0,613.0,679.0,968.0,679.0,23.0,169.0,41.0,824.0,877.0,777.0,1489.0,693.0,361.0,744.0,878.0,1284.0,607.0,173.0,563.0,429.0,973.0,144.0,1082.0,431.0,917.0,558.0,202.0,838.0
277,1363.0,533.0,218.0,577.0,263.0,225.0,187.0,645.0,68.0,617.0,433.0,31.0,424.0,495.0,365.0,521.0,738.0,1450.0,995.0,834.0,58.0,566.0,1128.0,1136.0,592.0,867.0,996.0,834.0,319.0,609.0,5.0,859.0,27.0,507.0,29.0,116.0,240.0,441.0,13.0,556.0,1155.0,496.0,232.0,106.0,325.0,728.0,636.0,307.0,878.0,144.0,872.0,668.0,553.0,717.0,258.0,238.0,514.0,605.0,1044.0,1507.0,561.0,281.0,43.0,221.0,1046.0,351.0,636.0,777.0,695.0,1150.0,248.0,387.0,626.0,683.0,978.0,679.0,23.0,169.0,38.0,825.0,875.0,774.0,1497.0,697.0,357.0,746.0,881.0,1282.0,614.0,173.0,574.0,429.0,970.0,141.0,1082.0,431.0,914.0,560.0,202.0,847.0
278,1381.0,526.0,218.0,576.0,255.0,222.0,187.0,647.0,60.0,629.0,431.0,31.0,418.0,498.0,359.0,529.0,732.0,1477.0,1009.0,826.0,58.0,562.0,1140.0,1149.0,592.0,881.0,1004.0,832.0,319.0,609.0,5.0,859.0,23.0,508.0,29.0,116.0,240.0,441.0,13.0,554.0,1150.0,500.0,226.0,105.0,320.0,736.0,635.0,305.0,880.0,142.0,881.0,624.0,571.0,724.0,258.0,238.0,514.0,610.0,1044.0,1522.0,563.0,281.0,43.0,220.0,1037.0,347.0,629.0,794.0,698.0,1148.0,248.0,386.0,632.0,684.0,989.0,673.0,23.0,165.0,38.0,836.0,875.0,774.0,1489.0,700.0,356.0,741.0,884.0,1280.0,609.0,173.0,578.0,427.0,965.0,138.0,1084.0,430.0,917.0,561.0,202.0,857.0
279,1386.0,529.0,218.0,575.0,251.0,219.0,187.0,648.0,60.0,635.0,427.0,31.0,420.0,501.0,363.0,542.0,741.0,1485.0,1024.0,832.0,58.0,551.0,1150.0,1151.0,588.0,883.0,1013.0,836.0,318.0,603.0,5.0,854.0,23.0,509.0,29.0,114.0,235.0,447.0,12.0,554.0,1150.0,506.0,221.0,105.0,320.0,734.0,633.0,304.0,893.0,140.0,889.0,624.0,576.0,730.0,258.0,218.0,526.0,614.0,1046.0,1541.0,563.0,281.0,38.0,223.0,1021.0,342.0,630.0,800.0,694.0,1148.0,245.0,387.0,635.0,689.0,1000.0,674.0,23.0,161.0,38.0,842.0,879.0,774.0,1491.0,697.0,355.0,741.0,883.0,1289.0,615.0,170.0,579.0,424.0,964.0,138.0,1079.0,428.0,926.0,556.0,195.0,854.0
280,1391.0,522.0,218.0,575.0,248.0,216.0,185.0,649.0,60.0,633.0,427.0,31.0,419.0,504.0,363.0,549.0,740.0,1497.0,1037.0,820.0,58.0,549.0,1153.0,1156.0,588.0,881.0,1013.0,854.0,318.0,602.0,5.0,850.0,21.0,511.0,29.0,114.0,231.0,448.0,12.0,554.0,1155.0,510.0,221.0,104.0,316.0,737.0,628.0,296.0,903.0,138.0,898.0,620.0,578.0,736.0,258.0,211.0,528.0,620.0,1057.0,1561.0,568.0,281.0,38.0,221.0,1008.0,342.0,637.0,806.0,694.0,1161.0,239.0,390.0,636.0,686.0,1010.0,668.0,23.0,158.0,38.0,847.0,888.0,792.0,1517.0,697.0,354.0,746.0,883.0,1291.0,613.0,170.0,579.0,423.0,977.0,135.0,1067.0,428.0,925.0,551.0,195.0,851.0
281,1387.0,512.0,218.0,575.0,248.0,213.0,183.0,652.0,60.0,633.0,427.0,31.0,418.0,507.0,362.0,550.0,736.0,1492.0,1036.0,810.0,58.0,561.0,1153.0,1167.0,585.0,870.0,1010.0,864.0,318.0,598.0,5.0,851.0,16.0,512.0,29.0,114.0,231.0,448.0,12.0,550.0,1152.0,514.0,221.0,104.0,316.0,715.0,628.0,296.0,896.0,135.0,908.0,631.0,581.0,736.0,257.0,211.0,533.0,624.0,1055.0,1579.0,564.0,284.0,35.0,221.0,988.0,342.0,631.0,803.0,703.0,1168.0,239.0,391.0,635.0,695.0,1022.0,660.0,23.0,158.0,38.0,852.0,880.0,710.0,1531.0,691.0,352.0,756.0,895.0,1303.0,619.0,170.0,574.0,423.0,990.0,132.0,1063.0,428.0,916.0,551.0,195.0,844.0
282,1385.0,512.0,218.0,566.0,244.0,213.0,180.0,652.0,59.0,646.0,422.0,31.0,418.0,511.0,355.0,549.0,731.0,1491.0,1022.0,800.0,58.0,562.0,1153.0,1165.0,583.0,865.0,1005.0,873.0,321.0,585.0,5.0,854.0,16.0,514.0,29.0,114.0,231.0,450.0,12.0,557.0,1152.0,520.0,216.0,103.0,317.0,720.0,617.0,289.0,894.0,132.0,919.0,630.0,581.0,741.0,262.0,211.0,530.0,625.0,1050.0,1586.0,559.0,287.0,35.0,217.0,994.0,341.0,635.0,797.0,707.0,1178.0,236.0,395.0,641.0,692.0,1034.0,666.0,23.0,158.0,38.0,859.0,886.0,716.0,1542.0,697.0,345.0,761.0,916.0,1298.0,621.0,170.0,566.0,423.0,998.0,129.0,1059.0,426.0,908.0,554.0,195.0,837.0
283,1379.0,512.0,218.0,567.0,240.0,213.0,180.0,647.0,53.0,645.0,418.0,31.0,418.0,503.0,355.0,548.0,731.0,1482.0,1017.0,786.0,56.0,554.0,1161.0,1165.0,592.0,862.0,997.0,863.0,323.0,573.0,5.0,855.0,16.0,516.0,29.0,110.0,231.0,442.0,12.0,560.0,1151.0,522.0,215.0,103.0,317.0,719.0,620.0,283.0,890.0,129.0,917.0,626.0,591.0,737.0,261.0,211.0,521.0,633.0,1061.0,1574.0,554.0,291.0,35.0,213.0,994.0,338.0,639.0,790.0,709.0,1186.0,236.0,397.0,635.0,689.0,1043.0,660.0,23.0,158.0,38.0,868.0,883.0,734.0,1536.0,698.0,345.0,757.0,927.0,1291.0,614.0,168.0,560.0,423.0,1000.0,129.0,1050.0,426.0,895.0,549.0,195.0,832.0
284,1400.0,510.0,219.0,563.0,235.0,213.0,176.0,652.0,53.0,644.0,416.0,30.0,419.0,502.0,348.0,547.0,724.0,1495.0,1019.0,785.0,47.0,551.0,1173.0,1162.0,587.0,854.0,991.0,869.0,321.0,532.0,5.0,856.0,16.0,515.0,29.0,110.0,231.0,439.0,12.0,563.0,1172.0,517.0,213.0,102.0,313.0,714.0,625.0,282.0,889.0,126.0,916.0,622.0,594.0,731.0,257.0,204.0,507.0,629.0,1062.0,1572.0,550.0,289.0,35.0,213.0,985.0,338.0,640.0,776.0,701.0,1179.0,233.0,391.0,635.0,679.0,1041.0,660.0,23.0,158.0,38.0,875.0,885.0,745.0,1532.0,690.0,345.0,767.0,939.0,1293.0,610.0,167.0,550.0,423.0,992.0,129.0,1047.0,426.0,886.0,549.0,192.0,828.0
285,1399.0,509.0,219.0,563.0,231.0,213.0,176.0,651.0,53.0,641.0,416.0,30.0,413.0,502.0,348.0,546.0,715.0,1493.0,1014.0,779.0,47.0,554.0,1187.0,1183.0,587.0,869.0,982.0,870.0,319.0,519.0,5.0,852.0,16.0,515.0,29.0,110.0,231.0,429.0,12.0,559.0,1183.0,519.0,213.0,101.0,313.0,718.0,624.0,282.0,905.0,124.0,925.0,617.0,599.0,731.0,259.0,204.0,500.0,626.0,1063.0,1575.0,560.0,293.0,35.0,210.0,976.0,338.0,641.0,780.0,697.0,1180.0,227.0,391.0,635.0,672.0,1060.0,660.0,23.0,158.0,38.0,881.0,884.0,758.0,1538.0,688.0,345.0,769.0,944.0,1305.0,617.0,166.0,538.0,425.0,992.0,129.0,1057.0,428.0,875.0,550.0,187.0,840.0
286,1408.0,501.0,216.0,564.0,231.0,213.0,172.0,648.0,53.0,643.0,416.0,30.0,416.0,501.0,348.0,546.0,705.0,1504.0,1008.0,771.0,47.0,549.0,1196.0,1192.0,597.0,870.0,978.0,873.0,323.0,481.0,5.0,850.0,16.0,517.0,29.0,110.0,231.0,429.0,12.0,566.0,1190.0,517.0,213.0,101.0,314.0,717.0,626.0,282.0,901.0,124.0,926.0,616.0,590.0,748.0,259.0,204.0,499.0,636.0,1061.0,1575.0,554.0,293.0,35.0,203.0,961.0,338.0,634.0,778.0,691.0,1186.0,220.0,391.0,633.0,669.0,1058.0,658.0,23.0,158.0,35.0,884.0,889.0,773.0,1543.0,697.0,349.0,765.0,943.0,1311.0,619.0,166.0,538.0,428.0,987.0,129.0,1057.0,431.0,865.0,560.0,184.0,836.0
287,1413.0,491.0,216.0,567.0,228.0,213.0,172.0,658.0,53.0,652.0,416.0,30.0,416.0,500.0,353.0,546.0,698.0,1529.0,1018.0,771.0,47.0,551.0,1207.0,1209.0,605.0,868.0,1001.0,873.0,323.0,464.0,4.0,852.0,16.0,518.0,29.0,109.0,231.0,422.0,12.0,568.0,1201.0,512.0,213.0,101.0,315.0,715.0,626.0,282.0,897.0,124.0,929.0,616.0,581.0,747.0,260.0,204.0,513.0,636.0,1056.0,1575.0,545.0,291.0,35.0,196.0,951.0,338.0,634.0,772.0,686.0,1190.0,220.0,391.0,644.0,661.0,1061.0,658.0,23.0,154.0,35.0,879.0,887.0,792.0,1547.0,701.0,350.0,754.0,961.0,1336.0,621.0,163.0,545.0,430.0,984.0,129.0,1051.0,429.0,856.0,566.0,181.0,840.0
288,1418.0,485.0,216.0,571.0,227.0,211.0,168.0,660.0,53.0,654.0,417.0,30.0,412.0,507.0,350.0,548.0,691.0,1543.0,1030.0,767.0,42.0,549.0,1216.0,1210.0,615.0,866.0,1011.0,871.0,323.0,459.0,4.0,853.0,16.0,525.0,26.0,109.0,231.0,415.0,12.0,572.0,1203.0,524.0,209.0,100.0,315.0,720.0,628.0,282.0,898.0,124.0,926.0,612.0,579.0,758.0,257.0,204.0,513.0,630.0,1030.0,1589.0,541.0,291.0,35.0,195.0,940.0,338.0,634.0,766.0,700.0,1202.0,220.0,391.0,641.0,653.0,1069.0,648.0,23.0,154.0,35.0,880.0,903.0,754.0,1555.0,705.0,351.0,756.0,934.0,1343.0,625.0,160.0,544.0,428.0,984.0,129.0,1062.0,439.0,849.0,569.0,181.0,833.0
289,1415.0,474.0,216.0,575.0,225.0,211.0,164.0,657.0,48.0,657.0,417.0,27.0,412.0,506.0,343.0,549.0,685.0,1558.0,1033.0,771.0,42.0,551.0,1225.0,1214.0,625.0,857.0,1009.0,878.0,322.0,459.0,4.0,850.0,16.0,525.0,25.0,109.0,230.0,410.0,12.0,554.0,1213.0,526.0,205.0,100.0,312.0,672.0,628.0,282.0,893.0,122.0,928.0,601.0,577.0,764.0,260.0,201.0,511.0,631.0,1028.0,1589.0,538.0,291.0,35.0,195.0,949.0,331.0,641.0,771.0,701.0,1211.0,220.0,400.0,646.0,652.0,1087.0,636.0,23.0,152.0,35.0,887.0,911.0,767.0,1564.0,700.0,346.0,755.0,938.0,1342.0,627.0,157.0,542.0,422.0,996.0,129.0,1071.0,446.0,857.0,568.0,181.0,827.0
290,1429.0,474.0,216.0,579.0,225.0,211.0,161.0,653.0,48.0,657.0,417.0,27.0,410.0,507.0,337.0,548.0,691.0,1567.0,1033.0,762.0,42.0,551.0,1235.0,1209.0,632.0,862.0,1016.0,887.0,318.0,453.0,4.0,859.0,16.0,527.0,1.0,105.0,230.0,414.0,12.0,555.0,1222.0,524.0,202.0,98.0,310.0,672.0,628.0,277.0,892.0,120.0,939.0,594.0,577.0,766.0,260.0,197.0,505.0,632.0,1021.0,1601.0,535.0,291.0,35.0,192.0,894.0,328.0,637.0,767.0,699.0,1224.0,220.0,398.0,653.0,648.0,1095.0,624.0,23.0,150.0,35.0,887.0,902.0,782.0,1579.0,694.0,349.0,750.0,956.0,1339.0,628.0,155.0,537.0,429.0,996.0,129.0,1080.0,444.0,857.0,566.0,181.0,824.0
291,1435.0,475.0,216.0,577.0,221.0,209.0,161.0,654.0,48.0,656.0,419.0,26.0,410.0,511.0,337.0,548.0,686.0,1568.0,1029.0,755.0,33.0,551.0,1246.0,1219.0,642.0,862.0,1021.0,882.0,318.0,445.0,4.0,861.0,16.0,536.0,1.0,92.0,226.0,414.0,11.0,553.0,1239.0,520.0,202.0,97.0,306.0,676.0,623.0,277.0,904.0,120.0,946.0,586.0,577.0,774.0,260.0,193.0,501.0,643.0,1016.0,1625.0,539.0,291.0,35.0,192.0,883.0,337.0,643.0,763.0,691.0,1224.0,184.0,402.0,656.0,642.0,1102.0,617.0,18.0,150.0,32.0,887.0,914.0,787.0,1590.0,697.0,349.0,741.0,963.0,1334.0,628.0,153.0,537.0,422.0,986.0,129.0,1079.0,445.0,850.0,575.0,181.0,823.0
292,1443.0,470.0,216.0,581.0,221.0,213.0,161.0,658.0,48.0,646.0,424.0,26.0,408.0,510.0,330.0,546.0,681.0,1574.0,1029.0,765.0,30.0,556.0,1254.0,1233.0,649.0,862.0,1017.0,885.0,318.0,437.0,4.0,861.0,16.0,536.0,1.0,91.0,226.0,419.0,11.0,553.0,1255.0,520.0,198.0,97.0,310.0,680.0,615.0,277.0,899.0,118.0,945.0,580.0,577.0,775.0,257.0,189.0,494.0,646.0,1014.0,1632.0,537.0,292.0,35.0,190.0,878.0,334.0,645.0,763.0,679.0,1220.0,156.0,403.0,655.0,633.0,1106.0,624.0,12.0,148.0,32.0,887.0,912.0,786.0,1588.0,697.0,348.0,757.0,921.0,1327.0,628.0,153.0,533.0,422.0,981.0,126.0,1076.0,449.0,856.0,574.0,181.0,832.0
293,1453.0,470.0,208.0,581.0,221.0,213.0,161.0,663.0,48.0,643.0,422.0,23.0,410.0,510.0,324.0,542.0,677.0,1574.0,1034.0,765.0,30.0,552.0,1265.0,1257.0,646.0,854.0,1016.0,887.0,291.0,395.0,4.0,855.0,16.0,533.0,1.0,91.0,226.0,419.0,11.0,566.0,1268.0,516.0,193.0,97.0,309.0,680.0,627.0,277.0,898.0,118.0,945.0,571.0,578.0,773.0,257.0,185.0,483.0,641.0,1036.0,1634.0,534.0,293.0,35.0,190.0,883.0,327.0,648.0,763.0,689.0,1221.0,149.0,403.0,651.0,622.0,1118.0,622.0,12.0,147.0,32.0,887.0,915.0,788.0,1599.0,704.0,351.0,757.0,926.0,1319.0,643.0,151.0,522.0,422.0,982.0,126.0,1082.0,448.0,852.0,581.0,181.0,836.0
294,1456.0,461.0,209.0,579.0,215.0,208.0,157.0,658.0,48.0,642.0,422.0,23.0,411.0,505.0,318.0,542.0,630.0,1587.0,1034.0,760.0,16.0,555.0,1278.0,1204.0,654.0,851.0,1011.0,899.0,295.0,387.0,4.0,868.0,15.0,532.0,1.0,91.0,226.0,415.0,11.0,573.0,1274.0,512.0,193.0,97.0,309.0,681.0,626.0,277.0,894.0,118.0,960.0,569.0,580.0,793.0,257.0,185.0,483.0,651.0,1042.0,1634.0,530.0,295.0,32.0,190.0,880.0,322.0,648.0,762.0,688.0,1229.0,149.0,403.0,646.0,621.0,1128.0,619.0,12.0,145.0,32.0,895.0,927.0,788.0,1611.0,707.0,349.0,757.0,921.0,1331.0,649.0,151.0,510.0,422.0,982.0,126.0,1078.0,449.0,850.0,574.0,184.0,837.0
295,1468.0,456.0,207.0,578.0,215.0,208.0,157.0,668.0,48.0,642.0,379.0,23.0,411.0,503.0,318.0,542.0,628.0,1587.0,1044.0,758.0,16.0,552.0,1295.0,1213.0,657.0,844.0,1005.0,903.0,295.0,377.0,4.0,867.0,15.0,549.0,1.0,91.0,224.0,410.0,11.0,580.0,1270.0,508.0,188.0,89.0,308.0,683.0,630.0,278.0,896.0,116.0,975.0,569.0,584.0,805.0,257.0,180.0,483.0,655.0,1047.0,1633.0,530.0,295.0,32.0,186.0,886.0,322.0,654.0,762.0,684.0,1225.0,149.0,395.0,642.0,624.0,1132.0,614.0,12.0,143.0,32.0,899.0,931.0,806.0,1622.0,709.0,349.0,754.0,922.0,1345.0,648.0,149.0,516.0,422.0,980.0,126.0,1078.0,443.0,846.0,569.0,179.0,840.0
296,1426.0,452.0,207.0,576.0,215.0,203.0,157.0,671.0,44.0,648.0,380.0,23.0,411.0,503.0,316.0,542.0,619.0,1588.0,1049.0,764.0,16.0,562.0,1302.0,1231.0,657.0,777.0,1006.0,901.0,299.0,377.0,3.0,864.0,15.0,549.0,1.0,71.0,224.0,404.0,11.0,587.0,1276.0,505.0,183.0,89.0,305.0,693.0,622.0,272.0,897.0,116.0,973.0,561.0,589.0,798.0,257.0,177.0,483.0,654.0,1051.0,1566.0,524.0,295.0,32.0,186.0,849.0,322.0,660.0,759.0,687.0,1224.0,149.0,386.0,633.0,618.0,1141.0,610.0,12.0,143.0,32.0,909.0,933.0,806.0,1633.0,718.0,349.0,760.0,920.0,1351.0,644.0,149.0,513.0,422.0,976.0,126.0,1093.0,447.0,843.0,574.0,177.0,833.0
297,1424.0,449.0,200.0,586.0,215.0,203.0,157.0,669.0,44.0,647.0,380.0,23.0,412.0,503.0,312.0,545.0,612.0,1598.0,1046.0,765.0,16.0,564.0,1308.0,1241.0,657.0,780.0,1012.0,902.0,300.0,377.0,3.0,869.0,15.0,556.0,1.0,57.0,220.0,392.0,11.0,586.0,1274.0,502.0,178.0,89.0,305.0,700.0,620.0,268.0,904.0,116.0,980.0,559.0,589.0,776.0,257.0,177.0,476.0,655.0,1055.0,1563.0,524.0,296.0,29.0,186.0,854.0,320.0,660.0,753.0,689.0,1237.0,149.0,386.0,648.0,616.0,1146.0,607.0,12.0,143.0,29.0,918.0,931.0,817.0,1662.0,719.0,348.0,756.0,922.0,1350.0,636.0,149.0,507.0,415.0,976.0,124.0,1100.0,444.0,851.0,578.0,177.0,837.0
298,1426.0,445.0,200.0,587.0,213.0,199.0,157.0,666.0,44.0,657.0,383.0,23.0,414.0,504.0,312.0,551.0,604.0,1572.0,1009.0,767.0,16.0,567.0,1311.0,1249.0,657.0,781.0,1020.0,910.0,297.0,377.0,3.0,880.0,11.0,560.0,1.0,57.0,220.0,392.0,11.0,593.0,1280.0,507.0,174.0,85.0,302.0,708.0,614.0,266.0,912.0,114.0,982.0,559.0,554.0,785.0,257.0,177.0,466.0,652.0,1054.0,1556.0,522.0,298.0,29.0,181.0,784.0,319.0,662.0,750.0,691.0,1243.0,149.0,386.0,648.0,615.0,1153.0,604.0,12.0,140.0,29.0,932.0,931.0,817.0,1679.0,717.0,346.0,752.0,932.0,1348.0,600.0,149.0,503.0,411.0,981.0,122.0,1105.0,446.0,853.0,577.0,148.0,836.0
299,1438.0,440.0,200.0,584.0,211.0,196.0,157.0,670.0,44.0,662.0,385.0,23.0,415.0,503.0,310.0,555.0,591.0,1593.0,1021.0,766.0,16.0,570.0,1318.0,1250.0,658.0,784.0,976.0,915.0,301.0,342.0,3.0,881.0,11.0,561.0,1.0,57.0,214.0,390.0,10.0,595.0,1288.0,508.0,174.0,85.0,302.0,718.0,628.0,263.0,917.0,112.0,999.0,559.0,564.0,756.0,258.0,173.0,456.0,651.0,1050.0,1561.0,522.0,298.0,26.0,184.0,783.0,318.0,665.0,750.0,691.0,1250.0,142.0,383.0,644.0,612.0,1176.0,602.0,12.0,116.0,29.0,946.0,933.0,817.0,1697.0,713.0,348.0,753.0,950.0,1343.0,603.0,146.0,498.0,403.0,988.0,122.0,1100.0,446.0,853.0,573.0,149.0,777.0
300,1449.0,438.0,200.0,584.0,209.0,190.0,154.0,676.0,44.0,667.0,382.0,23.0,418.0,503.0,306.0,557.0,577.0,1600.0,1031.0,766.0,16.0,573.0,1345.0,1271.0,658.0,784.0,978.0,924.0,303.0,334.0,3.0,875.0,10.0,559.0,1.0,57.0,211.0,386.0,10.0,596.0,1301.0,506.0,174.0,69.0,302.0,727.0,622.0,259.0,918.0,110.0,1009.0,560.0,576.0,763.0,258.0,169.0,456.0,649.0,1043.0,1574.0,521.0,298.0,26.0,183.0,790.0,318.0,667.0,730.0,691.0,1248.0,142.0,383.0,642.0,601.0,1182.0,600.0,12.0,114.0,29.0,954.0,931.0,836.0,1694.0,713.0,343.0,758.0,960.0,1348.0,606.0,146.0,491.0,398.0,991.0,119.0,1108.0,444.0,847.0,573.0,149.0,777.0
301,1455.0,435.0,200.0,584.0,209.0,188.0,109.0,673.0,44.0,666.0,382.0,23.0,420.0,499.0,305.0,550.0,571.0,1607.0,1032.0,764.0,16.0,567.0,1365.0,1285.0,658.0,797.0,981.0,938.0,303.0,329.0,3.0,866.0,10.0,565.0,1.0,57.0,211.0,377.0,10.0,596.0,1303.0,486.0,174.0,69.0,302.0,729.0,622.0,259.0,914.0,108.0,1007.0,559.0,582.0,770.0,267.0,169.0,450.0,658.0,1036.0,1590.0,524.0,303.0,25.0,183.0,793.0,318.0,664.0,732.0,690.0,1257.0,142.0,387.0,635.0,600.0,1176.0,598.0,12.0,114.0,29.0,962.0,939.0,851.0,1706.0,714.0,348.0,758.0,973.0,1338.0,606.0,146.0,493.0,398.0,995.0,117.0,1105.0,444.0,848.0,573.0,149.0,790.0
302,1474.0,435.0,200.0,581.0,207.0,188.0,107.0,673.0,44.0,665.0,382.0,23.0,420.0,495.0,304.0,557.0,575.0,1613.0,1029.0,762.0,16.0,575.0,1364.0,1296.0,672.0,805.0,987.0,947.0,300.0,324.0,3.0,859.0,10.0,568.0,1.0,57.0,211.0,374.0,10.0,597.0,1314.0,483.0,172.0,53.0,300.0,739.0,610.0,255.0,907.0,108.0,1008.0,559.0,580.0,780.0,270.0,169.0,445.0,660.0,1030.0,1594.0,526.0,309.0,25.0,180.0,802.0,318.0,661.0,733.0,690.0,1258.0,136.0,384.0,643.0,589.0,1176.0,595.0,12.0,114.0,29.0,973.0,933.0,863.0,1702.0,713.0,350.0,754.0,985.0,1338.0,603.0,146.0,490.0,398.0,1001.0,115.0,1117.0,448.0,848.0,572.0,149.0,793.0
303,1480.0,435.0,199.0,554.0,208.0,188.0,107.0,655.0,41.0,679.0,380.0,23.0,420.0,504.0,304.0,549.0,575.0,1622.0,1030.0,756.0,16.0,578.0,1378.0,1310.0,678.0,810.0,994.0,955.0,296.0,318.0,3.0,855.0,10.0,566.0,1.0,38.0,211.0,375.0,10.0,605.0,1316.0,479.0,172.0,53.0,300.0,741.0,607.0,251.0,919.0,106.0,1011.0,557.0,594.0,782.0,267.0,169.0,439.0,662.0,1033.0,1601.0,528.0,313.0,25.0,177.0,809.0,319.0,657.0,736.0,687.0,1255.0,136.0,386.0,643.0,586.0,1176.0,588.0,12.0,114.0,29.0,973.0,937.0,875.0,1706.0,710.0,350.0,756.0,997.0,1342.0,613.0,143.0,487.0,401.0,1009.0,115.0,1104.0,448.0,845.0,578.0,149.0,795.0
304,1479.0,425.0,196.0,554.0,206.0,188.0,106.0,666.0,41.0,686.0,376.0,21.0,364.0,507.0,303.0,549.0,575.0,1629.0,1031.0,753.0,16.0,539.0,1392.0,1318.0,684.0,818.0,997.0,962.0,304.0,312.0,3.0,844.0,10.0,569.0,1.0,30.0,211.0,369.0,10.0,609.0,1314.0,480.0,172.0,49.0,300.0,749.0,600.0,247.0,917.0,105.0,1019.0,552.0,594.0,789.0,268.0,165.0,432.0,661.0,1037.0,1593.0,527.0,315.0,25.0,177.0,820.0,320.0,670.0,738.0,683.0,1255.0,130.0,384.0,643.0,586.0,1169.0,588.0,12.0,114.0,29.0,990.0,946.0,882.0,1709.0,710.0,350.0,749.0,1009.0,1348.0,617.0,140.0,487.0,403.0,1017.0,115.0,1105.0,448.0,842.0,580.0,149.0,800.0
305,1503.0,420.0,197.0,554.0,203.0,188.0,106.0,670.0,41.0,691.0,376.0,21.0,369.0,510.0,303.0,540.0,574.0,1644.0,1024.0,756.0,16.0,536.0,1398.0,1327.0,684.0,823.0,1013.0,972.0,302.0,308.0,3.0,836.0,10.0,569.0,1.0,30.0,211.0,366.0,10.0,617.0,1311.0,479.0,172.0,43.0,300.0,749.0,608.0,247.0,913.0,105.0,1029.0,550.0,603.0,803.0,262.0,165.0,425.0,665.0,1036.0,1604.0,527.0,312.0,25.0,173.0,827.0,321.0,674.0,739.0,685.0,1256.0,125.0,384.0,644.0,586.0,1168.0,588.0,12.0,114.0,29.0,995.0,951.0,888.0,1726.0,706.0,352.0,758.0,1019.0,1365.0,620.0,137.0,484.0,405.0,1026.0,115.0,1102.0,445.0,851.0,583.0,148.0,798.0
306,1526.0,423.0,195.0,548.0,203.0,188.0,105.0,668.0,41.0,691.0,376.0,21.0,372.0,512.0,303.0,536.0,575.0,1652.0,1018.0,760.0,16.0,531.0,1396.0,1325.0,686.0,825.0,1028.0,970.0,299.0,303.0,3.0,827.0,10.0,576.0,1.0,30.0,211.0,366.0,10.0,621.0,1321.0,478.0,172.0,43.0,301.0,751.0,605.0,247.0,922.0,105.0,1033.0,550.0,605.0,807.0,256.0,165.0,417.0,668.0,1037.0,1597.0,530.0,312.0,25.0,173.0,838.0,321.0,677.0,740.0,692.0,1279.0,122.0,384.0,647.0,585.0,1178.0,590.0,12.0,114.0,29.0,990.0,954.0,911.0,1724.0,702.0,357.0,758.0,1023.0,1377.0,624.0,137.0,484.0,408.0,1024.0,115.0,1094.0,442.0,853.0,589.0,146.0,790.0
307,1528.0,422.0,195.0,542.0,199.0,188.0,105.0,661.0,41.0,697.0,376.0,21.0,374.0,516.0,303.0,536.0,574.0,1650.0,1032.0,764.0,16.0,529.0,1385.0,1329.0,682.0,821.0,1035.0,970.0,299.0,298.0,0.0,838.0,10.0,573.0,1.0,15.0,211.0,362.0,10.0,620.0,1331.0,476.0,172.0,43.0,300.0,752.0,591.0,247.0,924.0,105.0,1034.0,550.0,601.0,805.0,256.0,165.0,409.0,675.0,1033.0,1591.0,524.0,310.0,25.0,173.0,841.0,321.0,677.0,742.0,693.0,1287.0,122.0,387.0,641.0,586.0,1194.0,593.0,12.0,112.0,29.0,979.0,951.0,929.0,1714.0,717.0,357.0,762.0,1025.0,1381.0,629.0,136.0,485.0,409.0,1038.0,115.0,1094.0,440.0,861.0,596.0,144.0,781.0
308,1517.0,416.0,195.0,534.0,198.0,184.0,103.0,660.0,41.0,691.0,376.0,21.0,382.0,520.0,303.0,528.0,566.0,1647.0,1027.0,763.0,16.0,523.0,1371.0,1341.0,679.0,813.0,1027.0,975.0,299.0,298.0,0.0,827.0,10.0,574.0,0.0,15.0,211.0,362.0,10.0,617.0,1353.0,478.0,169.0,43.0,300.0,745.0,579.0,247.0,917.0,105.0,1032.0,548.0,592.0,812.0,252.0,165.0,409.0,679.0,1031.0,1578.0,524.0,314.0,25.0,170.0,855.0,321.0,666.0,736.0,691.0,1290.0,122.0,384.0,652.0,588.0,1201.0,592.0,12.0,112.0,29.0,969.0,948.0,936.0,1704.0,721.0,358.0,750.0,1034.0,1380.0,631.0,134.0,485.0,406.0,1043.0,115.0,1103.0,435.0,862.0,597.0,144.0,788.0
309,1507.0,414.0,195.0,527.0,198.0,184.0,102.0,660.0,38.0,700.0,381.0,19.0,382.0,523.0,301.0,517.0,558.0,1680.0,1030.0,768.0,16.0,516.0,1364.0,1359.0,689.0,807.0,1033.0,985.0,301.0,298.0,0.0,821.0,10.0,574.0,0.0,15.0,206.0,361.0,10.0,632.0,1367.0,472.0,167.0,43.0,300.0,739.0,579.0,247.0,926.0,104.0,1024.0,547.0,584.0,828.0,250.0,165.0,406.0,676.0,1025.0,1578.0,519.0,314.0,25.0,170.0,868.0,323.0,658.0,739.0,689.0,1293.0,122.0,383.0,658.0,590.0,1203.0,590.0,12.0,111.0,29.0,958.0,946.0,936.0,1697.0,720.0,362.0,751.0,1042.0,1371.0,639.0,131.0,485.0,399.0,1053.0,115.0,1122.0,449.0,865.0,608.0,144.0,797.0
310,1497.0,414.0,195.0,518.0,198.0,184.0,101.0,654.0,38.0,692.0,382.0,19.0,387.0,526.0,298.0,506.0,552.0,1674.0,1030.0,776.0,16.0,516.0,1353.0,1374.0,705.0,804.0,1035.0,997.0,297.0,295.0,0.0,819.0,10.0,584.0,0.0,17.0,206.0,354.0,10.0,640.0,1370.0,471.0,165.0,31.0,305.0,737.0,579.0,216.0,917.0,103.0,1023.0,551.0,584.0,830.0,250.0,163.0,398.0,666.0,1016.0,1574.0,528.0,309.0,25.0,169.0,873.0,330.0,663.0,747.0,682.0,1302.0,122.0,381.0,656.0,594.0,1198.0,606.0,12.0,108.0,29.0,944.0,942.0,931.0,1684.0,720.0,359.0,749.0,1055.0,1360.0,646.0,128.0,481.0,397.0,1054.0,115.0,1121.0,449.0,863.0,610.0,144.0,802.0
311,1500.0,407.0,195.0,515.0,196.0,150.0,101.0,660.0,38.0,706.0,387.0,19.0,387.0,524.0,298.0,506.0,552.0,1685.0,1026.0,775.0,4.0,519.0,1345.0,1399.0,703.0,811.0,1035.0,1010.0,297.0,292.0,0.0,817.0,10.0,590.0,0.0,21.0,206.0,354.0,9.0,642.0,1397.0,475.0,165.0,31.0,299.0,744.0,552.0,209.0,933.0,103.0,1036.0,550.0,584.0,829.0,250.0,160.0,392.0,676.0,1022.0,1601.0,529.0,309.0,25.0,169.0,873.0,334.0,636.0,747.0,676.0,1300.0,117.0,388.0,666.0,595.0,1193.0,613.0,2.0,108.0,26.0,944.0,961.0,924.0,1673.0,715.0,368.0,748.0,1054.0,1351.0,651.0,125.0,481.0,395.0,1057.0,115.0,1122.0,441.0,869.0,618.0,144.0,806.0
312,1505.0,404.0,195.0,521.0,196.0,148.0,101.0,659.0,38.0,708.0,388.0,19.0,383.0,524.0,300.0,506.0,549.0,1711.0,1025.0,775.0,4.0,517.0,1341.0,1418.0,713.0,811.0,1028.0,1024.0,297.0,289.0,0.0,810.0,10.0,596.0,0.0,21.0,206.0,351.0,9.0,643.0,1358.0,476.0,144.0,31.0,296.0,745.0,544.0,209.0,939.0,101.0,1045.0,552.0,584.0,839.0,250.0,158.0,388.0,678.0,1040.0,1615.0,531.0,310.0,25.0,166.0,866.0,335.0,633.0,757.0,679.0,1311.0,114.0,389.0,662.0,597.0,1213.0,608.0,2.0,101.0,26.0,944.0,965.0,919.0,1669.0,715.0,371.0,749.0,1055.0,1366.0,665.0,125.0,481.0,395.0,1051.0,112.0,1116.0,438.0,876.0,622.0,144.0,804.0
313,1524.0,404.0,193.0,521.0,196.0,148.0,101.0,662.0,38.0,717.0,388.0,17.0,382.0,524.0,301.0,488.0,547.0,1725.0,1045.0,775.0,4.0,516.0,1340.0,1441.0,706.0,808.0,1036.0,1039.0,294.0,283.0,0.0,814.0,10.0,603.0,0.0,21.0,208.0,351.0,9.0,645.0,1259.0,477.0,139.0,31.0,302.0,757.0,531.0,209.0,939.0,101.0,1048.0,555.0,583.0,842.0,250.0,155.0,385.0,677.0,1052.0,1638.0,498.0,312.0,25.0,166.0,861.0,332.0,632.0,762.0,684.0,1318.0,113.0,389.0,672.0,599.0,1217.0,547.0,2.0,101.0,26.0,944.0,969.0,916.0,1694.0,721.0,373.0,759.0,1061.0,1372.0,679.0,121.0,483.0,395.0,1048.0,112.0,1117.0,441.0,872.0,625.0,144.0,808.0
314,1533.0,402.0,192.0,520.0,195.0,145.0,100.0,664.0,38.0,723.0,388.0,17.0,392.0,529.0,303.0,468.0,547.0,1732.0,1054.0,781.0,4.0,513.0,1344.0,1462.0,708.0,810.0,1049.0,1036.0,303.0,281.0,0.0,817.0,9.0,613.0,0.0,21.0,208.0,349.0,9.0,641.0,1259.0,479.0,139.0,31.0,297.0,761.0,535.0,209.0,939.0,101.0,1061.0,553.0,582.0,849.0,250.0,155.0,385.0,676.0,1063.0,1655.0,493.0,307.0,22.0,166.0,862.0,335.0,632.0,762.0,685.0,1326.0,113.0,389.0,673.0,611.0,1227.0,558.0,2.0,87.0,26.0,936.0,962.0,923.0,1706.0,719.0,374.0,761.0,1077.0,1380.0,697.0,121.0,482.0,395.0,1049.0,112.0,1131.0,436.0,870.0,622.0,123.0,812.0
315,1541.0,402.0,184.0,513.0,195.0,145.0,100.0,658.0,38.0,730.0,388.0,17.0,395.0,534.0,305.0,468.0,543.0,1736.0,1042.0,787.0,4.0,527.0,1352.0,1481.0,712.0,813.0,1056.0,1035.0,304.0,278.0,0.0,815.0,9.0,621.0,0.0,21.0,204.0,348.0,9.0,638.0,1256.0,480.0,135.0,31.0,301.0,769.0,529.0,208.0,951.0,100.0,1064.0,553.0,586.0,868.0,250.0,155.0,385.0,682.0,1073.0,1662.0,493.0,303.0,22.0,164.0,863.0,335.0,626.0,762.0,686.0,1335.0,113.0,353.0,674.0,613.0,1226.0,565.0,2.0,75.0,26.0,922.0,962.0,915.0,1711.0,728.0,374.0,764.0,1088.0,1381.0,696.0,115.0,481.0,395.0,1067.0,112.0,1136.0,431.0,871.0,618.0,123.0,810.0
316,1549.0,402.0,184.0,510.0,195.0,125.0,100.0,665.0,38.0,731.0,388.0,17.0,396.0,535.0,308.0,468.0,539.0,1727.0,1032.0,791.0,4.0,531.0,1357.0,1498.0,712.0,813.0,1062.0,1054.0,304.0,278.0,0.0,808.0,9.0,625.0,0.0,21.0,204.0,345.0,9.0,659.0,1261.0,480.0,118.0,31.0,297.0,774.0,524.0,208.0,948.0,100.0,1066.0,556.0,586.0,863.0,250.0,155.0,385.0,688.0,1083.0,1667.0,486.0,303.0,22.0,164.0,879.0,335.0,620.0,761.0,684.0,1347.0,113.0,351.0,670.0,612.0,1240.0,568.0,2.0,75.0,26.0,930.0,971.0,908.0,1717.0,722.0,374.0,768.0,1088.0,1383.0,708.0,115.0,488.0,395.0,1076.0,112.0,1139.0,434.0,872.0,625.0,123.0,823.0
317,1549.0,401.0,181.0,506.0,195.0,125.0,100.0,660.0,38.0,720.0,388.0,17.0,395.0,536.0,309.0,465.0,535.0,1724.0,1032.0,793.0,4.0,525.0,1347.0,1508.0,717.0,810.0,1068.0,1058.0,303.0,278.0,0.0,803.0,9.0,630.0,0.0,21.0,205.0,338.0,9.0,656.0,1260.0,480.0,112.0,31.0,290.0,769.0,510.0,208.0,937.0,100.0,1055.0,553.0,591.0,872.0,250.0,155.0,384.0,694.0,1081.0,1656.0,486.0,303.0,22.0,164.0,883.0,335.0,620.0,757.0,687.0,1343.0,113.0,351.0,667.0,608.0,1254.0,564.0,2.0,75.0,24.0,909.0,967.0,906.0,1708.0,715.0,374.0,775.0,1083.0,1374.0,706.0,115.0,491.0,394.0,1085.0,99.0,1125.0,427.0,871.0,631.0,123.0,830.0
318,1555.0,399.0,181.0,506.0,195.0,125.0,100.0,660.0,38.0,709.0,386.0,17.0,391.0,532.0,310.0,460.0,526.0,1730.0,1033.0,801.0,4.0,522.0,1346.0,1510.0,719.0,811.0,1065.0,1059.0,300.0,278.0,0.0,802.0,9.0,636.0,0.0,21.0,205.0,338.0,9.0,650.0,1283.0,486.0,103.0,31.0,284.0,766.0,507.0,205.0,955.0,98.0,1076.0,553.0,604.0,870.0,250.0,155.0,385.0,692.0,1077.0,1622.0,486.0,302.0,22.0,163.0,891.0,336.0,617.0,776.0,690.0,1343.0,113.0,351.0,661.0,608.0,1266.0,575.0,2.0,67.0,24.0,894.0,967.0,906.0,1706.0,711.0,379.0,775.0,1091.0,1375.0,706.0,115.0,489.0,391.0,1094.0,86.0,1120.0,423.0,884.0,631.0,123.0,829.0
319,1549.0,393.0,181.0,501.0,192.0,123.0,100.0,662.0,38.0,703.0,392.0,17.0,393.0,547.0,308.0,420.0,518.0,1742.0,1028.0,795.0,4.0,523.0,1331.0,1520.0,718.0,812.0,1058.0,1052.0,295.0,277.0,0.0,797.0,9.0,643.0,0.0,21.0,203.0,334.0,9.0,648.0,1285.0,489.0,103.0,31.0,284.0,778.0,506.0,201.0,950.0,96.0,1071.0,553.0,607.0,882.0,251.0,151.0,385.0,686.0,1080.0,1610.0,486.0,302.0,20.0,163.0,887.0,334.0,626.0,781.0,690.0,1343.0,109.0,350.0,661.0,612.0,1270.0,570.0,2.0,57.0,24.0,887.0,959.0,906.0,1692.0,712.0,376.0,775.0,1088.0,1377.0,706.0,115.0,487.0,390.0,1094.0,86.0,1117.0,420.0,887.0,627.0,114.0,838.0
320,1547.0,394.0,181.0,501.0,196.0,122.0,100.0,658.0,38.0,701.0,395.0,17.0,390.0,549.0,312.0,414.0,512.0,1750.0,1035.0,795.0,4.0,518.0,1322.0,1517.0,718.0,824.0,1057.0,1047.0,290.0,275.0,0.0,803.0,8.0,643.0,0.0,21.0,202.0,330.0,9.0,647.0,1288.0,491.0,103.0,31.0,284.0,786.0,493.0,193.0,947.0,94.0,1072.0,554.0,606.0,889.0,251.0,148.0,388.0,700.0,1076.0,1601.0,483.0,305.0,20.0,163.0,900.0,334.0,627.0,776.0,690.0,1359.0,109.0,351.0,664.0,610.0,1263.0,571.0,2.0,47.0,24.0,869.0,956.0,913.0,1691.0,713.0,379.0,776.0,1096.0,1374.0,723.0,115.0,477.0,390.0,1092.0,80.0,1118.0,419.0,888.0,626.0,114.0,838.0
321,1548.0,391.0,181.0,501.0,197.0,121.0,100.0,658.0,38.0,699.0,396.0,17.0,389.0,545.0,312.0,412.0,513.0,1757.0,1042.0,788.0,4.0,525.0,1319.0,1485.0,714.0,829.0,1050.0,1039.0,290.0,276.0,0.0,802.0,8.0,642.0,0.0,21.0,202.0,323.0,9.0,644.0,1308.0,493.0,103.0,31.0,285.0,790.0,493.0,193.0,954.0,92.0,1074.0,560.0,607.0,892.0,246.0,148.0,389.0,704.0,1078.0,1579.0,477.0,301.0,20.0,163.0,902.0,334.0,629.0,771.0,687.0,1304.0,109.0,352.0,664.0,603.0,1270.0,580.0,2.0,47.0,24.0,852.0,945.0,922.0,1681.0,715.0,382.0,776.0,1100.0,1379.0,733.0,115.0,477.0,390.0,1095.0,67.0,1129.0,419.0,889.0,626.0,114.0,840.0
322,1553.0,391.0,181.0,501.0,195.0,121.0,98.0,658.0,38.0,716.0,396.0,17.0,389.0,545.0,312.0,404.0,504.0,1762.0,1051.0,798.0,4.0,524.0,1328.0,1492.0,715.0,833.0,1044.0,1035.0,287.0,275.0,0.0,796.0,8.0,641.0,0.0,21.0,202.0,323.0,9.0,637.0,1323.0,496.0,103.0,31.0,284.0,794.0,489.0,193.0,960.0,92.0,1089.0,560.0,601.0,891.0,244.0,148.0,390.0,706.0,1091.0,1569.0,471.0,300.0,20.0,158.0,906.0,336.0,630.0,776.0,687.0,1323.0,105.0,351.0,667.0,594.0,1279.0,581.0,2.0,47.0,24.0,834.0,934.0,929.0,1688.0,714.0,388.0,774.0,1108.0,1387.0,736.0,115.0,474.0,390.0,1095.0,39.0,1133.0,417.0,891.0,627.0,114.0,848.0
323,1566.0,391.0,177.0,501.0,201.0,121.0,98.0,659.0,35.0,720.0,399.0,17.0,389.0,545.0,312.0,399.0,504.0,1772.0,1063.0,794.0,4.0,521.0,1322.0,1458.0,713.0,838.0,1020.0,1038.0,281.0,275.0,0.0,796.0,8.0,653.0,0.0,21.0,202.0,320.0,9.0,630.0,1339.0,500.0,103.0,31.0,284.0,795.0,492.0,191.0,966.0,91.0,1094.0,564.0,612.0,895.0,247.0,148.0,391.0,711.0,1095.0,1557.0,481.0,314.0,20.0,154.0,908.0,336.0,633.0,771.0,697.0,1343.0,105.0,352.0,665.0,572.0,1276.0,579.0,2.0,47.0,24.0,836.0,924.0,922.0,1690.0,710.0,388.0,770.0,1114.0,1394.0,743.0,115.0,470.0,395.0,1097.0,39.0,1140.0,417.0,893.0,626.0,114.0,859.0
324,1594.0,389.0,173.0,501.0,198.0,121.0,97.0,671.0,35.0,724.0,402.0,17.0,389.0,546.0,314.0,392.0,504.0,1788.0,1061.0,794.0,4.0,521.0,1291.0,1480.0,711.0,842.0,1028.0,1027.0,283.0,271.0,0.0,792.0,8.0,659.0,0.0,21.0,202.0,316.0,9.0,622.0,1345.0,502.0,103.0,31.0,287.0,794.0,492.0,190.0,971.0,90.0,1098.0,567.0,615.0,902.0,243.0,145.0,389.0,709.0,1090.0,1551.0,475.0,311.0,20.0,154.0,908.0,341.0,636.0,775.0,701.0,1361.0,101.0,353.0,665.0,572.0,1289.0,579.0,2.0,47.0,24.0,827.0,925.0,921.0,1698.0,703.0,388.0,776.0,1123.0,1409.0,748.0,89.0,470.0,395.0,1100.0,39.0,1147.0,417.0,898.0,636.0,111.0,867.0
325,1611.0,388.0,172.0,501.0,197.0,121.0,97.0,674.0,35.0,723.0,404.0,17.0,385.0,557.0,317.0,385.0,504.0,1789.0,1067.0,792.0,4.0,526.0,1285.0,1503.0,711.0,846.0,1038.0,1027.0,282.0,271.0,0.0,797.0,8.0,664.0,0.0,21.0,202.0,316.0,9.0,630.0,1347.0,507.0,103.0,31.0,287.0,792.0,492.0,190.0,971.0,90.0,1095.0,567.0,616.0,904.0,240.0,145.0,389.0,712.0,1084.0,1542.0,470.0,308.0,20.0,151.0,917.0,340.0,638.0,780.0,706.0,1379.0,98.0,354.0,664.0,572.0,1294.0,579.0,2.0,47.0,24.0,817.0,939.0,933.0,1687.0,698.0,387.0,785.0,1134.0,1423.0,753.0,72.0,466.0,400.0,1118.0,39.0,1156.0,413.0,903.0,637.0,108.0,870.0
326,1570.0,390.0,164.0,505.0,197.0,121.0,88.0,666.0,35.0,720.0,404.0,17.0,386.0,562.0,321.0,375.0,512.0,1790.0,1064.0,792.0,4.0,527.0,1282.0,1512.0,702.0,844.0,1050.0,1035.0,279.0,270.0,0.0,798.0,8.0,661.0,0.0,21.0,202.0,316.0,9.0,629.0,1353.0,504.0,103.0,31.0,290.0,784.0,492.0,190.0,965.0,90.0,1091.0,567.0,616.0,921.0,236.0,145.0,387.0,722.0,1073.0,1534.0,471.0,308.0,20.0,151.0,921.0,340.0,640.0,782.0,702.0,1384.0,97.0,355.0,659.0,578.0,1314.0,577.0,2.0,47.0,24.0,808.0,941.0,940.0,1691.0,692.0,385.0,789.0,1140.0,1329.0,753.0,72.0,466.0,404.0,1127.0,39.0,1161.0,413.0,912.0,640.0,107.0,869.0
327,1584.0,388.0,164.0,499.0,195.0,121.0,88.0,663.0,35.0,711.0,404.0,17.0,395.0,561.0,325.0,375.0,513.0,1809.0,1060.0,803.0,4.0,527.0,1273.0,1507.0,700.0,848.0,1066.0,1040.0,279.0,269.0,0.0,792.0,8.0,672.0,0.0,21.0,202.0,316.0,9.0,629.0,1366.0,512.0,103.0,31.0,299.0,797.0,492.0,190.0,967.0,90.0,1074.0,567.0,612.0,931.0,232.0,145.0,384.0,729.0,1073.0,1537.0,465.0,304.0,20.0,151.0,922.0,340.0,643.0,775.0,701.0,1394.0,97.0,358.0,654.0,578.0,1315.0,575.0,2.0,46.0,24.0,795.0,944.0,956.0,1691.0,700.0,384.0,782.0,1141.0,1327.0,761.0,48.0,465.0,402.0,1123.0,39.0,1157.0,416.0,913.0,639.0,105.0,869.0
328,1598.0,382.0,164.0,495.0,193.0,120.0,82.0,668.0,35.0,703.0,410.0,17.0,396.0,562.0,332.0,371.0,513.0,1806.0,1056.0,809.0,4.0,520.0,1256.0,1501.0,696.0,853.0,1080.0,1043.0,279.0,269.0,0.0,787.0,8.0,679.0,0.0,21.0,202.0,316.0,9.0,629.0,1376.0,515.0,100.0,29.0,303.0,799.0,488.0,190.0,972.0,90.0,1066.0,573.0,613.0,940.0,229.0,145.0,384.0,727.0,1070.0,1534.0,465.0,300.0,20.0,149.0,916.0,340.0,645.0,781.0,705.0,1422.0,97.0,361.0,654.0,579.0,1326.0,575.0,2.0,46.0,24.0,789.0,947.0,965.0,1700.0,694.0,382.0,779.0,1141.0,1350.0,755.0,26.0,465.0,404.0,1119.0,39.0,1176.0,418.0,913.0,640.0,105.0,861.0
329,1612.0,376.0,164.0,499.0,193.0,120.0,69.0,671.0,32.0,711.0,412.0,15.0,396.0,569.0,335.0,369.0,515.0,1801.0,1058.0,810.0,4.0,514.0,1242.0,1504.0,688.0,850.0,1094.0,1041.0,278.0,269.0,0.0,787.0,8.0,685.0,0.0,21.0,201.0,314.0,9.0,623.0,1378.0,516.0,91.0,29.0,305.0,799.0,488.0,190.0,978.0,90.0,1061.0,571.0,611.0,949.0,226.0,145.0,384.0,738.0,1087.0,1534.0,465.0,300.0,20.0,149.0,931.0,337.0,650.0,776.0,713.0,1442.0,97.0,366.0,654.0,580.0,1325.0,576.0,2.0,44.0,24.0,777.0,949.0,962.0,1707.0,694.0,378.0,773.0,1142.0,1355.0,745.0,25.0,465.0,404.0,1114.0,39.0,1188.0,416.0,931.0,636.0,105.0,857.0
330,1617.0,376.0,164.0,498.0,193.0,120.0,69.0,673.0,32.0,711.0,416.0,15.0,393.0,572.0,338.0,367.0,516.0,1795.0,1070.0,809.0,4.0,514.0,1242.0,1501.0,678.0,851.0,1095.0,1041.0,277.0,265.0,0.0,784.0,8.0,687.0,0.0,16.0,201.0,312.0,9.0,614.0,1406.0,518.0,90.0,11.0,312.0,797.0,488.0,187.0,978.0,71.0,1054.0,569.0,611.0,959.0,226.0,145.0,384.0,736.0,1094.0,1529.0,466.0,297.0,20.0,149.0,939.0,349.0,654.0,785.0,710.0,1463.0,97.0,366.0,661.0,583.0,1316.0,584.0,2.0,44.0,24.0,777.0,948.0,973.0,1712.0,688.0,372.0,772.0,1141.0,1353.0,737.0,25.0,462.0,405.0,1102.0,39.0,1202.0,426.0,932.0,649.0,105.0,876.0
331,1626.0,372.0,164.0,498.0,193.0,120.0,69.0,675.0,32.0,711.0,425.0,15.0,393.0,567.0,342.0,367.0,515.0,1792.0,1076.0,810.0,3.0,514.0,1192.0,1515.0,671.0,854.0,1093.0,1031.0,277.0,263.0,0.0,784.0,8.0,687.0,0.0,12.0,196.0,312.0,8.0,602.0,1285.0,517.0,90.0,11.0,317.0,791.0,487.0,187.0,974.0,71.0,1068.0,567.0,611.0,969.0,226.0,143.0,378.0,735.0,1102.0,1533.0,459.0,297.0,20.0,149.0,936.0,353.0,659.0,787.0,708.0,1482.0,93.0,365.0,662.0,588.0,1305.0,592.0,1.0,44.0,21.0,777.0,949.0,973.0,1717.0,684.0,382.0,783.0,1143.0,1349.0,732.0,29.0,462.0,402.0,1089.0,39.0,1207.0,427.0,932.0,653.0,105.0,876.0
332,1632.0,365.0,164.0,500.0,193.0,87.0,69.0,673.0,32.0,714.0,432.0,15.0,393.0,567.0,343.0,367.0,514.0,1801.0,1082.0,824.0,3.0,519.0,1180.0,1507.0,657.0,856.0,1090.0,1028.0,277.0,263.0,0.0,787.0,8.0,683.0,0.0,12.0,196.0,310.0,8.0,596.0,1300.0,516.0,82.0,11.0,315.0,785.0,481.0,187.0,974.0,68.0,1072.0,564.0,611.0,983.0,226.0,142.0,375.0,748.0,1112.0,1524.0,462.0,290.0,20.0,147.0,942.0,354.0,663.0,791.0,718.0,1501.0,91.0,370.0,661.0,595.0,1296.0,593.0,1.0,41.0,21.0,777.0,955.0,970.0,1728.0,684.0,375.0,778.0,1141.0,1356.0,725.0,29.0,465.0,402.0,1082.0,26.0,1203.0,424.0,929.0,649.0,105.0,876.0
333,1638.0,365.0,160.0,500.0,193.0,87.0,69.0,674.0,32.0,707.0,435.0,1.0,390.0,569.0,350.0,367.0,508.0,1802.0,1090.0,830.0,3.0,520.0,1170.0,1516.0,655.0,855.0,1002.0,1024.0,273.0,267.0,0.0,792.0,8.0,698.0,0.0,12.0,174.0,310.0,8.0,593.0,1315.0,522.0,73.0,11.0,314.0,796.0,477.0,187.0,966.0,68.0,1078.0,565.0,611.0,999.0,226.0,140.0,371.0,746.0,1112.0,1525.0,462.0,292.0,20.0,147.0,936.0,350.0,670.0,787.0,717.0,1521.0,91.0,370.0,661.0,597.0,1283.0,599.0,1.0,41.0,21.0,777.0,950.0,968.0,1738.0,686.0,372.0,762.0,1146.0,1355.0,718.0,29.0,468.0,402.0,1088.0,26.0,1211.0,427.0,924.0,650.0,105.0,879.0
334,1645.0,359.0,157.0,504.0,193.0,86.0,64.0,670.0,32.0,703.0,435.0,1.0,389.0,572.0,349.0,369.0,508.0,1802.0,1090.0,828.0,3.0,526.0,1169.0,1522.0,649.0,849.0,1001.0,1030.0,277.0,267.0,0.0,790.0,2.0,714.0,0.0,12.0,174.0,311.0,8.0,592.0,1331.0,526.0,73.0,11.0,320.0,793.0,473.0,187.0,966.0,68.0,1087.0,559.0,613.0,893.0,226.0,140.0,371.0,753.0,1112.0,1531.0,459.0,287.0,17.0,147.0,933.0,353.0,678.0,785.0,713.0,1528.0,91.0,370.0,662.0,594.0,1272.0,601.0,1.0,38.0,21.0,777.0,945.0,977.0,1748.0,682.0,367.0,761.0,1158.0,1359.0,744.0,29.0,468.0,402.0,1080.0,26.0,1220.0,428.0,919.0,659.0,102.0,891.0
335,1652.0,359.0,154.0,500.0,193.0,86.0,64.0,666.0,32.0,715.0,439.0,1.0,388.0,570.0,349.0,372.0,500.0,1801.0,1084.0,829.0,3.0,530.0,1182.0,1537.0,641.0,850.0,1000.0,1031.0,273.0,246.0,0.0,794.0,2.0,724.0,0.0,12.0,165.0,311.0,8.0,590.0,1338.0,521.0,70.0,11.0,322.0,788.0,459.0,185.0,982.0,52.0,1090.0,559.0,613.0,911.0,226.0,140.0,371.0,763.0,1066.0,1494.0,459.0,285.0,17.0,146.0,929.0,353.0,685.0,785.0,710.0,1539.0,91.0,370.0,652.0,601.0,1266.0,609.0,1.0,35.0,21.0,727.0,943.0,977.0,1757.0,685.0,367.0,758.0,1156.0,1290.0,738.0,29.0,470.0,402.0,1092.0,26.0,1233.0,428.0,926.0,651.0,102.0,897.0
336,1667.0,350.0,154.0,506.0,193.0,85.0,64.0,664.0,32.0,718.0,443.0,1.0,387.0,569.0,361.0,376.0,506.0,1806.0,1074.0,830.0,3.0,506.0,1185.0,1549.0,641.0,850.0,999.0,1037.0,274.0,246.0,0.0,794.0,2.0,730.0,0.0,12.0,165.0,309.0,8.0,601.0,1350.0,521.0,65.0,11.0,323.0,784.0,453.0,184.0,983.0,52.0,1090.0,555.0,613.0,920.0,226.0,140.0,371.0,764.0,1065.0,1500.0,452.0,285.0,17.0,146.0,922.0,353.0,695.0,767.0,708.0,1545.0,91.0,367.0,649.0,599.0,1266.0,609.0,1.0,35.0,21.0,733.0,947.0,977.0,1777.0,685.0,367.0,769.0,1156.0,1311.0,735.0,29.0,467.0,402.0,1097.0,26.0,1241.0,428.0,924.0,650.0,99.0,901.0
337,1671.0,344.0,150.0,507.0,193.0,85.0,64.0,664.0,32.0,723.0,448.0,1.0,387.0,564.0,368.0,381.0,506.0,1791.0,1074.0,844.0,3.0,507.0,1176.0,1558.0,644.0,850.0,1021.0,1039.0,274.0,246.0,0.0,790.0,2.0,733.0,0.0,12.0,140.0,307.0,8.0,596.0,1381.0,521.0,65.0,11.0,319.0,778.0,445.0,183.0,981.0,52.0,1084.0,548.0,618.0,926.0,226.0,140.0,375.0,775.0,1063.0,1508.0,452.0,284.0,17.0,146.0,920.0,355.0,703.0,772.0,700.0,1549.0,91.0,367.0,658.0,596.0,1281.0,609.0,1.0,35.0,21.0,724.0,946.0,976.0,1810.0,680.0,367.0,769.0,1156.0,1320.0,728.0,29.0,407.0,398.0,1102.0,23.0,1246.0,426.0,926.0,650.0,99.0,912.0
338,1674.0,341.0,150.0,507.0,191.0,85.0,64.0,664.0,32.0,725.0,453.0,1.0,386.0,561.0,370.0,389.0,510.0,1783.0,1073.0,850.0,3.0,510.0,1165.0,1570.0,642.0,845.0,1029.0,1044.0,274.0,246.0,0.0,683.0,2.0,744.0,0.0,12.0,140.0,307.0,8.0,591.0,1401.0,519.0,65.0,11.0,319.0,773.0,454.0,140.0,975.0,50.0,1082.0,548.0,618.0,947.0,226.0,140.0,373.0,783.0,1063.0,1519.0,452.0,283.0,17.0,147.0,916.0,353.0,713.0,769.0,697.0,1557.0,91.0,369.0,651.0,596.0,1286.0,606.0,1.0,35.0,21.0,722.0,946.0,976.0,1830.0,676.0,363.0,770.0,1163.0,1326.0,728.0,29.0,364.0,397.0,1107.0,21.0,1256.0,424.0,930.0,650.0,99.0,918.0
339,1677.0,346.0,150.0,506.0,192.0,84.0,64.0,662.0,32.0,735.0,456.0,1.0,389.0,576.0,367.0,399.0,510.0,1782.0,1061.0,854.0,3.0,514.0,1154.0,1583.0,636.0,846.0,1038.0,1046.0,270.0,246.0,0.0,678.0,2.0,749.0,0.0,12.0,139.0,301.0,8.0,591.0,1387.0,529.0,65.0,11.0,319.0,766.0,450.0,137.0,970.0,50.0,1076.0,548.0,560.0,962.0,226.0,140.0,373.0,782.0,1067.0,1527.0,452.0,283.0,15.0,149.0,912.0,353.0,724.0,770.0,697.0,1586.0,76.0,368.0,651.0,590.0,1289.0,612.0,1.0,35.0,21.0,719.0,949.0,976.0,1838.0,674.0,358.0,766.0,1162.0,1326.0,727.0,29.0,360.0,401.0,1112.0,21.0,1257.0,418.0,931.0,656.0,96.0,922.0
340,1684.0,345.0,150.0,506.0,193.0,83.0,64.0,669.0,32.0,731.0,456.0,1.0,394.0,572.0,362.0,407.0,509.0,1790.0,1053.0,854.0,3.0,519.0,1092.0,1598.0,636.0,862.0,1037.0,1047.0,267.0,243.0,0.0,697.0,1.0,752.0,0.0,12.0,134.0,302.0,8.0,591.0,1405.0,532.0,65.0,11.0,319.0,764.0,449.0,133.0,965.0,46.0,1070.0,555.0,561.0,976.0,226.0,135.0,378.0,776.0,1079.0,1539.0,446.0,281.0,15.0,149.0,914.0,353.0,730.0,755.0,697.0,1598.0,76.0,375.0,644.0,586.0,1290.0,611.0,1.0,33.0,21.0,714.0,955.0,994.0,1838.0,673.0,361.0,762.0,1164.0,1327.0,716.0,29.0,368.0,401.0,1119.0,21.0,1249.0,412.0,925.0,654.0,96.0,922.0
341,1709.0,341.0,150.0,506.0,194.0,82.0,64.0,673.0,32.0,730.0,455.0,1.0,397.0,566.0,362.0,410.0,510.0,1803.0,1039.0,850.0,3.0,513.0,1104.0,1596.0,638.0,862.0,1031.0,1061.0,267.0,238.0,0.0,698.0,1.0,749.0,0.0,12.0,134.0,298.0,8.0,591.0,1416.0,531.0,65.0,11.0,318.0,758.0,449.0,133.0,961.0,41.0,1078.0,552.0,571.0,977.0,229.0,135.0,378.0,772.0,1084.0,1554.0,446.0,279.0,15.0,149.0,924.0,353.0,736.0,768.0,695.0,1606.0,76.0,379.0,645.0,579.0,1293.0,606.0,1.0,33.0,21.0,710.0,955.0,1000.0,1834.0,673.0,358.0,762.0,1174.0,1322.0,723.0,29.0,368.0,401.0,1052.0,21.0,1243.0,412.0,916.0,654.0,96.0,917.0
342,1709.0,341.0,150.0,506.0,196.0,82.0,63.0,679.0,32.0,747.0,455.0,1.0,401.0,566.0,369.0,409.0,508.0,1813.0,1041.0,855.0,3.0,516.0,1111.0,1604.0,634.0,857.0,1031.0,1071.0,267.0,233.0,0.0,705.0,1.0,747.0,0.0,12.0,134.0,298.0,8.0,572.0,1433.0,525.0,65.0,11.0,321.0,748.0,444.0,133.0,955.0,41.0,1075.0,552.0,577.0,1005.0,230.0,135.0,380.0,767.0,1081.0,1555.0,443.0,274.0,15.0,146.0,925.0,350.0,737.0,771.0,706.0,1609.0,63.0,384.0,650.0,572.0,1298.0,612.0,1.0,33.0,21.0,703.0,944.0,1009.0,1827.0,674.0,360.0,759.0,1194.0,1329.0,715.0,29.0,364.0,402.0,1050.0,21.0,1237.0,413.0,914.0,648.0,96.0,938.0
343,1718.0,341.0,147.0,506.0,199.0,82.0,63.0,685.0,29.0,701.0,451.0,1.0,401.0,560.0,370.0,406.0,508.0,1794.0,1045.0,853.0,3.0,522.0,1117.0,1608.0,635.0,855.0,1026.0,1076.0,267.0,233.0,0.0,700.0,1.0,749.0,0.0,12.0,134.0,297.0,8.0,571.0,1441.0,519.0,65.0,11.0,321.0,755.0,437.0,133.0,965.0,36.0,1071.0,545.0,577.0,1016.0,227.0,135.0,380.0,783.0,1071.0,1546.0,436.0,268.0,15.0,143.0,928.0,358.0,741.0,780.0,708.0,1641.0,63.0,382.0,645.0,572.0,1298.0,614.0,1.0,33.0,21.0,699.0,937.0,1004.0,1837.0,676.0,360.0,768.0,1203.0,1328.0,708.0,29.0,363.0,405.0,1064.0,21.0,1227.0,413.0,908.0,648.0,96.0,946.0
344,1727.0,340.0,144.0,506.0,200.0,82.0,62.0,687.0,29.0,707.0,461.0,1.0,401.0,554.0,366.0,403.0,508.0,1803.0,1051.0,852.0,3.0,525.0,1124.0,1612.0,634.0,849.0,1018.0,1075.0,267.0,232.0,0.0,699.0,1.0,764.0,0.0,12.0,134.0,291.0,8.0,574.0,1384.0,518.0,65.0,11.0,324.0,753.0,437.0,129.0,966.0,34.0,1059.0,539.0,587.0,1022.0,224.0,127.0,380.0,789.0,1068.0,1541.0,425.0,271.0,15.0,143.0,930.0,357.0,741.0,777.0,711.0,1665.0,57.0,387.0,645.0,572.0,1291.0,614.0,1.0,33.0,21.0,697.0,928.0,999.0,1843.0,679.0,360.0,772.0,1201.0,1345.0,703.0,29.0,363.0,414.0,1065.0,21.0,1219.0,413.0,903.0,645.0,94.0,953.0
345,1742.0,341.0,140.0,508.0,200.0,82.0,62.0,703.0,29.0,706.0,462.0,1.0,401.0,554.0,363.0,403.0,480.0,1804.0,1049.0,848.0,3.0,528.0,1130.0,1635.0,634.0,844.0,1018.0,1068.0,265.0,232.0,0.0,695.0,1.0,769.0,0.0,12.0,134.0,291.0,8.0,570.0,1413.0,513.0,65.0,11.0,326.0,750.0,433.0,129.0,960.0,34.0,1055.0,539.0,591.0,1027.0,222.0,127.0,376.0,795.0,1060.0,1544.0,425.0,266.0,15.0,143.0,905.0,357.0,755.0,774.0,713.0,1681.0,55.0,389.0,645.0,572.0,1283.0,614.0,1.0,33.0,21.0,691.0,920.0,1008.0,1854.0,682.0,364.0,772.0,1209.0,1348.0,709.0,29.0,363.0,413.0,1070.0,21.0,1219.0,407.0,911.0,656.0,94.0,956.0
346,1754.0,342.0,137.0,506.0,200.0,82.0,61.0,707.0,29.0,706.0,462.0,1.0,405.0,562.0,359.0,401.0,487.0,1802.0,1047.0,853.0,3.0,532.0,1125.0,1637.0,636.0,853.0,1013.0,1055.0,263.0,231.0,0.0,691.0,1.0,775.0,0.0,12.0,134.0,291.0,8.0,572.0,1425.0,511.0,65.0,11.0,319.0,739.0,431.0,129.0,955.0,34.0,1051.0,539.0,594.0,1026.0,217.0,127.0,376.0,791.0,1075.0,1559.0,417.0,266.0,15.0,143.0,911.0,357.0,762.0,783.0,718.0,1677.0,55.0,392.0,641.0,575.0,1291.0,607.0,1.0,33.0,21.0,692.0,908.0,1025.0,1851.0,686.0,366.0,775.0,1206.0,1349.0,703.0,29.0,363.0,412.0,1079.0,21.0,1236.0,407.0,910.0,660.0,94.0,955.0
347,1765.0,342.0,137.0,514.0,195.0,82.0,61.0,700.0,29.0,705.0,462.0,1.0,402.0,559.0,356.0,401.0,493.0,1795.0,1046.0,854.0,3.0,534.0,1115.0,1645.0,640.0,853.0,1010.0,1050.0,263.0,230.0,0.0,684.0,1.0,777.0,0.0,12.0,134.0,291.0,8.0,574.0,1447.0,502.0,65.0,11.0,316.0,734.0,427.0,129.0,945.0,34.0,1055.0,539.0,595.0,1031.0,214.0,127.0,376.0,793.0,1075.0,1571.0,417.0,261.0,15.0,143.0,919.0,358.0,766.0,782.0,722.0,1680.0,55.0,393.0,637.0,568.0,1282.0,606.0,1.0,30.0,21.0,693.0,910.0,1036.0,1846.0,692.0,366.0,772.0,1204.0,1347.0,694.0,29.0,362.0,410.0,1073.0,21.0,1244.0,404.0,904.0,667.0,92.0,968.0
348,1762.0,339.0,137.0,515.0,166.0,82.0,61.0,698.0,29.0,704.0,463.0,1.0,405.0,563.0,352.0,400.0,494.0,1790.0,1048.0,864.0,3.0,538.0,1110.0,1658.0,646.0,846.0,1005.0,1036.0,264.0,230.0,0.0,684.0,1.0,776.0,0.0,12.0,134.0,291.0,8.0,571.0,1467.0,497.0,61.0,10.0,315.0,723.0,424.0,129.0,943.0,34.0,1053.0,543.0,592.0,1031.0,211.0,127.0,376.0,789.0,1070.0,1577.0,417.0,256.0,15.0,142.0,922.0,358.0,766.0,779.0,725.0,1677.0,55.0,392.0,645.0,564.0,1282.0,606.0,1.0,30.0,21.0,688.0,926.0,1044.0,1833.0,699.0,366.0,779.0,1207.0,1344.0,696.0,29.0,362.0,412.0,1066.0,21.0,1242.0,404.0,898.0,672.0,92.0,971.0
349,1745.0,341.0,137.0,526.0,166.0,82.0,61.0,703.0,26.0,716.0,455.0,0.0,405.0,551.0,347.0,400.0,493.0,1794.0,1049.0,861.0,3.0,539.0,1102.0,1663.0,651.0,837.0,991.0,1036.0,265.0,230.0,0.0,677.0,1.0,770.0,0.0,12.0,134.0,284.0,8.0,575.0,1467.0,503.0,56.0,10.0,312.0,723.0,424.0,129.0,938.0,34.0,1053.0,531.0,587.0,1048.0,210.0,127.0,376.0,797.0,1069.0,1577.0,417.0,256.0,15.0,142.0,918.0,359.0,764.0,769.0,732.0,1676.0,55.0,403.0,638.0,561.0,1272.0,611.0,1.0,27.0,21.0,687.0,922.0,1045.0,1810.0,703.0,359.0,785.0,1199.0,1337.0,696.0,29.0,362.0,405.0,1053.0,21.0,1233.0,401.0,881.0,672.0,92.0,968.0
350,1750.0,342.0,137.0,526.0,166.0,82.0,61.0,702.0,26.0,722.0,450.0,0.0,403.0,547.0,341.0,402.0,484.0,1807.0,1049.0,861.0,3.0,547.0,1102.0,1691.0,655.0,830.0,995.0,1046.0,268.0,227.0,0.0,674.0,1.0,765.0,0.0,11.0,134.0,278.0,8.0,573.0,1366.0,503.0,21.0,6.0,319.0,723.0,424.0,128.0,930.0,31.0,1055.0,525.0,587.0,1053.0,210.0,127.0,377.0,805.0,1093.0,1570.0,405.0,256.0,15.0,142.0,917.0,361.0,762.0,767.0,741.0,1675.0,55.0,400.0,644.0,557.0,1268.0,613.0,1.0,27.0,21.0,687.0,913.0,1049.0,1794.0,708.0,360.0,790.0,1200.0,1330.0,696.0,26.0,362.0,396.0,1048.0,21.0,1234.0,400.0,880.0,672.0,92.0,968.0
351,1757.0,343.0,137.0,536.0,166.0,83.0,61.0,703.0,26.0,725.0,384.0,0.0,403.0,539.0,337.0,402.0,481.0,1806.0,1046.0,860.0,2.0,552.0,1110.0,1713.0,660.0,833.0,988.0,1035.0,270.0,230.0,0.0,674.0,1.0,753.0,0.0,11.0,131.0,278.0,7.0,573.0,1375.0,497.0,21.0,5.0,310.0,729.0,424.0,128.0,927.0,31.0,1059.0,522.0,587.0,1031.0,210.0,121.0,373.0,805.0,1092.0,1583.0,381.0,256.0,15.0,142.0,915.0,360.0,760.0,774.0,734.0,1675.0,51.0,399.0,639.0,562.0,1268.0,609.0,0.0,27.0,18.0,687.0,908.0,1003.0,1789.0,711.0,365.0,794.0,1198.0,1321.0,696.0,10.0,362.0,386.0,1063.0,21.0,1227.0,398.0,890.0,670.0,92.0,975.0
352,1773.0,344.0,137.0,543.0,166.0,84.0,61.0,699.0,26.0,723.0,381.0,0.0,407.0,539.0,333.0,402.0,484.0,1800.0,1047.0,872.0,2.0,554.0,1115.0,1736.0,662.0,831.0,980.0,1038.0,273.0,231.0,0.0,679.0,1.0,751.0,0.0,11.0,131.0,271.0,7.0,568.0,1380.0,497.0,21.0,5.0,306.0,727.0,418.0,128.0,942.0,31.0,1056.0,500.0,587.0,1042.0,210.0,114.0,373.0,805.0,1105.0,1589.0,345.0,257.0,15.0,140.0,913.0,358.0,761.0,777.0,736.0,1673.0,51.0,392.0,630.0,557.0,1272.0,611.0,0.0,27.0,18.0,687.0,903.0,992.0,1776.0,720.0,366.0,795.0,1193.0,1312.0,689.0,10.0,371.0,386.0,1065.0,19.0,1223.0,390.0,896.0,664.0,92.0,979.0
353,1790.0,348.0,135.0,543.0,166.0,84.0,61.0,695.0,26.0,724.0,378.0,0.0,408.0,537.0,333.0,400.0,480.0,1820.0,1052.0,880.0,2.0,564.0,1119.0,1759.0,662.0,831.0,985.0,974.0,273.0,231.0,0.0,677.0,1.0,741.0,0.0,11.0,128.0,271.0,7.0,572.0,1395.0,497.0,10.0,5.0,302.0,725.0,418.0,128.0,936.0,31.0,1063.0,491.0,587.0,1052.0,210.0,82.0,371.0,802.0,1108.0,1590.0,345.0,245.0,15.0,140.0,912.0,355.0,759.0,776.0,736.0,1687.0,51.0,392.0,625.0,568.0,1283.0,615.0,0.0,27.0,18.0,687.0,906.0,992.0,1778.0,726.0,366.0,803.0,1208.0,1315.0,689.0,4.0,374.0,386.0,1064.0,19.0,1229.0,384.0,901.0,664.0,92.0,981.0
354,1668.0,342.0,132.0,551.0,162.0,84.0,60.0,709.0,26.0,733.0,378.0,0.0,410.0,530.0,333.0,408.0,480.0,1822.0,1050.0,884.0,2.0,577.0,1131.0,1783.0,661.0,834.0,982.0,975.0,279.0,225.0,0.0,651.0,1.0,731.0,0.0,11.0,128.0,268.0,7.0,569.0,1406.0,498.0,10.0,5.0,300.0,723.0,415.0,128.0,936.0,31.0,1062.0,491.0,583.0,1063.0,210.0,82.0,371.0,803.0,1106.0,1598.0,338.0,244.0,14.0,140.0,925.0,351.0,773.0,776.0,738.0,1661.0,51.0,392.0,631.0,568.0,1290.0,614.0,0.0,24.0,18.0,693.0,906.0,988.0,1786.0,731.0,362.0,802.0,1214.0,1321.0,700.0,4.0,377.0,386.0,1062.0,19.0,1224.0,378.0,902.0,675.0,90.0,998.0
355,1687.0,342.0,129.0,558.0,162.0,84.0,60.0,714.0,26.0,734.0,372.0,0.0,408.0,534.0,333.0,412.0,482.0,1819.0,1041.0,890.0,2.0,582.0,1148.0,1740.0,658.0,837.0,984.0,971.0,280.0,220.0,0.0,644.0,1.0,659.0,0.0,11.0,126.0,275.0,7.0,579.0,1419.0,498.0,10.0,5.0,300.0,722.0,415.0,129.0,944.0,31.0,1069.0,491.0,588.0,1039.0,210.0,82.0,371.0,803.0,1119.0,1614.0,338.0,244.0,14.0,140.0,930.0,351.0,778.0,776.0,739.0,1679.0,51.0,384.0,631.0,565.0,1298.0,617.0,0.0,22.0,18.0,702.0,894.0,979.0,1803.0,732.0,362.0,805.0,1220.0,1321.0,702.0,4.0,377.0,386.0,1063.0,19.0,1222.0,369.0,903.0,679.0,90.0,1006.0
356,1654.0,346.0,129.0,561.0,162.0,84.0,60.0,716.0,26.0,739.0,367.0,0.0,408.0,534.0,340.0,417.0,479.0,1814.0,1030.0,889.0,2.0,588.0,1158.0,1742.0,658.0,837.0,980.0,968.0,282.0,220.0,0.0,644.0,1.0,649.0,0.0,11.0,126.0,270.0,7.0,575.0,1442.0,498.0,10.0,5.0,298.0,722.0,411.0,130.0,945.0,31.0,1068.0,487.0,590.0,1045.0,210.0,82.0,371.0,798.0,1122.0,1618.0,338.0,244.0,14.0,140.0,928.0,351.0,777.0,774.0,746.0,1684.0,51.0,379.0,631.0,539.0,1301.0,605.0,0.0,22.0,18.0,713.0,892.0,979.0,1810.0,740.0,362.0,800.0,1219.0,1317.0,693.0,4.0,376.0,386.0,1062.0,19.0,1231.0,370.0,897.0,624.0,89.0,1004.0
357,1641.0,348.0,118.0,569.0,162.0,84.0,60.0,716.0,26.0,739.0,362.0,0.0,408.0,534.0,341.0,424.0,479.0,1809.0,1030.0,889.0,2.0,595.0,1157.0,1761.0,655.0,837.0,984.0,968.0,282.0,220.0,0.0,638.0,1.0,643.0,0.0,11.0,122.0,264.0,7.0,578.0,1443.0,498.0,10.0,5.0,296.0,724.0,406.0,131.0,948.0,31.0,1056.0,484.0,594.0,1048.0,210.0,82.0,376.0,814.0,1131.0,1622.0,338.0,244.0,14.0,140.0,919.0,350.0,772.0,785.0,747.0,1684.0,51.0,379.0,633.0,532.0,1308.0,611.0,0.0,22.0,18.0,722.0,885.0,979.0,1816.0,742.0,362.0,800.0,1219.0,1332.0,680.0,4.0,374.0,381.0,1075.0,17.0,1233.0,365.0,901.0,618.0,89.0,998.0
358,1643.0,346.0,118.0,566.0,163.0,84.0,60.0,716.0,26.0,751.0,355.0,0.0,408.0,527.0,338.0,432.0,474.0,1805.0,1030.0,883.0,2.0,598.0,1155.0,1757.0,655.0,849.0,974.0,978.0,282.0,220.0,0.0,638.0,1.0,642.0,0.0,11.0,122.0,264.0,7.0,573.0,1451.0,491.0,10.0,5.0,296.0,720.0,396.0,114.0,941.0,28.0,1050.0,484.0,596.0,1043.0,210.0,82.0,377.0,818.0,1125.0,1617.0,338.0,244.0,14.0,117.0,915.0,348.0,770.0,789.0,752.0,1671.0,51.0,377.0,623.0,532.0,1310.0,604.0,0.0,22.0,18.0,732.0,885.0,979.0,1804.0,741.0,360.0,807.0,1214.0,1330.0,680.0,4.0,374.0,374.0,1064.0,15.0,1232.0,359.0,911.0,618.0,89.0,992.0
359,1658.0,347.0,118.0,561.0,166.0,82.0,60.0,706.0,26.0,752.0,347.0,0.0,410.0,532.0,338.0,443.0,474.0,1823.0,1046.0,880.0,2.0,596.0,1155.0,1782.0,654.0,848.0,967.0,996.0,283.0,218.0,0.0,643.0,1.0,657.0,0.0,11.0,119.0,264.0,7.0,573.0,1476.0,500.0,10.0,5.0,296.0,730.0,391.0,110.0,952.0,25.0,1041.0,484.0,609.0,1047.0,217.0,82.0,377.0,819.0,1130.0,1614.0,338.0,244.0,13.0,91.0,915.0,348.0,770.0,786.0,756.0,1671.0,47.0,368.0,623.0,531.0,1326.0,609.0,0.0,22.0,18.0,733.0,884.0,986.0,1802.0,753.0,360.0,813.0,1220.0,1328.0,671.0,4.0,371.0,377.0,1037.0,15.0,1229.0,355.0,907.0,621.0,87.0,993.0
360,1669.0,344.0,118.0,561.0,166.0,78.0,52.0,700.0,26.0,758.0,326.0,0.0,411.0,531.0,334.0,442.0,473.0,1835.0,1049.0,880.0,2.0,595.0,1170.0,1797.0,654.0,849.0,959.0,1006.0,283.0,214.0,0.0,649.0,0.0,655.0,0.0,11.0,116.0,258.0,7.0,573.0,1489.0,500.0,10.0,5.0,296.0,734.0,393.0,108.0,954.0,21.0,1030.0,486.0,610.0,1053.0,217.0,82.0,374.0,818.0,1127.0,1606.0,332.0,243.0,13.0,91.0,924.0,348.0,770.0,789.0,761.0,1668.0,47.0,372.0,626.0,527.0,1335.0,610.0,0.0,20.0,18.0,733.0,880.0,992.0,1789.0,757.0,359.0,812.0,1231.0,1319.0,652.0,4.0,375.0,377.0,1036.0,15.0,1233.0,351.0,895.0,617.0,87.0,996.0
361,1709.0,345.0,118.0,561.0,171.0,72.0,37.0,696.0,26.0,761.0,326.0,0.0,415.0,527.0,334.0,443.0,471.0,1846.0,1049.0,878.0,2.0,608.0,1176.0,1764.0,656.0,846.0,964.0,1016.0,283.0,210.0,0.0,653.0,0.0,657.0,0.0,11.0,116.0,252.0,7.0,573.0,1506.0,499.0,10.0,5.0,296.0,737.0,393.0,108.0,960.0,18.0,1034.0,486.0,606.0,1062.0,220.0,82.0,377.0,814.0,1116.0,1608.0,330.0,241.0,13.0,91.0,933.0,348.0,769.0,784.0,769.0,1677.0,47.0,320.0,630.0,529.0,1344.0,610.0,0.0,20.0,18.0,735.0,874.0,1002.0,1781.0,763.0,361.0,819.0,1251.0,1319.0,648.0,4.0,375.0,377.0,1050.0,15.0,1227.0,351.0,889.0,617.0,87.0,988.0
362,1723.0,345.0,118.0,561.0,170.0,72.0,35.0,690.0,26.0,762.0,326.0,0.0,413.0,527.0,331.0,437.0,475.0,1857.0,1044.0,885.0,2.0,613.0,1180.0,1774.0,661.0,857.0,964.0,1025.0,288.0,208.0,0.0,650.0,0.0,657.0,0.0,11.0,116.0,252.0,7.0,573.0,1522.0,499.0,10.0,5.0,289.0,735.0,387.0,108.0,959.0,18.0,1043.0,486.0,600.0,1065.0,219.0,82.0,371.0,811.0,1107.0,1623.0,326.0,241.0,13.0,83.0,938.0,353.0,779.0,792.0,773.0,1680.0,47.0,317.0,633.0,529.0,1348.0,605.0,0.0,20.0,18.0,742.0,873.0,1009.0,1783.0,772.0,368.0,824.0,1260.0,1319.0,640.0,4.0,371.0,376.0,1053.0,15.0,1225.0,348.0,889.0,621.0,87.0,998.0
363,1730.0,345.0,102.0,561.0,175.0,72.0,35.0,702.0,23.0,771.0,319.0,0.0,413.0,497.0,330.0,437.0,478.0,1866.0,1041.0,884.0,2.0,609.0,1184.0,1787.0,666.0,862.0,963.0,1033.0,291.0,208.0,0.0,650.0,0.0,657.0,0.0,11.0,116.0,252.0,7.0,563.0,1539.0,499.0,10.0,5.0,289.0,727.0,379.0,108.0,965.0,16.0,1041.0,484.0,593.0,1081.0,218.0,82.0,365.0,808.0,1112.0,1629.0,318.0,243.0,13.0,78.0,943.0,357.0,785.0,791.0,782.0,1711.0,47.0,310.0,634.0,529.0,1357.0,602.0,0.0,20.0,18.0,754.0,880.0,1007.0,1771.0,781.0,370.0,815.0,1259.0,1327.0,640.0,4.0,371.0,369.0,1071.0,15.0,1220.0,348.0,889.0,626.0,87.0,994.0
364,1737.0,341.0,87.0,563.0,172.0,72.0,29.0,696.0,23.0,783.0,314.0,0.0,413.0,491.0,326.0,434.0,480.0,1880.0,1042.0,890.0,2.0,606.0,1169.0,1810.0,665.0,858.0,960.0,1041.0,294.0,202.0,0.0,655.0,0.0,659.0,0.0,11.0,116.0,252.0,7.0,556.0,1548.0,500.0,10.0,5.0,283.0,722.0,379.0,104.0,966.0,16.0,1002.0,484.0,588.0,1082.0,218.0,81.0,363.0,806.0,1120.0,1636.0,315.0,244.0,13.0,78.0,947.0,357.0,786.0,797.0,780.0,1724.0,44.0,308.0,635.0,529.0,1356.0,602.0,0.0,20.0,18.0,760.0,879.0,1018.0,1760.0,790.0,372.0,813.0,1255.0,1340.0,634.0,4.0,371.0,376.0,1077.0,15.0,1233.0,348.0,892.0,631.0,74.0,1006.0
365,1731.0,335.0,78.0,561.0,172.0,72.0,29.0,679.0,23.0,788.0,311.0,0.0,419.0,502.0,326.0,434.0,476.0,1875.0,1033.0,885.0,2.0,596.0,1162.0,1811.0,665.0,844.0,956.0,1049.0,293.0,202.0,0.0,657.0,0.0,658.0,0.0,11.0,116.0,252.0,7.0,560.0,1535.0,502.0,10.0,5.0,281.0,712.0,374.0,104.0,961.0,16.0,1000.0,484.0,588.0,1071.0,216.0,81.0,363.0,817.0,1121.0,1620.0,310.0,240.0,13.0,78.0,952.0,357.0,787.0,788.0,797.0,1716.0,41.0,305.0,635.0,529.0,1355.0,602.0,0.0,20.0,18.0,763.0,878.0,1007.0,1749.0,787.0,376.0,802.0,1250.0,1341.0,622.0,4.0,371.0,374.0,1065.0,15.0,1221.0,348.0,884.0,639.0,74.0,995.0
366,1730.0,331.0,78.0,560.0,172.0,72.0,28.0,679.0,23.0,793.0,311.0,0.0,425.0,504.0,326.0,430.0,472.0,1864.0,1016.0,879.0,2.0,595.0,1164.0,1827.0,674.0,836.0,948.0,1049.0,289.0,199.0,0.0,659.0,0.0,657.0,0.0,11.0,116.0,252.0,7.0,552.0,1532.0,504.0,10.0,5.0,275.0,703.0,366.0,104.0,970.0,16.0,999.0,484.0,578.0,1062.0,214.0,81.0,361.0,822.0,1112.0,1610.0,310.0,240.0,13.0,78.0,959.0,358.0,793.0,781.0,806.0,1703.0,41.0,301.0,643.0,534.0,1381.0,598.0,0.0,20.0,18.0,762.0,880.0,1006.0,1750.0,787.0,382.0,795.0,1265.0,1340.0,622.0,4.0,371.0,365.0,1076.0,15.0,1221.0,348.0,881.0,641.0,74.0,994.0
367,1721.0,331.0,78.0,559.0,170.0,72.0,28.0,676.0,23.0,794.0,311.0,0.0,430.0,502.0,321.0,430.0,470.0,1866.0,997.0,895.0,2.0,593.0,1173.0,1844.0,681.0,826.0,939.0,1049.0,289.0,199.0,0.0,652.0,0.0,657.0,0.0,11.0,116.0,252.0,7.0,546.0,1528.0,507.0,10.0,5.0,269.0,704.0,363.0,104.0,974.0,16.0,998.0,484.0,568.0,1053.0,215.0,81.0,355.0,825.0,1112.0,1601.0,310.0,240.0,13.0,78.0,958.0,357.0,793.0,777.0,811.0,1688.0,41.0,300.0,639.0,526.0,1393.0,598.0,0.0,19.0,18.0,763.0,871.0,997.0,1757.0,786.0,383.0,786.0,1271.0,1340.0,610.0,4.0,367.0,364.0,1080.0,15.0,1223.0,348.0,888.0,652.0,73.0,996.0
368,1714.0,336.0,78.0,554.0,167.0,71.0,28.0,667.0,23.0,802.0,303.0,0.0,433.0,506.0,324.0,430.0,480.0,1862.0,982.0,895.0,2.0,589.0,1177.0,1876.0,685.0,814.0,935.0,1044.0,294.0,199.0,0.0,660.0,0.0,658.0,0.0,11.0,116.0,252.0,7.0,547.0,1526.0,510.0,10.0,5.0,266.0,709.0,363.0,104.0,979.0,16.0,992.0,485.0,558.0,1040.0,215.0,81.0,355.0,829.0,1106.0,1597.0,310.0,235.0,13.0,68.0,959.0,357.0,797.0,772.0,813.0,1672.0,41.0,300.0,650.0,526.0,1404.0,598.0,0.0,19.0,18.0,758.0,864.0,992.0,1761.0,807.0,383.0,779.0,1280.0,1344.0,600.0,4.0,367.0,357.0,1081.0,15.0,1226.0,354.0,897.0,653.0,73.0,1003.0
369,1702.0,337.0,78.0,548.0,167.0,71.0,28.0,680.0,21.0,785.0,303.0,0.0,433.0,508.0,323.0,430.0,483.0,1872.0,973.0,901.0,2.0,586.0,1174.0,1907.0,684.0,804.0,923.0,1040.0,293.0,199.0,0.0,659.0,0.0,659.0,0.0,11.0,116.0,256.0,7.0,546.0,1520.0,513.0,1.0,5.0,260.0,714.0,363.0,104.0,974.0,16.0,987.0,487.0,559.0,1033.0,212.0,81.0,355.0,828.0,1108.0,1597.0,310.0,235.0,13.0,68.0,976.0,366.0,796.0,766.0,824.0,1662.0,41.0,293.0,657.0,526.0,1410.0,598.0,0.0,17.0,18.0,762.0,859.0,984.0,1763.0,808.0,382.0,769.0,1290.0,1349.0,600.0,4.0,367.0,351.0,1087.0,15.0,1235.0,353.0,897.0,656.0,73.0,1008.0
370,1685.0,336.0,78.0,548.0,167.0,71.0,28.0,682.0,21.0,789.0,303.0,0.0,431.0,509.0,321.0,423.0,479.0,1898.0,968.0,902.0,2.0,587.0,1174.0,1932.0,698.0,809.0,912.0,1037.0,299.0,199.0,0.0,665.0,0.0,660.0,0.0,10.0,116.0,256.0,7.0,545.0,1515.0,510.0,1.0,4.0,260.0,720.0,363.0,97.0,981.0,15.0,982.0,490.0,559.0,1025.0,212.0,81.0,354.0,823.0,1126.0,1600.0,306.0,235.0,13.0,68.0,985.0,366.0,807.0,769.0,838.0,1642.0,41.0,290.0,663.0,531.0,1419.0,588.0,0.0,17.0,18.0,764.0,850.0,991.0,1762.0,810.0,387.0,764.0,1303.0,1341.0,600.0,3.0,367.0,347.0,1083.0,15.0,1239.0,356.0,897.0,654.0,73.0,1011.0
371,1686.0,338.0,78.0,541.0,167.0,60.0,28.0,684.0,21.0,789.0,300.0,0.0,431.0,506.0,321.0,423.0,476.0,1912.0,964.0,904.0,1.0,589.0,1164.0,1957.0,697.0,805.0,921.0,1046.0,303.0,199.0,0.0,665.0,0.0,663.0,0.0,10.0,114.0,256.0,6.0,545.0,1512.0,510.0,1.0,3.0,256.0,728.0,363.0,97.0,981.0,15.0,993.0,494.0,559.0,1025.0,212.0,75.0,353.0,823.0,1133.0,1575.0,303.0,235.0,13.0,68.0,991.0,376.0,813.0,776.0,841.0,1623.0,38.0,286.0,661.0,525.0,1424.0,581.0,0.0,17.0,16.0,767.0,868.0,987.0,1762.0,808.0,394.0,774.0,1296.0,1338.0,600.0,3.0,367.0,341.0,1087.0,15.0,1241.0,355.0,898.0,649.0,73.0,1021.0
372,1687.0,336.0,78.0,555.0,167.0,59.0,28.0,682.0,21.0,787.0,295.0,0.0,435.0,506.0,321.0,423.0,472.0,1924.0,961.0,911.0,1.0,597.0,1163.0,1965.0,703.0,805.0,919.0,1051.0,303.0,199.0,0.0,674.0,0.0,663.0,0.0,10.0,114.0,262.0,6.0,546.0,1506.0,510.0,1.0,3.0,256.0,730.0,363.0,97.0,988.0,15.0,989.0,498.0,559.0,1016.0,212.0,71.0,353.0,821.0,1132.0,1578.0,280.0,232.0,13.0,62.0,998.0,378.0,795.0,779.0,842.0,1603.0,38.0,288.0,667.0,534.0,1432.0,581.0,0.0,17.0,16.0,771.0,867.0,984.0,1764.0,808.0,397.0,769.0,1291.0,1335.0,600.0,3.0,374.0,341.0,1084.0,14.0,1242.0,352.0,898.0,662.0,73.0,1016.0
373,1701.0,334.0,78.0,556.0,167.0,59.0,28.0,682.0,21.0,787.0,295.0,0.0,438.0,506.0,318.0,424.0,472.0,1936.0,951.0,911.0,1.0,593.0,1159.0,1981.0,698.0,804.0,914.0,1053.0,305.0,197.0,0.0,677.0,0.0,661.0,0.0,10.0,112.0,264.0,6.0,549.0,1510.0,463.0,1.0,3.0,251.0,738.0,360.0,97.0,1001.0,15.0,997.0,502.0,559.0,1026.0,212.0,71.0,351.0,785.0,1134.0,1579.0,280.0,223.0,13.0,62.0,1005.0,379.0,805.0,780.0,841.0,1592.0,38.0,288.0,636.0,537.0,1442.0,575.0,0.0,17.0,16.0,777.0,862.0,984.0,1770.0,814.0,393.0,764.0,1295.0,1293.0,592.0,3.0,373.0,341.0,1082.0,14.0,1256.0,351.0,896.0,615.0,73.0,1026.0
374,1705.0,338.0,72.0,557.0,167.0,49.0,28.0,686.0,21.0,785.0,295.0,0.0,434.0,503.0,320.0,421.0,472.0,1938.0,949.0,915.0,1.0,592.0,1167.0,2000.0,692.0,800.0,905.0,1060.0,303.0,197.0,0.0,684.0,0.0,638.0,0.0,10.0,112.0,262.0,6.0,552.0,1507.0,465.0,1.0,3.0,249.0,742.0,358.0,97.0,1005.0,15.0,1007.0,498.0,561.0,1028.0,212.0,71.0,351.0,793.0,1128.0,1575.0,278.0,220.0,12.0,62.0,1009.0,378.0,806.0,780.0,848.0,1579.0,38.0,288.0,641.0,539.0,1451.0,564.0,0.0,16.0,16.0,783.0,858.0,973.0,1785.0,814.0,385.0,764.0,1293.0,1297.0,597.0,3.0,376.0,341.0,1081.0,14.0,1261.0,351.0,898.0,616.0,73.0,1022.0
375,1708.0,339.0,52.0,559.0,167.0,49.0,28.0,672.0,21.0,784.0,291.0,0.0,434.0,509.0,320.0,429.0,472.0,1938.0,947.0,916.0,1.0,591.0,1174.0,2017.0,687.0,792.0,893.0,1066.0,302.0,196.0,0.0,661.0,0.0,638.0,0.0,10.0,110.0,267.0,6.0,527.0,1505.0,467.0,1.0,3.0,246.0,744.0,358.0,88.0,1009.0,15.0,1006.0,498.0,556.0,1030.0,212.0,71.0,351.0,773.0,1124.0,1580.0,278.0,220.0,12.0,62.0,1014.0,378.0,794.0,780.0,849.0,1557.0,38.0,284.0,647.0,523.0,1450.0,554.0,0.0,15.0,16.0,802.0,860.0,969.0,1787.0,811.0,385.0,754.0,1303.0,1299.0,592.0,3.0,377.0,341.0,1084.0,14.0,1267.0,346.0,911.0,611.0,73.0,1024.0
376,1708.0,335.0,52.0,560.0,167.0,40.0,28.0,666.0,21.0,789.0,287.0,0.0,439.0,509.0,321.0,433.0,467.0,1948.0,947.0,912.0,1.0,593.0,1195.0,2013.0,687.0,792.0,883.0,1057.0,307.0,196.0,0.0,661.0,0.0,645.0,0.0,10.0,110.0,263.0,6.0,528.0,1503.0,467.0,1.0,3.0,242.0,744.0,359.0,67.0,1007.0,15.0,1001.0,494.0,549.0,1032.0,212.0,71.0,351.0,770.0,1113.0,1577.0,278.0,220.0,12.0,62.0,1008.0,379.0,796.0,779.0,848.0,1536.0,38.0,284.0,654.0,519.0,1456.0,547.0,0.0,15.0,16.0,819.0,852.0,969.0,1798.0,806.0,385.0,755.0,1314.0,1302.0,583.0,3.0,375.0,341.0,1065.0,14.0,1269.0,347.0,915.0,623.0,54.0,1014.0
377,1707.0,334.0,52.0,560.0,167.0,40.0,28.0,666.0,21.0,766.0,287.0,0.0,441.0,510.0,319.0,436.0,467.0,1967.0,947.0,913.0,1.0,590.0,1198.0,2028.0,656.0,792.0,873.0,1057.0,307.0,196.0,0.0,659.0,0.0,652.0,0.0,10.0,110.0,260.0,6.0,525.0,1511.0,467.0,1.0,3.0,238.0,746.0,358.0,46.0,1009.0,15.0,1001.0,495.0,547.0,1038.0,212.0,71.0,353.0,767.0,1124.0,1578.0,278.0,220.0,12.0,62.0,1016.0,382.0,807.0,787.0,860.0,1543.0,38.0,284.0,663.0,518.0,1458.0,546.0,0.0,15.0,16.0,828.0,853.0,979.0,1821.0,769.0,385.0,745.0,1324.0,1308.0,580.0,3.0,334.0,340.0,1079.0,13.0,1272.0,345.0,921.0,627.0,54.0,1018.0
378,1692.0,338.0,52.0,556.0,166.0,40.0,28.0,666.0,21.0,773.0,280.0,0.0,445.0,506.0,319.0,442.0,460.0,1984.0,947.0,916.0,1.0,595.0,1201.0,2040.0,656.0,791.0,863.0,1058.0,307.0,196.0,0.0,674.0,0.0,657.0,0.0,10.0,110.0,260.0,6.0,524.0,1503.0,475.0,1.0,3.0,238.0,745.0,356.0,40.0,1013.0,14.0,1002.0,495.0,554.0,1033.0,212.0,71.0,350.0,766.0,1123.0,1574.0,278.0,220.0,12.0,64.0,1024.0,385.0,806.0,785.0,859.0,1534.0,38.0,284.0,673.0,518.0,1471.0,542.0,0.0,15.0,16.0,846.0,853.0,979.0,1836.0,758.0,377.0,737.0,1326.0,1321.0,580.0,3.0,334.0,328.0,1089.0,12.0,1268.0,343.0,904.0,632.0,54.0,1016.0
379,1685.0,335.0,52.0,552.0,171.0,39.0,28.0,665.0,21.0,782.0,228.0,0.0,450.0,506.0,316.0,450.0,460.0,1997.0,944.0,922.0,1.0,597.0,1201.0,2056.0,656.0,788.0,851.0,1066.0,304.0,194.0,0.0,670.0,0.0,661.0,0.0,10.0,108.0,258.0,6.0,524.0,1500.0,479.0,1.0,3.0,238.0,745.0,367.0,39.0,944.0,13.0,997.0,495.0,554.0,1032.0,214.0,71.0,345.0,761.0,1120.0,1585.0,278.0,220.0,11.0,58.0,1021.0,387.0,810.0,784.0,866.0,1529.0,35.0,281.0,681.0,514.0,1477.0,547.0,0.0,15.0,16.0,856.0,845.0,972.0,1846.0,752.0,377.0,730.0,1330.0,1324.0,570.0,3.0,338.0,322.0,1099.0,12.0,1282.0,343.0,907.0,606.0,42.0,1029.0
380,1675.0,334.0,52.0,552.0,165.0,36.0,26.0,665.0,21.0,781.0,226.0,0.0,457.0,505.0,316.0,448.0,461.0,1997.0,943.0,924.0,1.0,599.0,1208.0,2081.0,656.0,785.0,838.0,1069.0,304.0,194.0,0.0,677.0,0.0,662.0,0.0,10.0,106.0,253.0,6.0,524.0,1491.0,481.0,1.0,3.0,238.0,750.0,365.0,37.0,949.0,13.0,994.0,505.0,555.0,1033.0,214.0,71.0,349.0,775.0,1093.0,1538.0,278.0,220.0,11.0,58.0,1025.0,388.0,812.0,784.0,869.0,1526.0,35.0,277.0,686.0,509.0,1472.0,544.0,0.0,13.0,16.0,859.0,842.0,985.0,1778.0,748.0,385.0,718.0,1332.0,1324.0,567.0,3.0,338.0,322.0,1107.0,12.0,1289.0,343.0,902.0,607.0,42.0,1033.0
381,1663.0,330.0,52.0,552.0,169.0,36.0,26.0,665.0,21.0,788.0,226.0,0.0,457.0,500.0,316.0,443.0,456.0,1995.0,942.0,926.0,1.0,600.0,1213.0,2096.0,658.0,793.0,829.0,1072.0,304.0,193.0,0.0,675.0,0.0,664.0,0.0,10.0,106.0,254.0,6.0,524.0,1493.0,482.0,1.0,3.0,238.0,762.0,365.0,37.0,965.0,13.0,990.0,506.0,551.0,1032.0,212.0,71.0,348.0,778.0,1090.0,1502.0,267.0,220.0,11.0,58.0,1044.0,395.0,813.0,787.0,868.0,1527.0,35.0,277.0,681.0,506.0,1468.0,542.0,0.0,13.0,16.0,855.0,849.0,995.0,1649.0,736.0,384.0,721.0,1322.0,1332.0,511.0,3.0,337.0,322.0,1122.0,12.0,1298.0,343.0,904.0,621.0,42.0,1037.0
382,1651.0,330.0,52.0,552.0,170.0,36.0,26.0,668.0,21.0,787.0,226.0,0.0,460.0,500.0,314.0,438.0,451.0,2022.0,940.0,926.0,1.0,602.0,1216.0,2104.0,658.0,789.0,829.0,1083.0,276.0,191.0,0.0,673.0,0.0,662.0,0.0,10.0,106.0,254.0,6.0,526.0,1492.0,466.0,1.0,3.0,234.0,703.0,364.0,37.0,974.0,13.0,990.0,512.0,556.0,1042.0,218.0,71.0,342.0,778.0,1093.0,1511.0,257.0,208.0,11.0,58.0,1053.0,402.0,818.0,788.0,853.0,1529.0,35.0,275.0,687.0,506.0,1469.0,535.0,0.0,13.0,16.0,854.0,847.0,1001.0,1666.0,732.0,366.0,718.0,1357.0,1332.0,508.0,3.0,335.0,322.0,1131.0,12.0,1296.0,344.0,904.0,630.0,42.0,1040.0
383,1638.0,330.0,52.0,552.0,170.0,36.0,26.0,673.0,19.0,794.0,221.0,0.0,460.0,503.0,314.0,432.0,448.0,2044.0,942.0,926.0,1.0,603.0,1231.0,2112.0,666.0,784.0,823.0,1087.0,273.0,191.0,0.0,667.0,0.0,657.0,0.0,10.0,106.0,248.0,6.0,529.0,1493.0,469.0,1.0,3.0,234.0,703.0,362.0,37.0,984.0,12.0,996.0,515.0,539.0,1047.0,217.0,71.0,342.0,723.0,1092.0,1522.0,238.0,189.0,11.0,58.0,1063.0,410.0,832.0,795.0,861.0,1533.0,35.0,275.0,693.0,506.0,1485.0,530.0,0.0,13.0,16.0,849.0,848.0,1007.0,1691.0,731.0,364.0,714.0,1370.0,1354.0,506.0,3.0,334.0,315.0,1152.0,12.0,1310.0,344.0,899.0,635.0,42.0,1042.0
384,1634.0,329.0,47.0,550.0,170.0,36.0,23.0,680.0,19.0,801.0,220.0,0.0,460.0,506.0,314.0,431.0,446.0,2055.0,932.0,915.0,1.0,604.0,1238.0,2116.0,668.0,788.0,823.0,1091.0,280.0,189.0,0.0,665.0,0.0,658.0,0.0,10.0,106.0,244.0,6.0,528.0,1494.0,474.0,1.0,3.0,234.0,699.0,362.0,36.0,993.0,12.0,995.0,519.0,541.0,1051.0,214.0,71.0,334.0,732.0,1095.0,1534.0,222.0,155.0,11.0,58.0,1064.0,418.0,836.0,798.0,872.0,1497.0,32.0,275.0,692.0,506.0,1502.0,530.0,0.0,13.0,16.0,869.0,853.0,1011.0,1718.0,728.0,362.0,676.0,1379.0,1365.0,505.0,3.0,334.0,303.0,1168.0,12.0,1324.0,344.0,888.0,648.0,37.0,1040.0
385,1656.0,328.0,47.0,550.0,170.0,36.0,23.0,686.0,19.0,803.0,220.0,0.0,421.0,511.0,314.0,431.0,448.0,2069.0,936.0,912.0,1.0,607.0,1239.0,2147.0,673.0,786.0,809.0,1089.0,282.0,189.0,0.0,669.0,0.0,664.0,0.0,10.0,106.0,244.0,6.0,526.0,1491.0,480.0,1.0,3.0,234.0,706.0,359.0,36.0,1001.0,12.0,992.0,519.0,540.0,1055.0,214.0,71.0,329.0,733.0,1089.0,1545.0,195.0,126.0,11.0,58.0,1061.0,422.0,844.0,799.0,874.0,1465.0,30.0,275.0,692.0,506.0,1510.0,530.0,0.0,13.0,16.0,870.0,857.0,1011.0,1745.0,728.0,362.0,668.0,1371.0,1374.0,505.0,3.0,334.0,269.0,1173.0,12.0,1333.0,345.0,884.0,650.0,37.0,1040.0
386,1657.0,289.0,47.0,551.0,170.0,36.0,23.0,689.0,19.0,811.0,220.0,0.0,426.0,517.0,314.0,427.0,448.0,2079.0,926.0,921.0,1.0,611.0,1240.0,2185.0,674.0,783.0,799.0,1086.0,283.0,189.0,0.0,674.0,0.0,664.0,0.0,10.0,106.0,244.0,6.0,536.0,1493.0,487.0,1.0,3.0,231.0,706.0,353.0,36.0,1010.0,12.0,989.0,519.0,538.0,982.0,212.0,71.0,321.0,732.0,1098.0,1558.0,195.0,126.0,11.0,58.0,1079.0,427.0,850.0,800.0,876.0,1457.0,30.0,275.0,699.0,506.0,1505.0,528.0,0.0,13.0,16.0,866.0,863.0,1005.0,1758.0,730.0,362.0,669.0,1365.0,1387.0,505.0,3.0,334.0,266.0,1187.0,12.0,1333.0,345.0,883.0,660.0,37.0,1047.0
387,1654.0,289.0,47.0,553.0,167.0,36.0,23.0,692.0,19.0,817.0,220.0,0.0,434.0,523.0,309.0,427.0,450.0,2080.0,921.0,934.0,1.0,614.0,1231.0,2214.0,676.0,784.0,806.0,1081.0,285.0,189.0,0.0,675.0,0.0,665.0,0.0,10.0,106.0,244.0,6.0,541.0,1485.0,494.0,1.0,3.0,231.0,716.0,350.0,36.0,1020.0,12.0,991.0,519.0,533.0,994.0,208.0,71.0,322.0,745.0,1098.0,1564.0,195.0,126.0,11.0,58.0,1090.0,427.0,856.0,797.0,877.0,1461.0,30.0,279.0,704.0,512.0,1499.0,528.0,0.0,13.0,16.0,853.0,865.0,1009.0,1763.0,731.0,366.0,670.0,1362.0,1382.0,504.0,3.0,338.0,261.0,1197.0,12.0,1333.0,345.0,888.0,661.0,28.0,1050.0
388,1650.0,290.0,47.0,556.0,163.0,36.0,23.0,695.0,19.0,822.0,217.0,0.0,440.0,527.0,312.0,427.0,445.0,2083.0,926.0,944.0,1.0,618.0,1227.0,2242.0,688.0,779.0,806.0,1080.0,282.0,189.0,0.0,676.0,0.0,667.0,0.0,10.0,106.0,244.0,6.0,546.0,1501.0,501.0,1.0,2.0,231.0,723.0,350.0,36.0,1029.0,12.0,986.0,515.0,527.0,1004.0,204.0,71.0,322.0,753.0,1098.0,1569.0,195.0,120.0,11.0,58.0,1101.0,427.0,861.0,803.0,891.0,1472.0,30.0,280.0,705.0,512.0,1492.0,528.0,0.0,13.0,16.0,848.0,866.0,1017.0,1772.0,732.0,366.0,669.0,1380.0,1378.0,505.0,3.0,340.0,256.0,1195.0,12.0,1330.0,350.0,898.0,672.0,28.0,1056.0
389,1646.0,291.0,47.0,560.0,163.0,36.0,23.0,699.0,18.0,828.0,216.0,0.0,444.0,530.0,308.0,427.0,443.0,2119.0,927.0,944.0,1.0,623.0,1234.0,2253.0,698.0,777.0,796.0,1091.0,283.0,189.0,0.0,678.0,0.0,669.0,0.0,10.0,106.0,244.0,6.0,550.0,1507.0,507.0,0.0,2.0,230.0,732.0,350.0,36.0,1045.0,12.0,994.0,513.0,524.0,1016.0,200.0,71.0,322.0,760.0,1091.0,1571.0,195.0,120.0,11.0,58.0,1113.0,410.0,869.0,807.0,901.0,1470.0,30.0,275.0,707.0,512.0,1492.0,526.0,0.0,12.0,16.0,832.0,861.0,1015.0,1767.0,727.0,366.0,661.0,1390.0,1378.0,507.0,3.0,340.0,251.0,1190.0,12.0,1334.0,357.0,902.0,683.0,28.0,1054.0
390,1644.0,294.0,47.0,564.0,163.0,36.0,23.0,705.0,18.0,836.0,216.0,0.0,448.0,532.0,303.0,423.0,439.0,2139.0,928.0,945.0,1.0,630.0,1234.0,2257.0,703.0,769.0,791.0,1101.0,283.0,189.0,0.0,680.0,0.0,671.0,0.0,9.0,106.0,244.0,6.0,557.0,1510.0,505.0,0.0,2.0,227.0,742.0,350.0,35.0,1048.0,11.0,994.0,504.0,524.0,1029.0,200.0,71.0,316.0,768.0,1121.0,1586.0,189.0,120.0,11.0,58.0,1123.0,420.0,855.0,807.0,911.0,1472.0,30.0,271.0,712.0,516.0,1497.0,522.0,0.0,12.0,16.0,830.0,860.0,1016.0,1772.0,728.0,367.0,657.0,1401.0,1385.0,510.0,2.0,340.0,245.0,1184.0,12.0,1336.0,361.0,906.0,686.0,28.0,1070.0
391,1645.0,296.0,47.0,569.0,163.0,33.0,23.0,709.0,18.0,846.0,210.0,0.0,452.0,534.0,303.0,423.0,436.0,2136.0,917.0,960.0,0.0,638.0,1247.0,2272.0,704.0,774.0,791.0,1100.0,289.0,192.0,0.0,683.0,0.0,675.0,0.0,9.0,103.0,244.0,5.0,559.0,1505.0,516.0,0.0,0.0,223.0,744.0,350.0,35.0,1047.0,11.0,989.0,519.0,524.0,1039.0,200.0,69.0,316.0,771.0,1131.0,1593.0,185.0,120.0,11.0,58.0,1133.0,433.0,859.0,806.0,912.0,1482.0,27.0,273.0,699.0,515.0,1512.0,530.0,0.0,12.0,15.0,827.0,854.0,1016.0,1789.0,728.0,372.0,662.0,1402.0,1385.0,514.0,2.0,342.0,236.0,1188.0,12.0,1334.0,361.0,906.0,684.0,28.0,1077.0
392,1649.0,300.0,47.0,576.0,163.0,33.0,23.0,714.0,18.0,856.0,211.0,0.0,450.0,537.0,303.0,423.0,431.0,2127.0,926.0,969.0,0.0,649.0,1256.0,2306.0,705.0,774.0,789.0,1096.0,288.0,194.0,0.0,687.0,0.0,675.0,0.0,9.0,103.0,241.0,5.0,563.0,1506.0,522.0,0.0,0.0,223.0,745.0,349.0,35.0,1045.0,11.0,982.0,512.0,524.0,1054.0,200.0,62.0,316.0,767.0,1125.0,1591.0,179.0,115.0,11.0,58.0,1145.0,439.0,863.0,820.0,907.0,1498.0,27.0,271.0,710.0,527.0,1520.0,525.0,0.0,12.0,15.0,823.0,849.0,1016.0,1816.0,729.0,374.0,665.0,1404.0,1382.0,521.0,2.0,348.0,236.0,1191.0,11.0,1339.0,359.0,916.0,680.0,28.0,1085.0
393,1656.0,305.0,47.0,581.0,163.0,33.0,23.0,720.0,18.0,860.0,211.0,0.0,449.0,537.0,300.0,422.0,433.0,2122.0,926.0,978.0,0.0,661.0,1260.0,2335.0,704.0,780.0,787.0,1094.0,293.0,194.0,0.0,692.0,0.0,678.0,0.0,9.0,98.0,239.0,5.0,566.0,1522.0,528.0,0.0,0.0,220.0,746.0,345.0,35.0,1053.0,11.0,979.0,522.0,524.0,1065.0,200.0,62.0,316.0,767.0,1117.0,1600.0,179.0,111.0,11.0,58.0,1150.0,443.0,864.0,820.0,903.0,1510.0,27.0,271.0,716.0,528.0,1531.0,522.0,0.0,12.0,15.0,817.0,862.0,1016.0,1837.0,725.0,368.0,666.0,1406.0,1382.0,530.0,2.0,355.0,236.0,1201.0,11.0,1348.0,362.0,914.0,680.0,28.0,1091.0
394,1664.0,306.0,42.0,585.0,163.0,30.0,23.0,727.0,18.0,858.0,211.0,0.0,449.0,535.0,285.0,418.0,433.0,2120.0,922.0,974.0,0.0,665.0,1266.0,2351.0,702.0,783.0,782.0,1097.0,296.0,193.0,0.0,695.0,0.0,691.0,0.0,9.0,98.0,242.0,5.0,563.0,1532.0,536.0,0.0,0.0,217.0,740.0,347.0,35.0,1052.0,11.0,986.0,517.0,528.0,1081.0,200.0,62.0,316.0,782.0,1103.0,1631.0,179.0,109.0,10.0,58.0,1160.0,450.0,886.0,820.0,899.0,1522.0,27.0,271.0,714.0,529.0,1545.0,525.0,0.0,12.0,15.0,805.0,863.0,1012.0,1850.0,717.0,371.0,666.0,1420.0,1394.0,542.0,2.0,355.0,236.0,1201.0,11.0,1343.0,362.0,910.0,694.0,28.0,1101.0
395,1670.0,306.0,42.0,593.0,163.0,30.0,23.0,736.0,18.0,855.0,207.0,0.0,449.0,535.0,287.0,422.0,433.0,2120.0,922.0,979.0,0.0,666.0,1272.0,2349.0,696.0,781.0,779.0,1093.0,295.0,191.0,0.0,702.0,0.0,700.0,0.0,9.0,91.0,238.0,5.0,560.0,1530.0,547.0,0.0,0.0,213.0,734.0,347.0,35.0,1067.0,11.0,987.0,517.0,534.0,1094.0,200.0,62.0,316.0,782.0,1094.0,1642.0,179.0,109.0,10.0,58.0,1158.0,451.0,898.0,820.0,897.0,1520.0,27.0,268.0,715.0,516.0,1556.0,525.0,0.0,11.0,15.0,784.0,859.0,1009.0,1859.0,713.0,371.0,663.0,1423.0,1413.0,541.0,2.0,355.0,236.0,1206.0,11.0,1355.0,360.0,921.0,698.0,28.0,1101.0
396,1681.0,311.0,42.0,600.0,163.0,27.0,23.0,741.0,18.0,852.0,203.0,0.0,447.0,535.0,289.0,424.0,434.0,2129.0,922.0,974.0,0.0,681.0,1278.0,2345.0,696.0,781.0,776.0,1090.0,292.0,191.0,0.0,707.0,0.0,707.0,0.0,9.0,91.0,235.0,5.0,559.0,1529.0,558.0,0.0,0.0,213.0,737.0,346.0,31.0,1070.0,11.0,988.0,509.0,541.0,1101.0,200.0,62.0,316.0,787.0,1096.0,1639.0,179.0,109.0,10.0,58.0,1157.0,459.0,897.0,812.0,894.0,1518.0,27.0,268.0,730.0,504.0,1565.0,523.0,0.0,11.0,15.0,753.0,850.0,1009.0,1869.0,705.0,371.0,669.0,1417.0,1426.0,544.0,2.0,354.0,236.0,1227.0,11.0,1364.0,359.0,928.0,696.0,28.0,1099.0
397,1682.0,314.0,42.0,605.0,163.0,27.0,23.0,743.0,18.0,848.0,203.0,0.0,445.0,542.0,288.0,415.0,434.0,2149.0,922.0,976.0,0.0,687.0,1266.0,2335.0,696.0,781.0,785.0,1082.0,292.0,191.0,0.0,706.0,0.0,711.0,0.0,9.0,91.0,232.0,5.0,556.0,1522.0,568.0,0.0,0.0,213.0,738.0,346.0,28.0,1087.0,11.0,994.0,501.0,549.0,1103.0,200.0,62.0,315.0,786.0,1083.0,1630.0,179.0,109.0,10.0,58.0,1150.0,461.0,890.0,806.0,893.0,1519.0,27.0,268.0,727.0,492.0,1572.0,521.0,0.0,11.0,15.0,752.0,838.0,1014.0,1869.0,696.0,371.0,674.0,1409.0,1432.0,544.0,2.0,354.0,236.0,1234.0,10.0,1363.0,360.0,930.0,689.0,28.0,1089.0
398,1690.0,313.0,42.0,603.0,163.0,27.0,23.0,749.0,18.0,872.0,200.0,0.0,444.0,548.0,288.0,412.0,433.0,2171.0,922.0,975.0,0.0,695.0,1254.0,2338.0,696.0,781.0,787.0,1098.0,292.0,191.0,0.0,720.0,0.0,714.0,0.0,9.0,91.0,232.0,5.0,561.0,1525.0,580.0,0.0,0.0,213.0,751.0,352.0,25.0,1097.0,10.0,994.0,501.0,559.0,1099.0,200.0,62.0,315.0,784.0,1077.0,1618.0,179.0,109.0,10.0,53.0,1163.0,468.0,891.0,802.0,898.0,1532.0,27.0,268.0,742.0,492.0,1581.0,520.0,0.0,11.0,15.0,710.0,838.0,1022.0,1883.0,689.0,369.0,676.0,1412.0,1436.0,544.0,2.0,354.0,231.0,1240.0,9.0,1358.0,359.0,930.0,684.0,28.0,1091.0
399,1697.0,315.0,42.0,603.0,160.0,27.0,23.0,756.0,18.0,878.0,197.0,0.0,447.0,552.0,288.0,405.0,433.0,2140.0,911.0,970.0,0.0,694.0,1254.0,2333.0,692.0,801.0,785.0,1113.0,289.0,193.0,0.0,723.0,0.0,715.0,0.0,9.0,81.0,228.0,5.0,561.0,1527.0,589.0,0.0,0.0,213.0,761.0,350.0,22.0,1103.0,9.0,995.0,501.0,563.0,1104.0,192.0,62.0,316.0,795.0,1071.0,1610.0,179.0,109.0,9.0,9.0,1174.0,468.0,893.0,820.0,907.0,1548.0,25.0,267.0,745.0,484.0,1583.0,514.0,0.0,11.0,15.0,698.0,830.0,1024.0,1899.0,685.0,369.0,671.0,1432.0,1435.0,545.0,2.0,355.0,226.0,1237.0,9.0,1351.0,359.0,931.0,680.0,26.0,1101.0
400,1694.0,315.0,42.0,603.0,157.0,24.0,22.0,747.0,18.0,875.0,191.0,0.0,458.0,557.0,287.0,412.0,432.0,2141.0,893.0,968.0,0.0,692.0,1252.0,2347.0,692.0,802.0,785.0,1117.0,289.0,193.0,0.0,724.0,0.0,727.0,0.0,9.0,70.0,226.0,5.0,561.0,1538.0,593.0,0.0,0.0,213.0,763.0,350.0,22.0,1116.0,9.0,969.0,487.0,571.0,1110.0,192.0,62.0,316.0,792.0,1074.0,1604.0,179.0,109.0,9.0,9.0,1183.0,469.0,892.0,822.0,912.0,1557.0,25.0,264.0,741.0,474.0,1581.0,509.0,0.0,10.0,15.0,681.0,816.0,1017.0,1907.0,685.0,368.0,672.0,1435.0,1429.0,542.0,2.0,359.0,226.0,1233.0,9.0,1346.0,363.0,930.0,671.0,26.0,1113.0
