1,20.0,20.0,20.0,20.0,20.0,20.0,20.0,20.0,20.0,20.0,20.0,20.0,20.0,20.0,20.0,20.0,20.0,20.0,20.0,20.0,20.0,20.0,20.0,20.0,20.0,20.0,20.0,20.0,20.0,20.0,20.0,20.0,20.0,20.0,20.0,20.0,20.0,20.0,20.0,20.0,20.0,20.0,20.0,20.0,20.0,20.0,20.0,20.0,20.0,20.0,20.0,20.0,20.0,20.0,20.0,20.0,20.0,20.0,20.0,20.0,20.0,20.0,20.0,20.0,20.0,20.0,20.0,20.0,20.0,20.0,20.0,20.0,20.0,20.0,20.0,20.0,20.0,20.0,20.0,20.0,20.0,20.0,20.0,20.0,20.0,20.0,20.0,20.0,20.0,20.0,20.0,20.0,20.0,20.0,20.0,20.0,20.0,20.0,20.0,20.0
2,20.0,20.0,20.0,20.0,21.0,20.0,22.0,21.0,21.0,22.0,20.0,20.0,20.0,21.0,20.0,19.0,21.0,20.0,21.0,21.0,20.0,20.0,21.0,20.0,21.0,20.0,21.0,20.0,20.0,20.0,20.0,21.0,20.0,20.0,20.0,20.0,21.0,21.0,20.0,21.0,20.0,21.0,21.0,20.0,21.0,20.0,20.0,20.0,21.0,20.0,20.0,21.0,20.0,20.0,20.0,20.0,21.0,19.0,21.0,20.0,21.0,20.0,21.0,20.0,20.0,21.0,20.0,18.0,21.0,21.0,20.0,21.0,22.0,20.0,20.0,21.0,22.0,21.0,20.0,22.0,19.0,20.0,20.0,20.0,21.0,21.0,20.0,20.0,20.0,21.0,20.0,21.0,20.0,21.0,21.0,20.0,21.0,20.0,21.0,19.0
3,18.0,11.0,17.0,24.0,17.0,25.0,24.0,17.0,16.0,18.0,23.0,25.0,25.0,16.0,18.0,19.0,17.0,16.0,17.0,25.0,25.0,18.0,19.0,14.0,21.0,25.0,20.0,19.0,21.0,14.0,18.0,18.0,15.0,13.0,23.0,25.0,21.0,18.0,18.0,16.0,20.0,18.0,17.0,22.0,19.0,26.0,19.0,25.0,16.0,26.0,20.0,15.0,25.0,24.0,17.0,19.0,17.0,20.0,24.0,14.0,15.0,14.0,19.0,20.0,26.0,19.0,24.0,18.0,20.0,24.0,18.0,19.0,24.0,20.0,23.0,18.0,14.0,15.0,20.0,17.0,26.0,22.0,20.0,17.0,17.0,17.0,25.0,25.0,21.0,18.0,18.0,19.0,20.0,17.0,18.0,22.0,16.0,16.0,18.0,19.0
4,0.0,0.0,5.0,0.0,0.0,0.0,0.0,0.0,9.0,0.0,8.0,2.0,6.0,1.0,2.0,2.0,9.0,5.0,3.0,0.0,4.0,16.0,7.0,2.0,9.0,2.0,0.0,0.0,0.0,5.0,4.0,4.0,12.0,11.0,4.0,8.0,13.0,6.0,15.0,7.0,5.0,11.0,9.0,9.0,8.0,9.0,6.0,4.0,7.0,5.0,0.0,8.0,3.0,5.0,0.0,0.0,4.0,2.0,0.0,4.0,4.0,3.0,1.0,0.0,11.0,0.0,3.0,0.0,0.0,0.0,2.0,3.0,0.0,4.0,0.0,2.0,0.0,3.0,0.0,8.0,0.0,0.0,7.0,0.0,3.0,0.0,0.0,0.0,1.0,4.0,7.0,7.0,4.0,8.0,5.0,9.0,22.0,9.0,0.0,17.0
5,0.0,0.0,8.0,0.0,18.0,0.0,0.0,15.0,0.0,0.0,0.0,13.0,0.0,26.0,2.0,0.0,0.0,0.0,3.0,0.0,3.0,3.0,0.0,1.0,0.0,12.0,0.0,0.0,0.0,3.0,6.0,28.0,10.0,7.0,12.0,6.0,1.0,15.0,3.0,16.0,11.0,18.0,10.0,2.0,12.0,3.0,7.0,6.0,8.0,9.0,0.0,5.0,12.0,5.0,0.0,0.0,14.0,10.0,0.0,6.0,4.0,1.0,0.0,7.0,0.0,0.0,0.0,0.0,0.0,0.0,15.0,0.0,0.0,11.0,0.0,3.0,0.0,0.0,0.0,0.0,0.0,0.0,0.0,4.0,2.0,0.0,1.0,0.0,0.0,5.0,11.0,4.0,10.0,6.0,4.0,4.0,0.0,10.0,0.0,4.0
6,0.0,0.0,38.0,33.0,34.0,26.0,23.0,36.0,0.0,30.0,0.0,35.0,0.0,30.0,42.0,0.0,0.0,0.0,0.0,38.0,0.0,37.0,0.0,39.0,0.0,35.0,40.0,26.0,0.0,33.0,0.0,26.0,35.0,23.0,24.0,30.0,0.0,23.0,21.0,0.0,0.0,30.0,35.0,30.0,0.0,0.0,13.0,0.0,34.0,23.0,37.0,0.0,24.0,38.0,36.0,30.0,0.0,22.0,17.0,40.0,38.0,38.0,0.0,31.0,0.0,0.0,0.0,40.0,41.0,0.0,36.0,0.0,0.0,33.0,0.0,35.0,0.0,0.0,0.0,0.0,0.0,0.0,0.0,0.0,0.0,23.0,35.0,0.0,0.0,0.0,0.0,36.0,9.0,38.0,26.0,24.0,0.0,0.0,28.0,0.0
7,9.0,7.0,0.0,1.0,8.0,9.0,16.0,0.0,9.0,1.0,7.0,0.0,5.0,0.0,0.0,0.0,5.0,3.0,2.0,10.0,10.0,5.0,0.0,2.0,18.0,11.0,0.0,18.0,11.0,6.0,11.0,7.0,13.0,11.0,27.0,7.0,15.0,19.0,15.0,14.0,10.0,12.0,10.0,22.0,7.0,9.0,12.0,22.0,0.0,0.0,2.0,13.0,21.0,5.0,9.0,1.0,6.0,12.0,13.0,7.0,0.0,0.0,5.0,7.0,6.0,0.0,1.0,0.0,0.0,0.0,6.0,15.0,7.0,6.0,5.0,1.0,12.0,22.0,8.0,4.0,4.0,3.0,1.0,3.0,2.0,2.0,9.0,12.0,5.0,3.0,12.0,12.0,10.0,11.0,10.0,12.0,12.0,20.0,2.0,18.0
8,31.0,0.0,0.0,33.0,0.0,6.0,0.0,0.0,0.0,35.0,0.0,0.0,31.0,0.0,0.0,36.0,34.0,38.0,33.0,0.0,30.0,0.0,0.0,31.0,18.0,26.0,0.0,0.0,0.0,24.0,34.0,0.0,0.0,0.0,0.0,26.0,0.0,0.0,16.0,28.0,39.0,0.0,0.0,24.0,30.0,0.0,25.0,0.0,0.0,39.0,31.0,31.0,25.0,0.0,22.0,0.0,0.0,0.0,34.0,28.0,0.0,0.0,0.0,17.0,25.0,0.0,38.0,0.0,0.0,0.0,0.0,0.0,38.0,31.0,27.0,25.0,0.0,0.0,25.0,0.0,0.0,28.0,0.0,36.0,0.0,26.0,31.0,31.0,34.0,37.0,36.0,0.0,0.0,0.0,0.0,32.0,0.0,0.0,24.0,28.0
9,23.0,21.0,0.0,22.0,0.0,20.0,0.0,21.0,21.0,0.0,22.0,25.0,21.0,21.0,0.0,22.0,0.0,19.0,0.0,23.0,26.0,22.0,21.0,19.0,0.0,0.0,24.0,20.0,20.0,0.0,21.0,0.0,14.0,0.0,0.0,0.0,24.0,21.0,31.0,25.0,19.0,23.0,22.0,0.0,0.0,22.0,0.0,24.0,24.0,0.0,22.0,21.0,21.0,23.0,26.0,30.0,3.0,0.0,2.0,21.0,20.0,0.0,22.0,21.0,0.0,0.0,21.0,21.0,0.0,0.0,22.0,22.0,20.0,21.0,0.0,0.0,0.0,20.0,0.0,22.0,5.0,29.0,0.0,0.0,22.0,0.0,0.0,23.0,21.0,22.0,21.0,0.0,22.0,22.0,0.0,21.0,24.0,24.0,29.0,23.0
10,23.0,0.0,22.0,22.0,0.0,21.0,0.0,22.0,22.0,19.0,22.0,3.0,22.0,22.0,21.0,22.0,20.0,20.0,23.0,16.0,23.0,0.0,22.0,0.0,22.0,22.0,22.0,0.0,30.0,0.0,0.0,0.0,22.0,23.0,23.0,0.0,23.0,0.0,20.0,22.0,0.0,4.0,0.0,21.0,21.0,23.0,23.0,0.0,23.0,0.0,22.0,21.0,21.0,23.0,0.0,20.0,0.0,0.0,0.0,21.0,0.0,22.0,23.0,20.0,22.0,0.0,0.0,22.0,21.0,27.0,0.0,22.0,21.0,21.0,24.0,0.0,0.0,0.0,21.0,24.0,25.0,20.0,22.0,22.0,0.0,19.0,20.0,23.0,0.0,0.0,0.0,22.0,0.0,0.0,20.0,20.0,23.0,24.0,21.0,22.0
11,23.0,23.0,22.0,0.0,23.0,21.0,23.0,22.0,0.0,20.0,22.0,23.0,21.0,22.0,0.0,0.0,21.0,20.0,24.0,23.0,22.0,24.0,0.0,20.0,0.0,0.0,0.0,0.0,0.0,0.0,21.0,24.0,24.0,24.0,24.0,5.0,23.0,23.0,0.0,0.0,20.0,24.0,23.0,22.0,21.0,0.0,23.0,0.0,22.0,0.0,22.0,22.0,21.0,0.0,21.0,19.0,0.0,21.0,21.0,21.0,0.0,23.0,24.0,21.0,22.0,23.0,0.0,15.0,0.0,24.0,0.0,23.0,21.0,21.0,24.0,0.0,24.0,22.0,21.0,25.0,22.0,19.0,7.0,4.0,24.0,0.0,0.0,0.0,22.0,13.0,0.0,23.0,23.0,0.0,0.0,0.0,23.0,24.0,21.0,24.0
12,23.0,21.0,23.0,23.0,0.0,21.0,24.0,22.0,23.0,20.0,22.0,24.0,0.0,24.0,0.0,23.0,4.0,0.0,24.0,20.0,22.0,23.0,0.0,20.0,23.0,25.0,22.0,22.0,24.0,21.0,22.0,20.0,24.0,24.0,24.0,0.0,23.0,24.0,0.0,0.0,21.0,0.0,24.0,0.0,22.0,0.0,0.0,20.0,23.0,0.0,0.0,22.0,22.0,24.0,0.0,0.0,20.0,1.0,0.0,21.0,0.0,23.0,24.0,21.0,23.0,0.0,0.0,22.0,23.0,25.0,25.0,23.0,0.0,22.0,3.0,22.0,19.0,23.0,22.0,25.0,23.0,20.0,24.0,0.0,0.0,0.0,22.0,0.0,23.0,24.0,0.0,10.0,23.0,6.0,22.0,21.0,23.0,0.0,22.0,0.0
13,23.0,0.0,23.0,0.0,23.0,22.0,24.0,22.0,23.0,0.0,0.0,25.0,22.0,24.0,23.0,23.0,22.0,21.0,23.0,25.0,22.0,24.0,0.0,21.0,24.0,22.0,23.0,23.0,0.0,0.0,22.0,21.0,24.0,24.0,25.0,23.0,22.0,24.0,0.0,0.0,21.0,0.0,23.0,0.0,22.0,0.0,23.0,17.0,12.0,24.0,22.0,23.0,22.0,24.0,23.0,21.0,15.0,24.0,23.0,0.0,0.0,0.0,23.0,0.0,16.0,0.0,0.0,23.0,0.0,24.0,0.0,23.0,22.0,22.0,24.0,24.0,21.0,0.0,0.0,0.0,23.0,21.0,0.0,24.0,22.0,22.0,0.0,0.0,23.0,0.0,23.0,3.0,23.0,21.0,0.0,22.0,0.0,24.0,22.0,24.0
14,24.0,18.0,23.0,14.0,19.0,22.0,23.0,24.0,24.0,0.0,23.0,24.0,22.0,0.0,0.0,23.0,23.0,22.0,23.0,24.0,0.0,23.0,0.0,21.0,24.0,0.0,23.0,24.0,23.0,0.0,22.0,6.0,24.0,24.0,23.0,20.0,23.0,24.0,22.0,23.0,21.0,20.0,23.0,0.0,22.0,0.0,22.0,0.0,0.0,0.0,0.0,23.0,0.0,24.0,0.0,21.0,17.0,22.0,24.0,23.0,22.0,24.0,23.0,22.0,23.0,18.0,25.0,23.0,25.0,24.0,23.0,0.0,22.0,22.0,0.0,0.0,0.0,0.0,23.0,24.0,23.0,21.0,25.0,23.0,0.0,0.0,24.0,0.0,0.0,12.0,24.0,23.0,23.0,19.0,19.0,24.0,23.0,0.0,0.0,0.0
15,0.0,21.0,24.0,23.0,21.0,22.0,23.0,24.0,0.0,22.0,0.0,0.0,22.0,25.0,23.0,0.0,0.0,22.0,0.0,24.0,0.0,8.0,19.0,21.0,23.0,0.0,23.0,24.0,20.0,0.0,24.0,0.0,24.0,23.0,23.0,0.0,22.0,24.0,0.0,20.0,10.0,17.0,22.0,21.0,22.0,17.0,0.0,20.0,25.0,23.0,25.0,23.0,24.0,24.0,24.0,22.0,18.0,22.0,0.0,23.0,19.0,24.0,25.0,0.0,12.0,0.0,0.0,23.0,20.0,24.0,20.0,24.0,23.0,0.0,22.0,24.0,22.0,0.0,23.0,20.0,0.0,21.0,21.0,23.0,21.0,24.0,22.0,19.0,24.0,23.0,0.0,20.0,0.0,20.0,23.0,23.0,0.0,22.0,22.0,23.0
16,24.0,21.0,24.0,22.0,21.0,23.0,23.0,23.0,24.0,23.0,24.0,24.0,0.0,21.0,0.0,25.0,23.0,22.0,25.0,24.0,0.0,23.0,16.0,22.0,23.0,0.0,25.0,24.0,21.0,20.0,0.0,21.0,0.0,23.0,23.0,22.0,23.0,24.0,0.0,21.0,22.0,19.0,23.0,0.0,24.0,14.0,23.0,16.0,24.0,20.0,1.0,23.0,0.0,23.0,20.0,22.0,15.0,23.0,24.0,23.0,20.0,23.0,4.0,0.0,0.0,17.0,23.0,24.0,0.0,0.0,0.0,21.0,23.0,23.0,19.0,21.0,19.0,19.0,24.0,21.0,23.0,22.0,22.0,23.0,18.0,0.0,23.0,16.0,23.0,0.0,24.0,0.0,23.0,0.0,0.0,23.0,21.0,18.0,6.0,0.0
17,22.0,21.0,24.0,22.0,22.0,23.0,0.0,25.0,21.0,24.0,21.0,20.0,24.0,23.0,21.0,21.0,0.0,22.0,21.0,23.0,21.0,21.0,0.0,23.0,22.0,18.0,5.0,24.0,21.0,16.0,24.0,18.0,24.0,23.0,0.0,19.0,22.0,23.0,0.0,22.0,0.0,19.0,0.0,20.0,24.0,16.0,19.0,0.0,24.0,21.0,24.0,7.0,24.0,23.0,0.0,22.0,20.0,0.0,20.0,24.0,21.0,23.0,24.0,24.0,23.0,14.0,19.0,13.0,22.0,24.0,22.0,21.0,24.0,24.0,0.0,23.0,20.0,0.0,0.0,21.0,20.0,22.0,22.0,23.0,0.0,23.0,23.0,18.0,23.0,0.0,0.0,22.0,0.0,22.0,0.0,24.0,18.0,14.0,24.0,21.0
18,22.0,21.0,24.0,0.0,22.0,23.0,23.0,24.0,11.0,24.0,22.0,21.0,21.0,0.0,18.0,0.0,25.0,22.0,22.0,23.0,18.0,21.0,19.0,23.0,23.0,16.0,24.0,24.0,21.0,18.0,22.0,19.0,0.0,0.0,23.0,21.0,22.0,23.0,19.0,22.0,0.0,20.0,23.0,17.0,24.0,17.0,20.0,0.0,24.0,22.0,20.0,24.0,0.0,23.0,22.0,22.0,20.0,0.0,0.0,24.0,22.0,23.0,20.0,20.0,0.0,17.0,19.0,24.0,19.0,0.0,19.0,21.0,24.0,26.0,10.0,22.0,21.0,0.0,24.0,22.0,21.0,22.0,22.0,23.0,0.0,19.0,23.0,18.0,23.0,20.0,21.0,0.0,21.0,19.0,0.0,24.0,19.0,21.0,21.0,18.0
19,22.0,21.0,23.0,23.0,22.0,23.0,20.0,4.0,22.0,24.0,22.0,22.0,0.0,23.0,19.0,23.0,21.0,23.0,22.0,23.0,3.0,21.0,16.0,1.0,22.0,17.0,21.0,23.0,22.0,19.0,22.0,20.0,0.0,23.0,4.0,21.0,23.0,23.0,16.0,22.0,24.0,21.0,0.0,19.0,24.0,18.0,21.0,18.0,0.0,22.0,21.0,24.0,22.0,23.0,19.0,22.0,19.0,20.0,22.0,24.0,22.0,23.0,21.0,22.0,21.0,18.0,21.0,23.0,6.0,21.0,20.0,0.0,24.0,25.0,19.0,23.0,0.0,17.0,21.0,21.0,21.0,22.0,22.0,3.0,18.0,20.0,23.0,19.0,23.0,17.0,0.0,21.0,18.0,0.0,18.0,24.0,20.0,0.0,22.0,19.0
20,22.0,22.0,23.0,20.0,22.0,24.0,21.0,25.0,20.0,0.0,22.0,22.0,22.0,20.0,21.0,20.0,21.0,24.0,22.0,0.0,21.0,21.0,18.0,23.0,23.0,18.0,14.0,23.0,22.0,20.0,0.0,21.0,19.0,20.0,21.0,22.0,0.0,0.0,18.0,0.0,20.0,22.0,21.0,19.0,25.0,19.0,21.0,0.0,24.0,23.0,22.0,24.0,19.0,23.0,20.0,21.0,20.0,17.0,19.0,24.0,23.0,23.0,22.0,22.0,18.0,0.0,22.0,23.0,14.0,19.0,21.0,22.0,23.0,24.0,18.0,23.0,23.0,15.0,0.0,22.0,0.0,22.0,22.0,23.0,17.0,0.0,19.0,20.0,22.0,19.0,20.0,18.0,19.0,21.0,15.0,25.0,21.0,22.0,22.0,20.0
21,22.0,22.0,23.0,21.0,23.0,24.0,21.0,22.0,14.0,24.0,0.0,22.0,19.0,21.0,21.0,21.0,22.0,24.0,22.0,23.0,18.0,22.0,19.0,0.0,22.0,19.0,23.0,23.0,23.0,20.0,23.0,22.0,17.0,21.0,18.0,23.0,23.0,0.0,19.0,23.0,21.0,23.0,18.0,20.0,24.0,20.0,22.0,18.0,10.0,23.0,22.0,24.0,20.0,23.0,21.0,24.0,21.0,19.0,20.0,24.0,0.0,0.0,22.0,22.0,20.0,19.0,22.0,23.0,0.0,20.0,22.0,19.0,24.0,3.0,20.0,23.0,20.0,17.0,22.0,22.0,22.0,23.0,22.0,20.0,18.0,22.0,23.0,21.0,23.0,0.0,18.0,19.0,21.0,0.0,17.0,0.0,22.0,19.0,22.0,21.0
22,22.0,22.0,1.0,21.0,24.0,24.0,23.0,0.0,0.0,22.0,23.0,22.0,20.0,22.0,22.0,21.0,23.0,23.0,23.0,10.0,20.0,22.0,19.0,9.0,24.0,20.0,23.0,22.0,22.0,21.0,20.0,23.0,18.0,21.0,20.0,23.0,21.0,21.0,20.0,0.0,21.0,24.0,21.0,21.0,25.0,18.0,22.0,15.0,23.0,23.0,23.0,25.0,0.0,22.0,22.0,24.0,22.0,19.0,22.0,24.0,0.0,23.0,23.0,22.0,21.0,18.0,22.0,21.0,21.0,21.0,22.0,21.0,26.0,24.0,20.0,24.0,23.0,19.0,20.0,25.0,19.0,23.0,0.0,21.0,18.0,20.0,22.0,20.0,22.0,22.0,19.0,0.0,21.0,22.0,19.0,25.0,23.0,0.0,23.0,21.0
23,20.0,13.0,20.0,26.0,20.0,29.0,25.0,20.0,18.0,19.0,23.0,19.0,26.0,18.0,19.0,21.0,19.0,19.0,19.0,26.0,26.0,20.0,18.0,14.0,23.0,26.0,22.0,21.0,24.0,14.0,18.0,21.0,14.0,15.0,5.0,14.0,22.0,15.0,19.0,17.0,22.0,21.0,17.0,24.0,23.0,5.0,22.0,22.0,17.0,30.0,23.0,18.0,27.0,27.0,19.0,22.0,18.0,21.0,25.0,17.0,16.0,14.0,21.0,23.0,27.0,20.0,26.0,20.0,18.0,25.0,20.0,20.0,28.0,21.0,24.0,20.0,15.0,14.0,21.0,19.0,26.0,25.0,23.0,18.0,16.0,17.0,0.0,25.0,24.0,17.0,18.0,21.0,22.0,16.0,17.0,22.0,18.0,18.0,0.0,21.0
24,2.0,2.0,4.0,2.0,3.0,3.0,2.0,0.0,7.0,1.0,9.0,5.0,7.0,3.0,3.0,4.0,11.0,8.0,5.0,0.0,6.0,18.0,7.0,1.0,11.0,4.0,3.0,2.0,3.0,6.0,5.0,7.0,12.0,13.0,5.0,12.0,14.0,5.0,17.0,6.0,7.0,14.0,10.0,9.0,12.0,10.0,9.0,1.0,8.0,8.0,3.0,12.0,2.0,7.0,2.0,3.0,6.0,3.0,2.0,7.0,2.0,4.0,3.0,3.0,13.0,0.0,6.0,2.0,0.0,2.0,5.0,4.0,3.0,6.0,0.0,5.0,2.0,5.0,1.0,10.0,0.0,3.0,7.0,2.0,3.0,0.0,3.0,0.0,3.0,4.0,8.0,6.0,6.0,8.0,5.0,11.0,25.0,8.0,3.0,19.0
25,2.0,2.0,9.0,3.0,21.0,3.0,3.0,16.0,0.0,1.0,1.0,15.0,2.0,28.0,4.0,2.0,3.0,3.0,5.0,0.0,5.0,5.0,0.0,0.0,2.0,12.0,2.0,2.0,3.0,4.0,7.0,31.0,11.0,9.0,11.0,8.0,3.0,15.0,4.0,16.0,13.0,21.0,11.0,3.0,15.0,2.0,10.0,5.0,10.0,13.0,3.0,8.0,12.0,8.0,3.0,3.0,15.0,12.0,3.0,8.0,3.0,2.0,2.0,10.0,2.0,0.0,3.0,2.0,0.0,2.0,18.0,2.0,3.0,13.0,0.0,6.0,2.0,1.0,1.0,3.0,2.0,4.0,0.0,6.0,4.0,1.0,0.0,1.0,3.0,6.0,11.0,4.0,13.0,5.0,3.0,6.0,3.0,10.0,0.0,7.0
26,2.0,0.0,0.0,36.0,0.0,29.0,26.0,38.0,0.0,31.0,1.0,37.0,2.0,33.0,0.0,3.0,2.0,3.0,2.0,39.0,1.0,39.0,0.0,39.0,2.0,36.0,34.0,28.0,0.0,34.0,2.0,29.0,0.0,25.0,25.0,33.0,0.0,23.0,22.0,0.0,2.0,33.0,37.0,20.0,4.0,0.0,16.0,0.0,36.0,26.0,40.0,3.0,25.0,41.0,39.0,33.0,2.0,23.0,20.0,0.0,15.0,40.0,2.0,34.0,3.0,0.0,2.0,42.0,24.0,3.0,39.0,2.0,3.0,35.0,0.0,0.0,0.0,2.0,2.0,0.0,2.0,5.0,1.0,2.0,2.0,0.0,13.0,1.0,3.0,0.0,0.0,37.0,0.0,38.0,0.0,27.0,0.0,0.0,29.0,3.0
27,11.0,9.0,2.0,4.0,11.0,13.0,19.0,2.0,9.0,2.0,9.0,2.0,7.0,2.0,3.0,3.0,7.0,5.0,4.0,12.0,12.0,7.0,2.0,2.0,20.0,12.0,4.0,21.0,13.0,7.0,13.0,10.0,15.0,13.0,27.0,10.0,17.0,20.0,16.0,15.0,13.0,15.0,12.0,24.0,10.0,9.0,15.0,24.0,2.0,4.0,6.0,17.0,23.0,8.0,12.0,4.0,8.0,13.0,16.0,11.0,0.0,2.0,7.0,10.0,9.0,1.0,4.0,2.0,0.0,3.0,9.0,17.0,11.0,9.0,6.0,5.0,14.0,24.0,10.0,7.0,7.0,9.0,2.0,5.0,5.0,3.0,10.0,14.0,8.0,4.0,13.0,12.0,13.0,11.0,10.0,15.0,15.0,20.0,3.0,20.0
28,34.0,2.0,0.0,36.0,0.0,9.0,3.0,0.0,0.0,36.0,2.0,2.0,33.0,3.0,0.0,39.0,37.0,41.0,36.0,0.0,33.0,2.0,3.0,31.0,21.0,0.0,2.0,2.0,3.0,25.0,36.0,3.0,0.0,0.0,0.0,29.0,2.0,1.0,17.0,30.0,42.0,3.0,2.0,24.0,34.0,0.0,28.0,3.0,2.0,42.0,34.0,7.0,0.0,3.0,25.0,2.0,2.0,1.0,37.0,25.0,0.0,2.0,3.0,20.0,28.0,0.0,41.0,2.0,0.0,3.0,3.0,3.0,42.0,0.0,29.0,0.0,0.0,4.0,16.0,3.0,3.0,27.0,1.0,39.0,4.0,24.0,29.0,33.0,23.0,39.0,0.0,0.0,2.0,0.0,0.0,34.0,3.0,0.0,25.0,31.0
29,25.0,24.0,0.0,25.0,0.0,23.0,0.0,24.0,22.0,2.0,24.0,27.0,24.0,24.0,0.0,27.0,4.0,22.0,3.0,26.0,0.0,24.0,25.0,19.0,3.0,3.0,0.0,0.0,23.0,0.0,0.0,3.0,13.0,2.0,3.0,0.0,27.0,23.0,32.0,27.0,21.0,26.0,24.0,0.0,4.0,23.0,3.0,0.0,0.0,3.0,25.0,27.0,24.0,0.0,29.0,32.0,5.0,1.0,5.0,20.0,19.0,2.0,25.0,23.0,3.0,2.0,25.0,23.0,0.0,4.0,25.0,24.0,2.0,24.0,3.0,0.0,2.0,23.0,3.0,26.0,8.0,37.0,2.0,3.0,1.0,0.0,0.0,25.0,25.0,25.0,0.0,1.0,24.0,23.0,0.0,24.0,27.0,26.0,31.0,20.0
30,26.0,3.0,21.0,0.0,0.0,25.0,3.0,25.0,24.0,21.0,25.0,6.0,24.0,25.0,0.0,0.0,23.0,23.0,27.0,20.0,26.0,3.0,27.0,0.0,3.0,21.0,26.0,4.0,34.0,0.0,3.0,3.0,5.0,26.0,25.0,3.0,27.0,3.0,22.0,24.0,3.0,8.0,3.0,22.0,0.0,25.0,26.0,0.0,27.0,3.0,25.0,22.0,21.0,0.0,3.0,23.0,3.0,2.0,3.0,21.0,0.0,0.0,27.0,23.0,25.0,2.0,3.0,25.0,21.0,31.0,3.0,25.0,25.0,20.0,0.0,0.0,3.0,4.0,22.0,29.0,29.0,19.0,24.0,25.0,0.0,0.0,20.0,25.0,1.0,2.0,0.0,24.0,4.0,2.0,4.0,23.0,27.0,27.0,23.0,26.0
31,26.0,0.0,23.0,4.0,25.0,25.0,27.0,26.0,3.0,22.0,26.0,27.0,24.0,26.0,0.0,4.0,3.0,22.0,28.0,22.0,21.0,27.0,5.0,22.0,4.0,0.0,0.0,0.0,4.0,2.0,20.0,14.0,27.0,28.0,27.0,9.0,27.0,26.0,0.0,3.0,0.0,0.0,24.0,24.0,27.0,2.0,27.0,0.0,22.0,3.0,26.0,0.0,22.0,1.0,24.0,22.0,3.0,24.0,24.0,22.0,0.0,28.0,28.0,24.0,27.0,26.0,3.0,18.0,0.0,30.0,4.0,27.0,0.0,22.0,28.0,0.0,29.0,26.0,24.0,0.0,9.0,6.0,11.0,8.0,26.0,0.0,0.0,2.0,24.0,15.0,0.0,0.0,27.0,2.0,0.0,3.0,27.0,27.0,0.0,27.0
32,26.0,26.0,24.0,23.0,3.0,24.0,28.0,26.0,26.0,22.0,0.0,0.0,3.0,27.0,0.0,24.0,8.0,3.0,29.0,24.0,23.0,0.0,4.0,22.0,24.0,0.0,24.0,15.0,28.0,23.0,23.0,0.0,22.0,28.0,26.0,5.0,21.0,28.0,2.0,0.0,18.0,5.0,18.0,2.0,23.0,5.0,4.0,21.0,14.0,5.0,3.0,25.0,24.0,23.0,4.0,3.0,24.0,4.0,4.0,0.0,2.0,23.0,29.0,24.0,27.0,3.0,3.0,0.0,25.0,30.0,29.0,26.0,2.0,24.0,2.0,22.0,25.0,27.0,25.0,0.0,28.0,24.0,28.0,3.0,3.0,0.0,24.0,2.0,0.0,28.0,0.0,13.0,28.0,9.0,9.0,24.0,27.0,3.0,25.0,3.0
33,16.0,0.0,0.0,0.0,26.0,26.0,29.0,26.0,26.0,3.0,4.0,29.0,25.0,16.0,22.0,25.0,23.0,24.0,28.0,29.0,0.0,27.0,5.0,24.0,0.0,0.0,26.0,26.0,0.0,0.0,0.0,1.0,24.0,28.0,28.0,29.0,27.0,28.0,2.0,0.0,21.0,1.0,27.0,3.0,24.0,5.0,27.0,0.0,15.0,29.0,26.0,0.0,24.0,25.0,26.0,24.0,19.0,27.0,26.0,3.0,3.0,0.0,28.0,3.0,20.0,3.0,5.0,27.0,3.0,0.0,6.0,27.0,21.0,24.0,14.0,25.0,26.0,3.0,3.0,0.0,25.0,22.0,5.0,29.0,25.0,21.0,3.0,3.0,27.0,0.0,21.0,3.0,0.0,25.0,0.0,26.0,4.0,27.0,22.0,27.0
34,0.0,20.0,26.0,17.0,24.0,26.0,0.0,29.0,28.0,0.0,9.0,24.0,26.0,4.0,0.0,26.0,25.0,25.0,19.0,28.0,2.0,23.0,6.0,15.0,27.0,0.0,0.0,25.0,28.0,3.0,25.0,7.0,25.0,28.0,0.0,28.0,27.0,28.0,24.0,0.0,21.0,23.0,26.0,3.0,26.0,5.0,27.0,2.0,2.0,7.0,5.0,25.0,2.0,0.0,5.0,24.0,0.0,26.0,29.0,23.0,5.0,26.0,27.0,25.0,27.0,22.0,31.0,23.0,28.0,29.0,28.0,3.0,23.0,25.0,2.0,1.0,5.0,3.0,26.0,11.0,26.0,24.0,29.0,29.0,4.0,0.0,27.0,4.0,0.0,0.0,23.0,24.0,0.0,0.0,17.0,28.0,27.0,4.0,0.0,4.0
35,3.0,24.0,0.0,26.0,25.0,26.0,28.0,28.0,3.0,25.0,0.0,0.0,0.0,27.0,24.0,4.0,3.0,26.0,5.0,9.0,0.0,0.0,26.0,25.0,22.0,0.0,27.0,26.0,25.0,3.0,23.0,0.0,26.0,27.0,27.0,7.0,26.0,28.0,3.0,24.0,6.0,20.0,25.0,25.0,26.0,24.0,5.0,20.0,6.0,0.0,0.0,22.0,27.0,0.0,28.0,0.0,0.0,26.0,4.0,25.0,24.0,27.0,30.0,4.0,0.0,5.0,7.0,24.0,24.0,25.0,27.0,28.0,25.0,4.0,23.0,27.0,27.0,3.0,27.0,0.0,3.0,24.0,27.0,28.0,25.0,25.0,26.0,23.0,25.0,0.0,0.0,22.0,2.0,24.0,23.0,27.0,5.0,0.0,24.0,26.0
36,23.0,0.0,26.0,25.0,25.0,27.0,24.0,0.0,0.0,26.0,25.0,27.0,0.0,16.0,2.0,0.0,26.0,25.0,29.0,29.0,0.0,12.0,24.0,24.0,24.0,0.0,26.0,27.0,26.0,23.0,0.0,21.0,3.0,0.0,23.0,29.0,27.0,28.0,3.0,22.0,24.0,23.0,26.0,4.0,28.0,0.0,27.0,1.0,28.0,28.0,7.0,24.0,0.0,24.0,25.0,25.0,16.0,26.0,28.0,25.0,21.0,27.0,0.0,3.0,5.0,0.0,29.0,26.0,4.0,2.0,0.0,25.0,25.0,27.0,21.0,25.0,0.0,1.0,28.0,20.0,26.0,26.0,10.0,28.0,23.0,0.0,27.0,0.0,26.0,3.0,25.0,2.0,22.0,0.0,0.0,27.0,25.0,23.0,9.0,5.0
37,24.0,25.0,20.0,26.0,26.0,27.0,3.0,31.0,25.0,0.0,23.0,15.0,24.0,27.0,23.0,27.0,4.0,26.0,26.0,25.0,23.0,23.0,8.0,25.0,24.0,17.0,7.0,27.0,26.0,21.0,26.0,20.0,27.0,27.0,0.0,8.0,26.0,27.0,4.0,24.0,2.0,24.0,3.0,24.0,28.0,24.0,24.0,2.0,24.0,0.0,25.0,9.0,27.0,20.0,5.0,22.0,17.0,4.0,26.0,28.0,23.0,27.0,29.0,0.0,1.0,19.0,0.0,15.0,25.0,0.0,27.0,25.0,0.0,30.0,2.0,27.0,15.0,4.0,4.0,17.0,24.0,26.0,27.0,28.0,4.0,0.0,27.0,22.0,0.0,0.0,2.0,24.0,0.0,0.0,2.0,28.0,23.0,14.0,0.0,25.0
38,23.0,0.0,25.0,4.0,26.0,27.0,26.0,26.0,11.0,28.0,25.0,15.0,22.0,2.0,0.0,1.0,29.0,26.0,27.0,26.0,21.0,21.0,26.0,26.0,26.0,17.0,0.0,10.0,26.0,22.0,25.0,21.0,4.0,1.0,25.0,29.0,26.0,27.0,24.0,24.0,3.0,24.0,26.0,21.0,0.0,22.0,25.0,0.0,26.0,26.0,23.0,27.0,4.0,23.0,26.0,23.0,19.0,3.0,0.0,29.0,24.0,0.0,24.0,26.0,5.0,19.0,0.0,0.0,20.0,4.0,25.0,0.0,29.0,31.0,12.0,26.0,0.0,0.0,27.0,20.0,25.0,26.0,24.0,28.0,4.0,0.0,27.0,0.0,26.0,21.0,23.0,3.0,23.0,21.0,2.0,28.0,24.0,0.0,25.0,23.0
39,25.0,22.0,0.0,27.0,25.0,28.0,24.0,7.0,23.0,24.0,25.0,25.0,2.0,27.0,22.0,26.0,0.0,27.0,27.0,27.0,6.0,22.0,24.0,0.0,26.0,18.0,25.0,0.0,27.0,23.0,25.0,23.0,3.0,0.0,7.0,0.0,27.0,27.0,22.0,25.0,28.0,25.0,3.0,23.0,29.0,24.0,26.0,19.0,3.0,23.0,0.0,28.0,0.0,24.0,24.0,11.0,20.0,24.0,27.0,0.0,24.0,28.0,25.0,0.0,7.0,20.0,7.0,27.0,9.0,0.0,0.0,4.0,25.0,30.0,22.0,27.0,1.0,19.0,26.0,20.0,25.0,26.0,25.0,8.0,23.0,20.0,27.0,21.0,23.0,19.0,2.0,24.0,21.0,0.0,21.0,28.0,24.0,2.0,22.0,24.0
40,13.0,21.0,24.0,25.0,26.0,28.0,25.0,29.0,22.0,0.0,25.0,24.0,24.0,24.0,21.0,24.0,26.0,11.0,27.0,4.0,24.0,23.0,25.0,26.0,0.0,20.0,0.0,26.0,26.0,24.0,3.0,24.0,23.0,0.0,24.0,28.0,4.0,4.0,23.0,2.0,4.0,26.0,0.0,23.0,27.0,25.0,26.0,2.0,27.0,0.0,26.0,22.0,0.0,26.0,25.0,24.0,21.0,0.0,24.0,0.0,25.0,24.0,26.0,25.0,21.0,2.0,23.0,23.0,16.0,21.0,27.0,23.0,26.0,30.0,21.0,27.0,21.0,18.0,0.0,23.0,4.0,27.0,25.0,27.0,23.0,0.0,0.0,20.0,23.0,21.0,22.0,21.0,22.0,20.0,0.0,30.0,0.0,21.0,23.0,25.0
41,25.0,22.0,22.0,26.0,0.0,29.0,25.0,27.0,16.0,26.0,3.0,25.0,22.0,0.0,21.0,25.0,24.0,0.0,0.0,27.0,0.0,24.0,26.0,3.0,27.0,21.0,0.0,23.0,27.0,23.0,27.0,25.0,22.0,22.0,19.0,25.0,27.0,4.0,24.0,26.0,25.0,0.0,0.0,23.0,27.0,26.0,26.0,20.0,0.0,26.0,22.0,17.0,21.0,26.0,0.0,25.0,23.0,24.0,25.0,27.0,2.0,2.0,26.0,22.0,21.0,21.0,21.0,25.0,3.0,19.0,15.0,21.0,27.0,9.0,22.0,27.0,20.0,20.0,26.0,0.0,25.0,28.0,24.0,25.0,23.0,20.0,27.0,21.0,25.0,2.0,21.0,22.0,25.0,0.0,21.0,4.0,27.0,19.0,24.0,25.0
42,24.0,23.0,0.0,26.0,28.0,29.0,27.0,5.0,2.0,25.0,26.0,25.0,23.0,27.0,23.0,25.0,26.0,26.0,29.0,15.0,24.0,0.0,25.0,12.0,25.0,22.0,25.0,23.0,1.0,24.0,24.0,27.0,22.0,19.0,23.0,0.0,9.0,26.0,0.0,3.0,22.0,28.0,23.0,24.0,29.0,23.0,26.0,0.0,27.0,3.0,25.0,30.0,0.0,25.0,0.0,26.0,24.0,20.0,27.0,23.0,2.0,26.0,27.0,23.0,23.0,20.0,23.0,24.0,23.0,22.0,0.0,24.0,30.0,30.0,18.0,28.0,0.0,23.0,24.0,0.0,23.0,28.0,3.0,26.0,0.0,19.0,14.0,23.0,25.0,24.0,21.0,3.0,24.0,23.0,19.0,30.0,24.0,0.0,25.0,25.0
43,22.0,15.0,21.0,31.0,20.0,9.0,29.0,25.0,20.0,22.0,27.0,22.0,29.0,19.0,21.0,25.0,22.0,19.0,21.0,30.0,26.0,23.0,24.0,18.0,25.0,28.0,16.0,23.0,28.0,18.0,22.0,25.0,18.0,14.0,0.0,4.0,27.0,20.0,24.0,21.0,24.0,22.0,16.0,27.0,27.0,10.0,26.0,25.0,20.0,32.0,26.0,21.0,0.0,23.0,0.0,25.0,0.0,23.0,30.0,18.0,19.0,17.0,25.0,25.0,30.0,22.0,0.0,23.0,0.0,26.0,23.0,22.0,33.0,28.0,26.0,5.0,17.0,17.0,25.0,0.0,30.0,30.0,26.0,23.0,21.0,17.0,3.0,28.0,0.0,20.0,20.0,0.0,26.0,17.0,9.0,28.0,20.0,19.0,3.0,25.0
44,5.0,3.0,5.0,6.0,4.0,8.0,5.0,6.0,9.0,4.0,13.0,9.0,10.0,5.0,4.0,8.0,14.0,9.0,8.0,5.0,7.0,18.0,12.0,5.0,13.0,6.0,4.0,4.0,3.0,10.0,9.0,11.0,16.0,14.0,8.0,14.0,16.0,10.0,17.0,10.0,10.0,16.0,10.0,14.0,17.0,14.0,13.0,1.0,11.0,8.0,6.0,16.0,4.0,11.0,1.0,7.0,8.0,5.0,6.0,9.0,5.0,8.0,7.0,6.0,16.0,3.0,9.0,6.0,3.0,3.0,4.0,7.0,8.0,13.0,3.0,9.0,0.0,8.0,5.0,8.0,4.0,8.0,10.0,6.0,5.0,0.0,5.0,2.0,7.0,7.0,10.0,10.0,9.0,9.0,7.0,16.0,27.0,9.0,6.0,22.0
45,5.0,4.0,11.0,7.0,23.0,5.0,6.0,22.0,3.0,4.0,4.0,19.0,4.0,31.0,5.0,6.0,7.0,5.0,9.0,4.0,7.0,6.0,5.0,4.0,5.0,16.0,3.0,5.0,5.0,8.0,10.0,35.0,15.0,10.0,13.0,9.0,7.0,20.0,7.0,20.0,16.0,23.0,11.0,7.0,20.0,7.0,14.0,6.0,14.0,14.0,7.0,12.0,9.0,12.0,0.0,6.0,15.0,14.0,7.0,11.0,5.0,6.0,5.0,13.0,5.0,2.0,2.0,6.0,0.0,4.0,19.0,4.0,7.0,20.0,3.0,7.0,0.0,4.0,5.0,0.0,5.0,9.0,3.0,10.0,6.0,2.0,3.0,4.0,4.0,8.0,14.0,4.0,17.0,9.0,3.0,11.0,6.0,12.0,3.0,11.0
46,5.0,2.0,2.0,41.0,2.0,33.0,30.0,46.0,0.0,35.0,5.0,42.0,5.0,0.0,1.0,8.0,6.0,6.0,6.0,45.0,4.0,40.0,6.0,44.0,6.0,40.0,36.0,31.0,3.0,33.0,5.0,34.0,4.0,28.0,0.0,36.0,4.0,29.0,25.0,4.0,6.0,5.0,0.0,25.0,9.0,0.0,0.0,1.0,40.0,29.0,45.0,0.0,24.0,0.0,37.0,37.0,3.0,27.0,25.0,4.0,18.0,45.0,0.0,38.0,7.0,3.0,0.0,47.0,26.0,5.0,41.0,5.0,8.0,42.0,3.0,3.0,0.0,6.0,6.0,0.0,6.0,11.0,4.0,7.0,0.0,1.0,16.0,4.0,5.0,4.0,2.0,33.0,4.0,42.0,0.0,33.0,3.0,2.0,33.0,6.0
47,16.0,12.0,5.0,10.0,14.0,17.0,24.0,10.0,13.0,6.0,13.0,7.0,10.0,7.0,5.0,9.0,12.0,8.0,10.0,19.0,15.0,10.0,9.0,7.0,24.0,16.0,7.0,25.0,17.0,12.0,17.0,14.0,18.0,17.0,31.0,15.0,22.0,26.0,20.0,19.0,17.0,19.0,15.0,29.0,16.0,15.0,20.0,26.0,7.0,8.0,12.0,22.0,23.0,13.0,11.0,8.0,9.0,17.0,22.0,15.0,3.0,7.0,13.0,15.0,13.0,4.0,6.0,7.0,3.0,6.0,12.0,21.0,17.0,17.0,9.0,8.0,15.0,28.0,15.0,6.0,12.0,15.0,6.0,11.0,9.0,5.0,15.0,18.0,11.0,8.0,16.0,15.0,17.0,14.0,11.0,22.0,19.0,24.0,8.0,24.0
48,39.0,5.0,3.0,41.0,0.0,14.0,7.0,7.0,4.0,40.0,8.0,7.0,23.0,0.0,2.0,46.0,43.0,46.0,24.0,6.0,34.0,5.0,11.0,36.0,26.0,3.0,5.0,6.0,8.0,28.0,42.0,7.0,5.0,4.0,0.0,34.0,0.0,7.0,20.0,35.0,47.0,3.0,0.0,0.0,40.0,6.0,0.0,6.0,6.0,46.0,37.0,7.0,0.0,0.0,26.0,6.0,4.0,5.0,0.0,8.0,3.0,7.0,0.0,25.0,34.0,3.0,44.0,6.0,0.0,7.0,6.0,8.0,49.0,7.0,34.0,3.0,2.0,10.0,22.0,3.0,8.0,34.0,5.0,46.0,8.0,7.0,34.0,37.0,26.0,44.0,3.0,2.0,8.0,3.0,1.0,41.0,8.0,5.0,30.0,36.0
49,31.0,28.0,4.0,32.0,0.0,28.0,5.0,32.0,26.0,7.0,30.0,33.0,29.0,26.0,2.0,35.0,11.0,27.0,12.0,33.0,5.0,27.0,0.0,24.0,8.0,0.0,0.0,0.0,6.0,3.0,5.0,7.0,0.0,7.0,3.0,6.0,34.0,0.0,36.0,32.0,27.0,28.0,23.0,5.0,11.0,11.0,8.0,2.0,5.0,8.0,31.0,0.0,26.0,0.0,30.0,37.0,7.0,5.0,12.0,27.0,23.0,0.0,32.0,28.0,10.0,6.0,29.0,28.0,3.0,0.0,29.0,29.0,10.0,32.0,8.0,5.0,5.0,2.0,2.0,27.0,14.0,45.0,7.0,11.0,7.0,0.0,6.0,30.0,30.0,30.0,3.0,3.0,30.0,26.0,0.0,31.0,20.0,30.0,37.0,25.0
50,32.0,8.0,19.0,6.0,5.0,32.0,9.0,35.0,27.0,0.0,32.0,13.0,27.0,0.0,3.0,7.0,29.0,28.0,32.0,28.0,30.0,0.0,36.0,4.0,8.0,1.0,31.0,9.0,21.0,3.0,8.0,8.0,10.0,31.0,28.0,9.0,35.0,9.0,26.0,29.0,8.0,11.0,3.0,22.0,7.0,32.0,0.0,3.0,33.0,7.0,31.0,29.0,0.0,2.0,0.0,0.0,6.0,7.0,3.0,25.0,0.0,7.0,34.0,28.0,0.0,6.0,7.0,0.0,24.0,37.0,8.0,32.0,32.0,30.0,4.0,5.0,7.0,10.0,29.0,31.0,36.0,27.0,30.0,32.0,6.0,0.0,25.0,29.0,6.0,6.0,3.0,27.0,11.0,5.0,5.0,30.0,33.0,32.0,28.0,31.0
51,17.0,5.0,29.0,10.0,30.0,0.0,34.0,36.0,7.0,0.0,32.0,0.0,27.0,31.0,0.0,10.0,10.0,28.0,36.0,30.0,26.0,31.0,9.0,26.0,10.0,3.0,6.0,5.0,7.0,6.0,26.0,20.0,29.0,35.0,31.0,5.0,35.0,0.0,3.0,7.0,5.0,3.0,25.0,26.0,35.0,6.0,30.0,4.0,30.0,8.0,32.0,2.0,25.0,4.0,27.0,28.0,6.0,30.0,27.0,0.0,4.0,34.0,35.0,18.0,35.0,32.0,7.0,24.0,5.0,35.0,9.0,33.0,8.0,32.0,33.0,0.0,34.0,27.0,30.0,2.0,17.0,14.0,0.0,16.0,34.0,0.0,6.0,6.0,0.0,19.0,4.0,3.0,33.0,4.0,2.0,9.0,31.0,32.0,4.0,0.0
52,32.0,32.0,29.0,30.0,0.0,32.0,36.0,36.0,30.0,0.0,0.0,8.0,7.0,28.0,4.0,31.0,15.0,9.0,37.0,32.0,28.0,4.0,10.0,14.0,32.0,0.0,30.0,0.0,8.0,28.0,30.0,6.0,28.0,35.0,30.0,14.0,29.0,33.0,0.0,4.0,23.0,9.0,0.0,4.0,33.0,9.0,4.0,26.0,21.0,10.0,9.0,0.0,24.0,27.0,6.0,4.0,0.0,11.0,7.0,5.0,6.0,31.0,36.0,29.0,30.0,9.0,8.0,0.0,29.0,35.0,35.0,32.0,10.0,34.0,8.0,4.0,31.0,30.0,32.0,0.0,36.0,32.0,34.0,11.0,12.0,1.0,30.0,5.0,0.0,0.0,4.0,17.0,35.0,12.0,0.0,30.0,0.0,8.0,29.0,8.0
53,19.0,7.0,0.0,8.0,33.0,29.0,37.0,37.0,30.0,2.0,10.0,3.0,28.0,19.0,27.0,0.0,0.0,30.0,0.0,0.0,4.0,30.0,12.0,29.0,8.0,0.0,33.0,34.0,4.0,5.0,7.0,8.0,29.0,16.0,32.0,37.0,36.0,28.0,5.0,0.0,28.0,6.0,0.0,6.0,33.0,11.0,29.0,5.0,22.0,36.0,32.0,6.0,25.0,32.0,30.0,27.0,24.0,34.0,30.0,5.0,9.0,8.0,35.0,7.0,25.0,8.0,10.0,0.0,9.0,5.0,12.0,33.0,30.0,34.0,19.0,34.0,31.0,0.0,9.0,2.0,3.0,31.0,10.0,38.0,34.0,23.0,9.0,6.0,29.0,5.0,26.0,7.0,0.0,29.0,3.0,34.0,10.0,31.0,28.0,27.0
54,4.0,26.0,30.0,25.0,30.0,31.0,8.0,39.0,32.0,0.0,15.0,30.0,31.0,8.0,7.0,35.0,34.0,31.0,27.0,36.0,6.0,0.0,0.0,18.0,35.0,2.0,2.0,29.0,29.0,8.0,31.0,15.0,30.0,34.0,5.0,5.0,0.0,30.0,0.0,6.0,28.0,30.0,28.0,7.0,36.0,12.0,30.0,7.0,0.0,14.0,0.0,27.0,4.0,0.0,0.0,28.0,1.0,34.0,34.0,27.0,11.0,34.0,34.0,29.0,31.0,28.0,37.0,28.0,0.0,34.0,34.0,8.0,33.0,34.0,0.0,5.0,10.0,7.0,0.0,13.0,34.0,32.0,35.0,0.0,14.0,0.0,33.0,9.0,3.0,1.0,9.0,29.0,7.0,5.0,18.0,36.0,28.0,9.0,5.0,7.0
55,8.0,0.0,0.0,35.0,33.0,33.0,0.0,39.0,7.0,24.0,8.0,2.0,4.0,32.0,30.0,7.0,8.0,32.0,9.0,12.0,5.0,5.0,35.0,22.0,32.0,3.0,33.0,0.0,27.0,10.0,30.0,9.0,31.0,31.0,32.0,17.0,35.0,31.0,7.0,0.0,13.0,0.0,23.0,30.0,35.0,32.0,9.0,0.0,0.0,7.0,7.0,27.0,30.0,7.0,33.0,5.0,2.0,33.0,10.0,30.0,32.0,36.0,37.0,9.0,5.0,11.0,14.0,25.0,3.0,31.0,34.0,33.0,35.0,14.0,29.0,33.0,0.0,6.0,35.0,4.0,7.0,33.0,33.0,37.0,33.0,28.0,34.0,28.0,29.0,2.0,5.0,28.0,9.0,28.0,25.0,35.0,8.0,5.0,0.0,3.0
56,28.0,7.0,0.0,0.0,32.0,34.0,33.0,11.0,0.0,26.0,33.0,30.0,4.0,22.0,9.0,5.0,32.0,31.0,34.0,15.0,5.0,0.0,32.0,27.0,32.0,0.0,33.0,0.0,29.0,30.0,7.0,31.0,8.0,4.0,28.0,34.0,31.0,32.0,4.0,30.0,30.0,31.0,0.0,10.0,38.0,9.0,32.0,7.0,35.0,35.0,13.0,29.0,2.0,31.0,28.0,29.0,20.0,33.0,29.0,30.0,30.0,35.0,6.0,8.0,10.0,0.0,35.0,29.0,0.0,6.0,7.0,31.0,35.0,0.0,26.0,32.0,5.0,5.0,30.0,24.0,31.0,34.0,16.0,32.0,32.0,3.0,34.0,6.0,31.0,6.0,27.0,6.0,31.0,0.0,2.0,0.0,0.0,28.0,0.0,9.0
57,31.0,27.0,22.0,35.0,33.0,34.0,6.0,41.0,29.0,0.0,33.0,12.0,30.0,32.0,29.0,32.0,11.0,31.0,33.0,31.0,29.0,25.0,0.0,0.0,33.0,0.0,0.0,29.0,30.0,30.0,0.0,31.0,31.0,31.0,4.0,15.0,32.0,3.0,6.0,26.0,9.0,27.0,4.0,25.0,17.0,32.0,29.0,0.0,31.0,9.0,33.0,14.0,29.0,30.0,9.0,27.0,22.0,0.0,32.0,33.0,31.0,0.0,35.0,5.0,7.0,24.0,6.0,18.0,24.0,4.0,33.0,31.0,10.0,41.0,7.0,34.0,16.0,0.0,8.0,22.0,30.0,34.0,33.0,33.0,12.0,2.0,34.0,0.0,5.0,4.0,5.0,7.0,10.0,4.0,4.0,37.0,27.0,20.0,2.0,26.0
58,29.0,5.0,24.0,8.0,33.0,34.0,30.0,38.0,16.0,0.0,34.0,20.0,28.0,8.0,7.0,9.0,36.0,31.0,34.0,29.0,0.0,22.0,34.0,29.0,34.0,22.0,6.0,8.0,30.0,30.0,32.0,32.0,9.0,6.0,29.0,36.0,32.0,32.0,26.0,0.0,9.0,29.0,24.0,28.0,9.0,32.0,31.0,3.0,33.0,34.0,31.0,33.0,7.0,0.0,29.0,28.0,24.0,9.0,5.0,34.0,32.0,8.0,32.0,32.0,2.0,25.0,6.0,4.0,19.0,9.0,32.0,5.0,39.0,36.0,17.0,32.0,2.0,6.0,31.0,23.0,31.0,26.0,31.0,26.0,11.0,3.0,34.0,7.0,31.0,26.0,25.0,0.0,0.0,2.0,5.0,0.0,24.0,0.0,26.0,0.0
59,31.0,26.0,0.0,32.0,32.0,35.0,30.0,19.0,27.0,28.0,0.0,30.0,7.0,32.0,27.0,33.0,0.0,32.0,34.0,32.0,0.0,0.0,31.0,0.0,34.0,20.0,30.0,0.0,32.0,30.0,27.0,34.0,8.0,5.0,12.0,9.0,11.0,0.0,26.0,29.0,35.0,30.0,3.0,29.0,35.0,33.0,32.0,22.0,10.0,33.0,8.0,35.0,3.0,32.0,28.0,16.0,25.0,0.0,32.0,5.0,3.0,30.0,0.0,8.0,14.0,25.0,14.0,31.0,0.0,6.0,7.0,9.0,36.0,37.0,28.0,33.0,4.0,24.0,31.0,24.0,31.0,26.0,31.0,14.0,30.0,23.0,33.0,23.0,29.0,25.0,5.0,26.0,0.0,5.0,24.0,34.0,26.0,8.0,24.0,28.0
60,19.0,27.0,26.0,32.0,33.0,35.0,31.0,0.0,26.0,0.0,34.0,30.0,29.0,31.0,28.0,33.0,0.0,16.0,0.0,9.0,27.0,25.0,32.0,26.0,7.0,24.0,6.0,27.0,31.0,32.0,6.0,35.0,29.0,6.0,28.0,37.0,11.0,7.0,27.0,3.0,12.0,31.0,0.0,30.0,35.0,0.0,32.0,5.0,33.0,9.0,34.0,28.0,3.0,29.0,28.0,29.0,25.0,6.0,30.0,5.0,31.0,29.0,33.0,32.0,29.0,7.0,31.0,29.0,18.0,27.0,34.0,28.0,16.0,38.0,0.0,33.0,25.0,24.0,5.0,26.0,10.0,33.0,24.0,8.0,31.0,4.0,6.0,24.0,29.0,27.0,0.0,23.0,0.0,21.0,3.0,32.0,3.0,27.0,26.0,25.0
61,30.0,21.0,25.0,17.0,0.0,37.0,31.0,39.0,20.0,27.0,7.0,31.0,28.0,6.0,27.0,33.0,33.0,5.0,8.0,33.0,2.0,23.0,33.0,4.0,34.0,25.0,6.0,26.0,32.0,31.0,31.0,36.0,29.0,29.0,24.0,37.0,31.0,4.0,29.0,28.0,20.0,0.0,1.0,29.0,35.0,34.0,32.0,24.0,8.0,34.0,32.0,24.0,25.0,31.0,0.0,30.0,27.0,26.0,31.0,33.0,4.0,7.0,30.0,30.0,30.0,26.0,0.0,0.0,4.0,26.0,23.0,27.0,37.0,17.0,28.0,32.0,24.0,26.0,31.0,2.0,31.0,34.0,29.0,32.0,0.0,23.0,33.0,26.0,0.0,8.0,24.0,25.0,0.0,3.0,0.0,8.0,31.0,0.0,20.0,27.0
62,30.0,28.0,3.0,33.0,34.0,36.0,33.0,12.0,5.0,27.0,31.0,0.0,29.0,33.0,28.0,34.0,30.0,32.0,33.0,21.0,27.0,0.0,32.0,14.0,33.0,25.0,32.0,18.0,6.0,0.0,29.0,36.0,29.0,27.0,28.0,10.0,15.0,28.0,5.0,7.0,31.0,0.0,25.0,16.0,38.0,27.0,32.0,4.0,34.0,13.0,34.0,0.0,5.0,31.0,4.0,31.0,28.0,25.0,33.0,0.0,5.0,32.0,32.0,31.0,32.0,25.0,31.0,30.0,25.0,29.0,8.0,30.0,38.0,0.0,19.0,0.0,4.0,29.0,30.0,3.0,30.0,34.0,7.0,30.0,8.0,0.0,21.0,27.0,31.0,30.0,21.0,6.0,25.0,26.0,23.0,35.0,29.0,7.0,29.0,28.0
63,28.0,19.0,24.0,33.0,0.0,17.0,35.0,34.0,0.0,24.0,0.0,28.0,35.0,27.0,25.0,5.0,28.0,26.0,27.0,36.0,30.0,0.0,31.0,21.0,33.0,32.0,25.0,26.0,33.0,25.0,27.0,35.0,25.0,22.0,5.0,15.0,33.0,22.0,29.0,25.0,31.0,29.0,19.0,33.0,36.0,15.0,32.0,29.0,29.0,41.0,13.0,29.0,5.0,29.0,4.0,30.0,3.0,28.0,36.0,25.0,22.0,24.0,31.0,32.0,39.0,27.0,4.0,0.0,2.0,33.0,31.0,28.0,42.0,38.0,29.0,10.0,21.0,23.0,31.0,3.0,37.0,36.0,31.0,0.0,26.0,20.0,10.0,32.0,0.0,27.0,0.0,4.0,23.0,22.0,9.0,34.0,25.0,0.0,6.0,29.0
64,11.0,8.0,8.0,13.0,11.0,16.0,11.0,16.0,13.0,7.0,20.0,11.0,16.0,12.0,9.0,16.0,20.0,16.0,15.0,12.0,12.0,21.0,19.0,9.0,21.0,10.0,12.0,7.0,9.0,12.0,14.0,20.0,24.0,22.0,13.0,27.0,24.0,14.0,23.0,15.0,17.0,17.0,13.0,18.0,26.0,19.0,19.0,7.0,19.0,19.0,15.0,19.0,10.0,17.0,7.0,12.0,11.0,11.0,12.0,12.0,10.0,15.0,13.0,13.0,25.0,8.0,13.0,9.0,5.0,9.0,14.0,13.0,17.0,17.0,6.0,10.0,5.0,14.0,11.0,12.0,11.0,15.0,15.0,13.0,12.0,0.0,12.0,7.0,10.0,13.0,12.0,14.0,10.0,13.0,8.0,23.0,32.0,14.0,9.0,27.0
65,11.0,9.0,14.0,13.0,26.0,15.0,12.0,33.0,4.0,7.0,6.0,23.0,9.0,38.0,9.0,11.0,14.0,12.0,17.0,11.0,11.0,5.0,12.0,8.0,12.0,19.0,11.0,8.0,10.0,12.0,16.0,44.0,23.0,18.0,19.0,23.0,14.0,24.0,13.0,25.0,23.0,26.0,13.0,12.0,30.0,13.0,20.0,10.0,23.0,23.0,13.0,17.0,16.0,18.0,7.0,11.0,18.0,20.0,13.0,15.0,10.0,13.0,12.0,20.0,13.0,6.0,8.0,7.0,4.0,10.0,28.0,10.0,16.0,27.0,6.0,10.0,5.0,10.0,10.0,4.0,12.0,16.0,8.0,13.0,13.0,3.0,11.0,8.0,8.0,14.0,13.0,10.0,19.0,14.0,4.0,18.0,11.0,14.0,7.0,16.0
66,12.0,8.0,6.0,0.0,7.0,44.0,38.0,0.0,2.0,39.0,9.0,48.0,11.0,8.0,6.0,15.0,14.0,14.0,16.0,53.0,9.0,41.0,14.0,49.0,14.0,44.0,46.0,35.0,9.0,38.0,12.0,0.0,13.0,37.0,7.0,51.0,12.0,33.0,31.0,10.0,14.0,9.0,3.0,30.0,0.0,6.0,7.0,6.0,50.0,39.0,54.0,6.0,32.0,7.0,46.0,42.0,7.0,24.0,32.0,9.0,24.0,53.0,8.0,46.0,16.0,8.0,5.0,50.0,30.0,12.0,52.0,12.0,19.0,51.0,5.0,6.0,6.0,12.0,13.0,4.0,15.0,19.0,10.0,0.0,0.0,3.0,25.0,0.0,10.0,11.0,3.0,0.0,7.0,47.0,2.0,42.0,8.0,7.0,38.0,12.0
67,24.0,19.0,9.0,19.0,20.0,30.0,33.0,25.0,16.0,10.0,18.0,13.0,16.0,15.0,10.0,17.0,21.0,18.0,21.0,0.0,20.0,12.0,18.0,12.0,33.0,7.0,18.0,30.0,24.0,19.0,25.0,24.0,27.0,27.0,38.0,0.0,32.0,31.0,27.0,0.0,25.0,23.0,18.0,36.0,8.0,22.0,27.0,31.0,17.0,7.0,22.0,0.0,32.0,20.0,21.0,15.0,12.0,24.0,30.0,21.0,0.0,16.0,23.0,23.0,21.0,9.0,14.0,11.0,9.0,14.0,0.0,29.0,30.0,28.0,14.0,13.0,0.0,0.0,22.0,11.0,22.0,25.0,13.0,0.0,19.0,7.0,25.0,24.0,17.0,0.0,0.0,22.0,22.0,19.0,11.0,0.0,0.0,29.0,15.0,30.0
68,49.0,13.0,8.0,0.0,7.0,26.0,16.0,12.0,9.0,0.0,14.0,13.0,30.0,10.0,7.0,55.0,0.0,0.0,37.0,0.0,41.0,0.0,0.0,41.0,36.0,7.0,0.0,11.0,16.0,0.0,51.0,11.0,16.0,13.0,9.0,48.0,12.0,0.0,26.0,43.0,57.0,9.0,4.0,7.0,51.0,14.0,9.0,12.0,0.0,34.0,47.0,15.0,8.0,9.0,35.0,12.0,8.0,0.0,8.0,5.0,10.0,15.0,0.0,33.0,45.0,9.0,40.0,11.0,4.0,16.0,16.0,17.0,0.0,18.0,0.0,8.0,10.0,17.0,31.0,10.0,19.0,45.0,13.0,53.0,18.0,0.0,45.0,43.0,0.0,53.0,6.0,2.0,0.0,8.0,0.0,52.0,15.0,13.0,37.0,43.0
69,41.0,36.0,10.0,25.0,7.0,40.0,14.0,15.0,31.0,12.0,38.0,29.0,36.0,0.0,8.0,28.0,22.0,0.0,26.0,40.0,12.0,29.0,0.0,0.0,19.0,2.0,10.0,4.0,14.0,10.0,14.0,0.0,0.0,16.0,10.0,20.0,46.0,6.0,0.0,36.0,37.0,33.0,27.0,12.0,0.0,19.0,16.0,7.0,16.0,0.0,0.0,5.0,0.0,9.0,40.0,44.0,11.0,0.0,0.0,17.0,29.0,8.0,45.0,37.0,22.0,12.0,39.0,33.0,0.0,11.0,37.0,38.0,25.0,43.0,15.0,11.0,0.0,4.0,10.0,34.0,26.0,56.0,16.0,17.0,18.0,0.0,17.0,36.0,38.0,37.0,4.0,5.0,12.0,31.0,2.0,38.0,23.0,38.0,0.0,0.0
70,40.0,0.0,26.0,0.0,14.0,45.0,0.0,46.0,33.0,0.0,0.0,21.0,35.0,11.0,10.0,17.0,0.0,32.0,25.0,35.0,37.0,2.0,44.0,10.0,18.0,0.0,41.0,14.0,29.0,6.0,17.0,15.0,21.0,42.0,37.0,23.0,43.0,13.0,0.0,34.0,17.0,18.0,8.0,30.0,18.0,42.0,10.0,0.0,0.0,14.0,0.0,36.0,0.0,13.0,9.0,8.0,11.0,13.0,13.0,33.0,7.0,4.0,28.0,36.0,10.0,0.0,14.0,6.0,30.0,48.0,0.0,5.0,16.0,0.0,5.0,12.0,14.0,14.0,38.0,39.0,48.0,37.0,40.0,38.0,19.0,2.0,35.0,35.0,9.0,12.0,4.0,30.0,0.0,11.0,7.0,38.0,15.0,41.0,9.0,37.0
71,6.0,0.0,37.0,11.0,40.0,12.0,22.0,46.0,13.0,0.0,41.0,0.0,35.0,37.0,8.0,18.0,16.0,28.0,51.0,38.0,34.0,0.0,19.0,0.0,22.0,6.0,18.0,11.0,17.0,11.0,35.0,27.0,41.0,48.0,0.0,21.0,49.0,7.0,5.0,12.0,14.0,9.0,0.0,35.0,46.0,17.0,41.0,10.0,41.0,12.0,38.0,12.0,28.0,16.0,35.0,35.0,12.0,36.0,0.0,5.0,11.0,45.0,0.0,26.0,3.0,40.0,14.0,30.0,10.0,48.0,19.0,43.0,0.0,46.0,0.0,9.0,41.0,32.0,40.0,9.0,30.0,25.0,0.0,24.0,0.0,0.0,17.0,0.0,5.0,25.0,7.0,8.0,0.0,9.0,0.0,18.0,38.0,0.0,5.0,3.0
72,40.0,39.0,37.0,32.0,13.0,45.0,0.0,48.0,0.0,0.0,2.0,16.0,15.0,37.0,13.0,0.0,17.0,13.0,51.0,40.0,35.0,8.0,19.0,18.0,44.0,0.0,41.0,6.0,0.0,0.0,40.0,0.0,42.0,3.0,8.0,30.0,42.0,41.0,0.0,0.0,33.0,16.0,5.0,13.0,0.0,18.0,17.0,25.0,27.0,17.0,11.0,9.0,28.0,41.0,16.0,1.0,7.0,1.0,17.0,12.0,0.0,43.0,0.0,38.0,42.0,15.0,17.0,8.0,34.0,46.0,44.0,38.0,19.0,44.0,13.0,9.0,40.0,0.0,41.0,6.0,47.0,43.0,45.0,19.0,26.0,5.0,41.0,11.0,5.0,0.0,7.0,22.0,38.0,18.0,4.0,0.0,3.0,16.0,0.0,12.0
73,26.0,14.0,7.0,12.0,45.0,43.0,46.0,0.0,37.0,4.0,15.0,12.0,0.0,0.0,37.0,11.0,5.0,35.0,0.0,8.0,11.0,29.0,0.0,0.0,21.0,5.0,45.0,41.0,4.0,0.0,15.0,18.0,41.0,0.0,37.0,53.0,44.0,38.0,5.0,0.0,0.0,14.0,0.0,15.0,46.0,22.0,0.0,12.0,30.0,45.0,36.0,18.0,30.0,47.0,0.0,36.0,31.0,43.0,35.0,14.0,19.0,19.0,41.0,16.0,0.0,14.0,20.0,8.0,15.0,0.0,23.0,40.0,39.0,45.0,19.0,46.0,21.0,6.0,4.0,9.0,0.0,42.0,23.0,47.0,0.0,28.0,20.0,11.0,37.0,12.0,30.0,13.0,0.0,35.0,0.0,0.0,14.0,33.0,30.0,33.0
74,12.0,33.0,0.0,30.0,43.0,43.0,11.0,52.0,33.0,3.0,0.0,41.0,39.0,17.0,0.0,0.0,40.0,38.0,39.0,44.0,12.0,0.0,11.0,21.0,46.0,8.0,13.0,37.0,39.0,11.0,39.0,25.0,0.0,42.0,0.0,20.0,11.0,0.0,0.0,11.0,39.0,39.0,30.0,17.0,46.0,0.0,42.0,2.0,9.0,24.0,0.0,12.0,9.0,13.0,0.0,38.0,11.0,42.0,20.0,37.0,19.0,42.0,36.0,37.0,15.0,35.0,48.0,37.0,6.0,42.0,46.0,15.0,45.0,0.0,0.0,18.0,0.0,8.0,8.0,21.0,43.0,0.0,46.0,10.0,20.0,0.0,44.0,0.0,0.0,0.0,14.0,32.0,0.0,0.0,23.0,44.0,34.0,0.0,0.0,0.0
75,0.0,8.0,0.0,42.0,44.0,44.0,0.0,48.0,0.0,29.0,16.0,13.0,10.0,38.0,0.0,17.0,0.0,19.0,23.0,24.0,12.0,7.0,44.0,21.0,44.0,10.0,44.0,8.0,17.0,13.0,38.0,23.0,40.0,38.0,1.0,30.0,46.0,40.0,9.0,6.0,21.0,0.0,0.0,40.0,48.0,43.0,0.0,6.0,9.0,18.0,14.0,0.0,34.0,18.0,14.0,15.0,11.0,41.0,20.0,42.0,42.0,0.0,42.0,18.0,0.0,18.0,26.0,36.0,9.0,0.0,46.0,0.0,48.0,27.0,0.0,45.0,4.0,9.0,44.0,13.0,18.0,41.0,44.0,47.0,37.0,33.0,45.0,35.0,0.0,10.0,9.0,35.0,11.0,34.0,0.0,0.0,15.0,10.0,0.0,9.0
76,38.0,15.0,2.0,7.0,0.0,43.0,41.0,22.0,3.0,32.0,39.0,41.0,11.0,31.0,18.0,8.0,0.0,40.0,47.0,26.0,13.0,3.0,45.0,22.0,43.0,8.0,43.0,0.0,41.0,0.0,14.0,45.0,18.0,12.0,0.0,0.0,43.0,35.0,8.0,0.0,40.0,41.0,3.0,20.0,0.0,19.0,43.0,12.0,48.0,46.0,22.0,40.0,8.0,43.0,34.0,39.0,30.0,41.0,36.0,42.0,13.0,45.0,2.0,0.0,0.0,0.0,45.0,39.0,0.0,15.0,18.0,39.0,0.0,0.0,0.0,45.0,8.0,9.0,40.0,33.0,40.0,43.0,25.0,45.0,28.0,0.0,43.0,11.0,0.0,0.0,6.0,12.0,33.0,5.0,6.0,7.0,7.0,32.0,0.0,0.0
77,42.0,37.0,25.0,43.0,42.0,42.0,16.0,53.0,32.0,6.0,42.0,24.0,38.0,42.0,31.0,0.0,19.0,39.0,45.0,43.0,38.0,29.0,11.0,2.0,43.0,10.0,9.0,38.0,39.0,38.0,6.0,0.0,41.0,0.0,5.0,29.0,43.0,8.0,10.0,0.0,20.0,38.0,4.0,34.0,3.0,0.0,0.0,6.0,0.0,22.0,43.0,0.0,35.0,43.0,12.0,37.0,0.0,8.0,42.0,43.0,41.0,7.0,42.0,0.0,13.0,31.0,16.0,28.0,2.0,10.0,8.0,35.0,24.0,53.0,8.0,45.0,0.0,5.0,17.0,0.0,40.0,43.0,0.0,43.0,20.0,6.0,43.0,6.0,0.0,14.0,11.0,12.0,14.0,0.0,3.0,11.0,32.0,26.0,5.0,34.0
78,39.0,16.0,29.0,19.0,43.0,0.0,0.0,51.0,20.0,6.0,43.0,0.0,37.0,0.0,13.0,18.0,39.0,22.0,44.0,41.0,10.0,27.0,46.0,16.0,41.0,34.0,14.0,17.0,40.0,31.0,39.0,0.0,20.0,15.0,26.0,51.0,0.0,0.0,0.0,4.0,19.0,39.0,25.0,37.0,20.0,43.0,44.0,9.0,45.0,44.0,42.0,0.0,14.0,11.0,34.0,37.0,33.0,0.0,0.0,44.0,38.0,17.0,39.0,0.0,7.0,32.0,15.0,14.0,27.0,16.0,42.0,10.0,48.0,51.0,14.0,0.0,7.0,12.0,0.0,0.0,41.0,35.0,39.0,0.0,17.0,6.0,42.0,14.0,30.0,35.0,26.0,6.0,4.0,8.0,0.0,7.0,34.0,6.0,30.0,6.0
79,24.0,0.0,0.0,41.0,41.0,0.0,41.0,32.0,31.0,35.0,0.0,40.0,16.0,9.0,33.0,0.0,6.0,0.0,44.0,5.0,9.0,5.0,44.0,5.0,0.0,34.0,39.0,8.0,41.0,36.0,36.0,46.0,17.0,0.0,12.0,25.0,20.0,6.0,35.0,30.0,0.0,39.0,0.0,37.0,46.0,42.0,41.0,30.0,20.0,34.0,20.0,9.0,9.0,42.0,35.0,24.0,31.0,0.0,0.0,15.0,10.0,41.0,8.0,0.0,0.0,32.0,0.0,41.0,3.0,14.0,18.0,15.0,48.0,52.0,28.0,42.0,7.0,32.0,39.0,29.0,39.0,33.0,40.0,22.0,39.0,0.0,41.0,32.0,29.0,37.0,8.0,0.0,4.0,10.0,26.0,0.0,35.0,14.0,31.0,35.0
80,27.0,39.0,31.0,43.0,42.0,0.0,0.0,12.0,31.0,8.0,43.0,41.0,37.0,24.0,36.0,0.0,6.0,23.0,9.0,19.0,37.0,30.0,0.0,29.0,16.0,0.0,16.0,36.0,0.0,0.0,15.0,0.0,39.0,0.0,30.0,15.0,23.0,0.0,29.0,7.0,23.0,39.0,2.0,0.0,48.0,9.0,42.0,0.0,45.0,17.0,46.0,31.0,0.0,0.0,34.0,37.0,32.0,14.0,40.0,14.0,38.0,42.0,41.0,41.0,39.0,0.0,42.0,39.0,23.0,37.0,45.0,35.0,0.0,52.0,0.0,33.0,29.0,33.0,15.0,0.0,0.0,41.0,33.0,18.0,40.0,8.0,0.0,34.0,31.0,38.0,3.0,31.0,6.0,28.0,0.0,40.0,12.0,35.0,32.0,0.0
81,38.0,28.0,0.0,0.0,0.0,49.0,0.0,51.0,25.0,34.0,17.0,7.0,0.0,14.0,35.0,37.0,42.0,0.0,17.0,44.0,14.0,29.0,43.0,0.0,44.0,34.0,14.0,0.0,40.0,38.0,0.0,0.0,40.0,36.0,27.0,51.0,44.0,8.0,0.0,32.0,2.0,8.0,4.0,36.0,49.0,29.0,43.0,32.0,21.0,42.0,46.0,25.0,0.0,40.0,8.0,38.0,34.0,35.0,0.0,27.0,12.0,18.0,26.0,40.0,36.0,33.0,12.0,9.0,10.0,38.0,0.0,36.0,50.0,30.0,30.0,39.0,30.0,35.0,41.0,6.0,39.0,0.0,37.0,0.0,0.0,23.0,40.0,36.0,3.0,19.0,28.0,28.0,8.0,0.0,0.0,0.0,39.0,0.0,26.0,0.0
82,38.0,37.0,10.0,0.0,41.0,51.0,38.0,26.0,10.0,28.0,41.0,10.0,37.0,40.0,0.0,32.0,42.0,38.0,43.0,32.0,38.0,0.0,43.0,0.0,44.0,31.0,21.0,28.0,13.0,2.0,37.0,0.0,39.0,34.0,32.0,25.0,29.0,32.0,0.0,14.0,44.0,7.0,29.0,24.0,0.0,39.0,43.0,11.0,24.0,22.0,46.0,0.0,12.0,41.0,11.0,38.0,34.0,0.0,41.0,9.0,0.0,42.0,43.0,0.0,42.0,0.0,0.0,39.0,31.0,2.0,18.0,39.0,0.0,0.0,23.0,6.0,9.0,37.0,40.0,3.0,39.0,42.0,15.0,0.0,0.0,0.0,28.0,37.0,35.0,35.0,26.0,0.0,0.0,35.0,25.0,0.0,39.0,15.0,26.0,34.0
83,0.0,0.0,26.0,42.0,8.0,10.0,12.0,46.0,0.0,31.0,11.0,38.0,0.0,0.0,33.0,8.0,40.0,33.0,17.0,47.0,41.0,2.0,41.0,0.0,1.0,39.0,35.0,30.0,41.0,29.0,36.0,0.0,34.0,31.0,11.0,0.0,46.0,27.0,30.0,0.0,43.0,36.0,0.0,41.0,0.0,25.0,42.0,36.0,41.0,49.0,24.0,33.0,8.0,40.0,13.0,37.0,9.0,38.0,39.0,35.0,30.0,0.0,41.0,44.0,49.0,30.0,4.0,10.0,10.0,42.0,0.0,37.0,56.0,0.0,32.0,16.0,26.0,31.0,40.0,0.0,46.0,0.0,39.0,11.0,36.0,22.0,17.0,42.0,0.0,0.0,0.0,9.0,34.0,31.0,12.0,41.0,34.0,0.0,13.0,30.0
84,19.0,17.0,13.0,18.0,19.0,29.0,15.0,0.0,19.0,12.0,30.0,24.0,26.0,21.0,12.0,20.0,31.0,24.0,12.0,23.0,22.0,26.0,29.0,12.0,31.0,17.0,5.0,14.0,18.0,18.0,24.0,20.0,32.0,32.0,19.0,0.0,0.0,21.0,25.0,24.0,31.0,27.0,18.0,27.0,37.0,30.0,29.0,15.0,31.0,28.0,20.0,26.0,15.0,2.0,17.0,19.0,17.0,18.0,18.0,23.0,17.0,25.0,24.0,21.0,36.0,10.0,10.0,17.0,12.0,18.0,26.0,23.0,26.0,0.0,10.0,19.0,11.0,21.0,20.0,15.0,0.0,26.0,23.0,22.0,21.0,3.0,19.0,16.0,15.0,24.0,16.0,19.0,15.0,22.0,10.0,25.0,40.0,24.0,14.0,31.0
85,21.0,15.0,19.0,20.0,36.0,30.0,14.0,6.0,10.0,12.0,10.0,35.0,16.0,43.0,13.0,17.0,4.0,21.0,0.0,0.0,21.0,11.0,21.0,8.0,23.0,25.0,0.0,15.0,19.0,18.0,26.0,40.0,5.0,30.0,26.0,0.0,0.0,31.0,16.0,29.0,37.0,35.0,14.0,20.0,37.0,24.0,30.0,17.0,4.0,31.0,0.0,24.0,23.0,14.0,19.0,19.0,25.0,29.0,20.0,16.0,19.0,25.0,12.0,31.0,24.0,10.0,0.0,17.0,13.0,21.0,42.0,20.0,28.0,0.0,9.0,20.0,11.0,17.0,20.0,8.0,0.0,29.0,17.0,26.0,23.0,5.0,20.0,17.0,14.0,22.0,17.0,16.0,25.0,24.0,6.0,24.0,19.0,25.0,14.0,20.0
86,25.0,16.0,12.0,9.0,0.0,30.0,42.0,0.0,9.0,45.0,0.0,6.0,20.0,16.0,12.0,23.0,3.0,24.0,0.0,29.0,21.0,46.0,8.0,52.0,29.0,51.0,71.0,44.0,21.0,45.0,22.0,0.0,0.0,50.0,14.0,86.0,0.0,42.0,35.0,17.0,29.0,19.0,6.0,15.0,10.0,18.0,19.0,14.0,48.0,22.0,37.0,14.0,41.0,0.0,60.0,52.0,15.0,34.0,39.0,12.0,34.0,48.0,0.0,58.0,28.0,12.0,0.0,56.0,40.0,25.0,28.0,25.0,33.0,36.0,9.0,18.0,0.0,20.0,25.0,9.0,0.0,34.0,20.0,15.0,11.0,6.0,7.0,11.0,17.0,21.0,8.0,7.0,14.0,15.0,4.0,50.0,7.0,19.0,46.0,18.0
87,39.0,28.0,17.0,29.0,39.0,20.0,40.0,1.0,23.0,17.0,5.0,27.0,27.0,23.0,16.0,27.0,10.0,29.0,0.0,0.0,32.0,18.0,28.0,17.0,50.0,14.0,16.0,40.0,37.0,27.0,11.0,25.0,14.0,41.0,46.0,0.0,13.0,40.0,32.0,7.0,40.0,34.0,21.0,31.0,20.0,9.0,40.0,39.0,9.0,0.0,35.0,8.0,41.0,9.0,37.0,12.0,20.0,35.0,38.0,40.0,11.0,4.0,0.0,37.0,34.0,15.0,4.0,5.0,0.0,29.0,0.0,43.0,45.0,6.0,18.0,25.0,8.0,8.0,35.0,18.0,3.0,44.0,7.0,17.0,31.0,0.0,29.0,37.0,24.0,12.0,4.0,30.0,29.0,30.0,13.0,9.0,10.0,42.0,24.0,37.0
88,65.0,24.0,17.0,13.0,15.0,12.0,23.0,0.0,18.0,6.0,4.0,21.0,42.0,19.0,14.0,66.0,0.0,13.0,14.0,0.0,36.0,5.0,5.0,45.0,54.0,13.0,0.0,20.0,29.0,8.0,40.0,15.0,0.0,27.0,17.0,29.0,0.0,9.0,31.0,51.0,46.0,21.0,8.0,32.0,66.0,9.0,23.0,21.0,0.0,62.0,45.0,24.0,17.0,0.0,49.0,30.0,16.0,12.0,16.0,17.0,7.0,21.0,0.0,47.0,30.0,15.0,23.0,17.0,0.0,30.0,12.0,33.0,0.0,0.0,5.0,22.0,17.0,25.0,43.0,19.0,0.0,64.0,29.0,53.0,11.0,4.0,46.0,57.0,9.0,36.0,11.0,12.0,0.0,12.0,3.0,62.0,27.0,11.0,45.0,52.0
89,57.0,48.0,0.0,39.0,0.0,32.0,22.0,0.0,41.0,18.0,1.0,39.0,49.0,10.0,17.0,40.0,6.0,0.0,3.0,66.0,14.0,35.0,1.0,5.0,27.0,9.0,0.0,14.0,9.0,18.0,3.0,5.0,0.0,30.0,18.0,0.0,29.0,15.0,5.0,47.0,54.0,45.0,31.0,5.0,17.0,30.0,30.0,14.0,9.0,7.0,0.0,17.0,9.0,0.0,32.0,56.0,21.0,13.0,9.0,9.0,21.0,5.0,76.0,53.0,18.0,19.0,26.0,40.0,0.0,26.0,24.0,42.0,14.0,20.0,20.0,11.0,9.0,14.0,0.0,44.0,53.0,68.0,27.0,7.0,11.0,3.0,44.0,50.0,47.0,25.0,10.0,15.0,12.0,37.0,5.0,51.0,37.0,28.0,8.0,9.0
90,54.0,13.0,31.0,1.0,22.0,77.0,9.0,35.0,44.0,7.0,0.0,34.0,48.0,22.0,20.0,27.0,0.0,28.0,18.0,34.0,54.0,9.0,36.0,14.0,21.0,7.0,45.0,24.0,43.0,16.0,8.0,22.0,11.0,56.0,46.0,2.0,33.0,24.0,5.0,43.0,36.0,31.0,13.0,0.0,34.0,41.0,20.0,7.0,0.0,9.0,0.0,44.0,10.0,14.0,30.0,21.0,21.0,16.0,24.0,29.0,0.0,1.0,22.0,35.0,31.0,9.0,2.0,24.0,27.0,64.0,0.0,17.0,7.0,0.0,12.0,2.0,24.0,25.0,32.0,50.0,23.0,32.0,42.0,35.0,12.0,6.0,44.0,44.0,20.0,0.0,11.0,41.0,0.0,19.0,11.0,49.0,29.0,36.0,17.0,46.0
91,19.0,2.0,38.0,9.0,45.0,27.0,32.0,28.0,24.0,8.0,37.0,13.0,38.0,51.0,6.0,19.0,9.0,15.0,92.0,55.0,47.0,6.0,24.0,6.0,29.0,14.0,24.0,23.0,31.0,7.0,31.0,36.0,57.0,63.0,9.0,13.0,37.0,19.0,11.0,14.0,26.0,21.0,5.0,38.0,60.0,34.0,56.0,18.0,61.0,0.0,29.0,8.0,39.0,13.0,45.0,47.0,23.0,30.0,13.0,3.0,2.0,32.0,0.0,20.0,14.0,49.0,3.0,28.0,1.0,54.0,17.0,44.0,0.0,24.0,7.0,0.0,53.0,43.0,33.0,3.0,16.0,32.0,0.0,15.0,0.0,4.0,26.0,5.0,13.0,21.0,15.0,21.0,0.0,17.0,4.0,30.0,52.0,0.0,14.0,14.0
92,53.0,41.0,46.0,31.0,32.0,38.0,13.0,34.0,9.0,9.0,0.0,29.0,28.0,40.0,2.0,0.0,13.0,12.0,56.0,50.0,46.0,15.0,42.0,24.0,44.0,9.0,31.0,18.0,15.0,0.0,27.0,10.0,30.0,7.0,17.0,12.0,35.0,53.0,7.0,0.0,45.0,29.0,10.0,11.0,0.0,19.0,28.0,35.0,34.0,13.0,31.0,4.0,42.0,0.0,29.0,14.0,19.0,0.0,31.0,2.0,0.0,48.0,0.0,38.0,45.0,27.0,4.0,24.0,49.0,49.0,69.0,39.0,10.0,10.0,20.0,18.0,52.0,12.0,51.0,0.0,44.0,40.0,68.0,12.0,24.0,11.0,50.0,26.0,0.0,0.0,16.0,33.0,33.0,27.0,8.0,11.0,18.0,13.0,10.0,22.0
93,42.0,18.0,3.0,8.0,56.0,57.0,60.0,0.0,48.0,14.0,23.0,28.0,12.0,14.0,28.0,8.0,9.0,48.0,1.0,6.0,15.0,37.0,0.0,8.0,0.0,16.0,44.0,55.0,20.0,0.0,16.0,29.0,39.0,17.0,48.0,5.0,53.0,53.0,14.0,0.0,9.0,15.0,2.0,11.0,38.0,35.0,7.0,23.0,29.0,42.0,42.0,16.0,43.0,41.0,11.0,44.0,44.0,62.0,52.0,14.0,11.0,26.0,32.0,9.0,3.0,25.0,2.0,17.0,15.0,3.0,20.0,40.0,18.0,8.0,28.0,65.0,31.0,17.0,25.0,3.0,0.0,57.0,24.0,59.0,0.0,34.0,0.0,24.0,44.0,11.0,37.0,0.0,0.0,45.0,5.0,0.0,28.0,54.0,41.0,45.0
94,27.0,28.0,0.0,22.0,52.0,47.0,22.0,35.0,46.0,15.0,7.0,58.0,52.0,30.0,0.0,0.0,51.0,33.0,37.0,57.0,13.0,9.0,11.0,29.0,54.0,20.0,23.0,43.0,57.0,2.0,36.0,34.0,0.0,57.0,11.0,6.0,9.0,13.0,10.0,7.0,46.0,47.0,37.0,13.0,41.0,7.0,49.0,12.0,16.0,34.0,6.0,9.0,21.0,1.0,11.0,52.0,14.0,47.0,26.0,61.0,39.0,34.0,42.0,32.0,17.0,47.0,9.0,43.0,0.0,59.0,61.0,12.0,28.0,0.0,9.0,25.0,8.0,8.0,15.0,40.0,39.0,14.0,45.0,17.0,10.0,7.0,28.0,4.0,14.0,0.0,22.0,38.0,0.0,12.0,29.0,41.0,50.0,7.0,12.0,12.0
95,14.0,6.0,0.0,39.0,55.0,43.0,0.0,32.0,11.0,42.0,12.0,30.0,26.0,54.0,0.0,15.0,0.0,12.0,11.0,34.0,0.0,15.0,29.0,30.0,63.0,11.0,44.0,25.0,37.0,5.0,36.0,12.0,36.0,54.0,11.0,8.0,41.0,45.0,20.0,1.0,17.0,19.0,7.0,37.0,39.0,45.0,9.0,15.0,13.0,9.0,10.0,0.0,43.0,36.0,22.0,17.0,24.0,59.0,27.0,52.0,38.0,0.0,37.0,9.0,0.0,27.0,24.0,38.0,0.0,11.0,43.0,0.0,62.0,16.0,8.0,56.0,0.0,13.0,43.0,18.0,30.0,42.0,36.0,60.0,55.0,39.0,58.0,37.0,8.0,11.0,10.0,49.0,5.0,44.0,7.0,0.0,32.0,15.0,12.0,19.0
96,55.0,9.0,0.0,0.0,0.0,45.0,39.0,8.0,14.0,47.0,37.0,57.0,26.0,47.0,13.0,8.0,0.0,35.0,38.0,14.0,0.0,12.0,44.0,31.0,47.0,21.0,45.0,1.0,59.0,0.0,28.0,35.0,11.0,15.0,12.0,0.0,34.0,49.0,7.0,0.0,54.0,58.0,9.0,5.0,0.0,31.0,60.0,13.0,53.0,58.0,21.0,44.0,17.0,33.0,52.0,48.0,43.0,47.0,35.0,48.0,24.0,43.0,0.0,0.0,0.0,1.0,25.0,55.0,0.0,26.0,30.0,37.0,0.0,0.0,9.0,67.0,7.0,23.0,41.0,30.0,42.0,52.0,36.0,55.0,29.0,7.0,57.0,33.0,1.0,0.0,9.0,23.0,28.0,6.0,11.0,0.0,23.0,0.0,12.0,0.0
97,62.0,61.0,22.0,50.0,51.0,37.0,14.0,60.0,45.0,18.0,47.0,30.0,37.0,58.0,29.0,0.0,12.0,32.0,50.0,43.0,43.0,39.0,13.0,11.0,52.0,28.0,9.0,44.0,51.0,33.0,0.0,0.0,40.0,0.0,19.0,32.0,36.0,14.0,12.0,0.0,31.0,54.0,11.0,27.0,12.0,8.0,8.0,15.0,6.0,26.0,45.0,4.0,48.0,42.0,21.0,44.0,15.0,16.0,48.0,42.0,41.0,0.0,41.0,0.0,16.0,38.0,18.0,28.0,0.0,16.0,10.0,36.0,0.0,42.0,18.0,43.0,0.0,12.0,16.0,0.0,42.0,45.0,0.0,48.0,19.0,10.0,57.0,8.0,2.0,22.0,9.0,19.0,7.0,8.0,9.0,7.0,45.0,32.0,20.0,36.0
98,49.0,21.0,23.0,25.0,36.0,0.0,0.0,62.0,34.0,12.0,55.0,3.0,39.0,13.0,29.0,7.0,12.0,14.0,32.0,49.0,29.0,39.0,39.0,25.0,38.0,47.0,14.0,20.0,44.0,52.0,41.0,0.0,11.0,16.0,26.0,46.0,0.0,1.0,3.0,0.0,24.0,52.0,33.0,43.0,29.0,45.0,57.0,24.0,36.0,47.0,53.0,5.0,16.0,11.0,43.0,38.0,48.0,4.0,4.0,44.0,34.0,32.0,37.0,0.0,29.0,47.0,0.0,13.0,22.0,26.0,43.0,5.0,28.0,48.0,26.0,0.0,18.0,19.0,0.0,0.0,40.0,60.0,50.0,4.0,15.0,11.0,47.0,25.0,7.0,37.0,29.0,7.0,0.0,7.0,7.0,5.0,36.0,10.0,45.0,10.0
99,33.0,1.0,0.0,55.0,35.0,0.0,32.0,28.0,45.0,44.0,3.0,43.0,20.0,23.0,34.0,0.0,0.0,0.0,45.0,19.0,17.0,16.0,42.0,14.0,0.0,40.0,41.0,8.0,56.0,36.0,38.0,39.0,8.0,3.0,36.0,19.0,17.0,8.0,39.0,26.0,8.0,48.0,9.0,28.0,56.0,54.0,56.0,37.0,27.0,36.0,18.0,6.0,13.0,38.0,38.0,26.0,49.0,14.0,10.0,17.0,2.0,45.0,5.0,0.0,8.0,36.0,0.0,41.0,0.0,11.0,26.0,15.0,32.0,46.0,37.0,43.0,17.0,38.0,45.0,21.0,38.0,37.0,49.0,23.0,37.0,6.0,52.0,41.0,50.0,37.0,8.0,6.0,0.0,23.0,32.0,0.0,52.0,17.0,50.0,37.0
100,52.0,30.0,31.0,42.0,52.0,0.0,0.0,6.0,45.0,25.0,45.0,53.0,33.0,31.0,32.0,0.0,0.0,16.0,0.0,26.0,44.0,40.0,0.0,39.0,33.0,1.0,19.0,59.0,11.0,0.0,16.0,0.0,43.0,1.0,46.0,7.0,10.0,2.0,32.0,4.0,29.0,52.0,10.0,0.0,53.0,7.0,47.0,9.0,13.0,22.0,54.0,29.0,3.0,0.0,38.0,50.0,37.0,14.0,49.0,19.0,32.0,48.0,35.0,43.0,44.0,5.0,39.0,57.0,17.0,42.0,50.0,31.0,0.0,45.0,9.0,35.0,38.0,54.0,30.0,0.0,0.0,56.0,36.0,22.0,34.0,14.0,10.0,48.0,18.0,52.0,6.0,24.0,14.0,47.0,7.0,36.0,32.0,32.0,47.0,0.0
101,58.0,33.0,0.0,0.0,10.0,49.0,0.0,52.0,39.0,35.0,20.0,12.0,0.0,25.0,35.0,29.0,39.0,0.0,8.0,0.0,19.0,41.0,0.0,11.0,48.0,38.0,14.0,0.0,54.0,30.0,0.0,0.0,36.0,64.0,35.0,43.0,39.0,31.0,1.0,31.0,6.0,15.0,13.0,34.0,49.0,30.0,45.0,34.0,22.0,36.0,36.0,42.0,8.0,33.0,24.0,51.0,49.0,45.0,16.0,29.0,10.0,19.0,29.0,44.0,48.0,40.0,10.0,15.0,4.0,35.0,0.0,10.0,45.0,22.0,38.0,51.0,33.0,42.0,42.0,0.0,36.0,6.0,39.0,3.0,0.0,29.0,49.0,57.0,7.0,20.0,38.0,49.0,8.0,2.0,6.0,0.0,44.0,0.0,32.0,0.0
102,54.0,31.0,2.0,3.0,41.0,59.0,34.0,24.0,23.0,35.0,43.0,31.0,52.0,55.0,0.0,44.0,38.0,40.0,41.0,40.0,0.0,11.0,50.0,10.0,54.0,42.0,22.0,30.0,27.0,0.0,37.0,0.0,31.0,49.0,32.0,8.0,17.0,34.0,13.0,9.0,44.0,16.0,32.0,24.0,0.0,55.0,43.0,21.0,38.0,15.0,46.0,0.0,16.0,29.0,15.0,39.0,43.0,8.0,44.0,13.0,0.0,42.0,34.0,3.0,48.0,13.0,0.0,41.0,33.0,0.0,20.0,50.0,0.0,0.0,24.0,16.0,5.0,39.0,38.0,0.0,37.0,43.0,8.0,4.0,0.0,7.0,34.0,51.0,50.0,31.0,31.0,3.0,0.0,51.0,26.0,0.0,54.0,25.0,39.0,51.0
103,8.0,0.0,26.0,46.0,9.0,10.0,12.0,43.0,14.0,46.0,14.0,45.0,15.0,13.0,29.0,6.0,36.0,35.0,9.0,58.0,50.0,13.0,46.0,12.0,8.0,44.0,36.0,31.0,54.0,21.0,27.0,0.0,25.0,38.0,16.0,0.0,46.0,31.0,32.0,0.0,55.0,43.0,12.0,35.0,7.0,33.0,46.0,34.0,44.0,61.0,20.0,36.0,14.0,24.0,24.0,52.0,12.0,0.0,42.0,33.0,31.0,0.0,49.0,47.0,66.0,36.0,0.0,12.0,8.0,63.0,3.0,43.0,49.0,0.0,34.0,22.0,30.0,29.0,40.0,0.0,44.0,10.0,39.0,17.0,36.0,28.0,23.0,51.0,6.0,0.0,3.0,11.0,34.0,32.0,17.0,32.0,42.0,0.0,22.0,33.0
104,22.0,23.0,7.0,18.0,16.0,39.0,8.0,0.0,34.0,19.0,33.0,35.0,38.0,34.0,15.0,8.0,26.0,24.0,3.0,36.0,35.0,38.0,34.0,25.0,47.0,19.0,5.0,33.0,14.0,15.0,24.0,12.0,31.0,35.0,36.0,0.0,0.0,19.0,24.0,23.0,33.0,48.0,27.0,28.0,43.0,38.0,41.0,26.0,33.0,31.0,31.0,25.0,21.0,0.0,21.0,18.0,20.0,39.0,25.0,30.0,16.0,27.0,25.0,27.0,39.0,12.0,8.0,21.0,6.0,28.0,20.0,30.0,25.0,0.0,15.0,18.0,13.0,19.0,21.0,7.0,0.0,17.0,29.0,26.0,22.0,10.0,24.0,24.0,19.0,20.0,18.0,19.0,10.0,28.0,18.0,16.0,45.0,35.0,23.0,45.0
105,27.0,19.0,13.0,28.0,44.0,31.0,26.0,3.0,15.0,13.0,13.0,38.0,28.0,49.0,13.0,7.0,0.0,21.0,0.0,11.0,29.0,24.0,25.0,22.0,34.0,27.0,0.0,19.0,43.0,9.0,22.0,34.0,6.0,30.0,28.0,0.0,0.0,37.0,14.0,28.0,43.0,38.0,19.0,14.0,36.0,31.0,31.0,16.0,15.0,34.0,2.0,32.0,28.0,18.0,39.0,26.0,37.0,34.0,20.0,12.0,21.0,28.0,12.0,35.0,26.0,21.0,0.0,29.0,8.0,32.0,59.0,25.0,26.0,0.0,12.0,32.0,11.0,12.0,13.0,4.0,0.0,40.0,23.0,27.0,20.0,11.0,19.0,23.0,12.0,21.0,15.0,22.0,25.0,31.0,5.0,14.0,20.0,27.0,23.0,29.0
106,35.0,20.0,8.0,14.0,7.0,34.0,36.0,0.0,24.0,43.0,3.0,2.0,30.0,18.0,8.0,27.0,0.0,15.0,0.0,40.0,22.0,59.0,12.0,68.0,33.0,61.0,80.0,48.0,28.0,50.0,26.0,0.0,5.0,45.0,30.0,78.0,0.0,61.0,32.0,22.0,48.0,29.0,13.0,18.0,9.0,26.0,15.0,19.0,53.0,23.0,0.0,15.0,25.0,0.0,61.0,54.0,23.0,42.0,55.0,10.0,36.0,52.0,0.0,55.0,28.0,18.0,0.0,65.0,27.0,27.0,36.0,27.0,28.0,26.0,6.0,27.0,0.0,18.0,17.0,3.0,0.0,50.0,27.0,19.0,14.0,13.0,11.0,12.0,23.0,20.0,16.0,0.0,14.0,19.0,12.0,54.0,12.0,30.0,52.0,24.0
107,66.0,33.0,19.0,34.0,33.0,29.0,36.0,0.0,35.0,12.0,9.0,28.0,41.0,33.0,13.0,14.0,0.0,34.0,0.0,13.0,40.0,33.0,19.0,20.0,55.0,21.0,23.0,42.0,51.0,24.0,11.0,16.0,10.0,42.0,57.0,0.0,13.0,49.0,25.0,3.0,49.0,35.0,23.0,0.0,20.0,17.0,57.0,37.0,6.0,0.0,42.0,5.0,47.0,5.0,47.0,19.0,25.0,41.0,42.0,48.0,12.0,8.0,0.0,39.0,32.0,11.0,1.0,4.0,0.0,31.0,2.0,52.0,45.0,0.0,15.0,30.0,9.0,12.0,36.0,16.0,0.0,58.0,13.0,30.0,26.0,6.0,50.0,35.0,24.0,10.0,0.0,44.0,26.0,44.0,10.0,6.0,6.0,44.0,36.0,36.0
108,87.0,27.0,13.0,19.0,8.0,15.0,25.0,0.0,38.0,4.0,9.0,22.0,50.0,16.0,9.0,60.0,0.0,9.0,5.0,6.0,38.0,17.0,10.0,51.0,75.0,13.0,3.0,33.0,25.0,7.0,40.0,11.0,0.0,23.0,13.0,22.0,0.0,14.0,28.0,50.0,55.0,32.0,10.0,33.0,80.0,16.0,21.0,30.0,0.0,70.0,49.0,21.0,27.0,0.0,56.0,31.0,20.0,17.0,27.0,9.0,2.0,24.0,0.0,56.0,28.0,20.0,22.0,18.0,0.0,35.0,19.0,41.0,0.0,0.0,19.0,34.0,21.0,26.0,49.0,18.0,0.0,81.0,28.0,50.0,7.0,8.0,52.0,82.0,11.0,33.0,14.0,11.0,0.0,17.0,0.0,57.0,24.0,9.0,60.0,52.0
109,52.0,49.0,0.0,44.0,0.0,33.0,19.0,0.0,47.0,17.0,7.0,48.0,54.0,14.0,23.0,42.0,0.0,0.0,0.0,85.0,29.0,48.0,0.0,6.0,37.0,7.0,0.0,21.0,27.0,16.0,4.0,8.0,5.0,25.0,13.0,0.0,25.0,24.0,0.0,40.0,59.0,64.0,31.0,6.0,22.0,17.0,31.0,13.0,9.0,11.0,6.0,15.0,11.0,0.0,47.0,61.0,39.0,23.0,10.0,21.0,27.0,9.0,81.0,57.0,17.0,15.0,25.0,55.0,0.0,24.0,31.0,49.0,11.0,15.0,17.0,13.0,13.0,10.0,0.0,36.0,49.0,78.0,28.0,4.0,2.0,12.0,56.0,58.0,50.0,29.0,8.0,28.0,9.0,43.0,0.0,47.0,42.0,30.0,11.0,13.0
110,56.0,9.0,33.0,5.0,15.0,73.0,7.0,41.0,54.0,7.0,7.0,52.0,51.0,39.0,20.0,23.0,0.0,30.0,15.0,40.0,64.0,21.0,48.0,16.0,33.0,6.0,49.0,25.0,49.0,9.0,3.0,17.0,4.0,47.0,47.0,0.0,34.0,32.0,0.0,46.0,40.0,45.0,7.0,0.0,40.0,48.0,12.0,16.0,0.0,5.0,0.0,39.0,11.0,13.0,31.0,27.0,33.0,29.0,32.0,25.0,2.0,4.0,22.0,38.0,28.0,31.0,0.0,32.0,27.0,62.0,9.0,19.0,4.0,0.0,15.0,14.0,32.0,34.0,40.0,56.0,30.0,36.0,47.0,49.0,10.0,16.0,55.0,51.0,18.0,0.0,5.0,41.0,0.0,19.0,14.0,44.0,40.0,46.0,30.0,37.0
111,11.0,0.0,36.0,4.0,67.0,22.0,29.0,30.0,43.0,21.0,34.0,22.0,33.0,59.0,7.0,15.0,3.0,16.0,89.0,71.0,1.0,20.0,31.0,19.0,32.0,9.0,26.0,31.0,48.0,0.0,35.0,34.0,53.0,55.0,9.0,9.0,33.0,25.0,10.0,10.0,29.0,34.0,0.0,45.0,66.0,53.0,57.0,16.0,59.0,0.0,28.0,0.0,0.0,17.0,54.0,61.0,35.0,41.0,20.0,0.0,5.0,39.0,0.0,22.0,15.0,59.0,1.0,35.0,1.0,58.0,18.0,54.0,0.0,19.0,10.0,4.0,58.0,47.0,36.0,0.0,13.0,35.0,6.0,21.0,0.0,10.0,33.0,5.0,24.0,21.0,7.0,33.0,0.0,25.0,2.0,18.0,67.0,7.0,25.0,14.0
112,70.0,42.0,43.0,33.0,30.0,37.0,10.0,36.0,12.0,8.0,0.0,31.0,34.0,50.0,2.0,0.0,7.0,16.0,46.0,47.0,43.0,29.0,37.0,27.0,44.0,20.0,40.0,12.0,31.0,0.0,29.0,2.0,32.0,0.0,16.0,6.0,34.0,51.0,5.0,0.0,43.0,42.0,18.0,15.0,6.0,15.0,47.0,38.0,52.0,14.0,4.0,0.0,50.0,2.0,41.0,17.0,21.0,10.0,38.0,13.0,4.0,46.0,0.0,37.0,54.0,37.0,0.0,17.0,46.0,65.0,83.0,47.0,8.0,5.0,28.0,22.0,56.0,16.0,54.0,0.0,33.0,56.0,62.0,17.0,23.0,14.0,56.0,26.0,0.0,0.0,13.0,40.0,30.0,32.0,11.0,0.0,27.0,14.0,16.0,34.0
113,44.0,30.0,0.0,21.0,62.0,50.0,59.0,0.0,54.0,13.0,29.0,40.0,9.0,18.0,27.0,4.0,0.0,51.0,0.0,0.0,10.0,53.0,0.0,19.0,0.0,24.0,49.0,59.0,25.0,0.0,18.0,23.0,48.0,24.0,57.0,0.0,50.0,52.0,21.0,0.0,12.0,23.0,1.0,8.0,43.0,35.0,13.0,26.0,30.0,54.0,42.0,4.0,49.0,44.0,11.0,50.0,53.0,72.0,49.0,19.0,13.0,38.0,31.0,14.0,0.0,25.0,0.0,16.0,14.0,6.0,26.0,39.0,10.0,1.0,29.0,88.0,33.0,18.0,27.0,0.0,0.0,67.0,15.0,65.0,0.0,35.0,9.0,25.0,52.0,8.0,41.0,1.0,0.0,45.0,14.0,0.0,32.0,57.0,35.0,40.0
114,47.0,30.0,0.0,25.0,44.0,42.0,20.0,33.0,53.0,20.0,10.0,18.0,49.0,34.0,0.0,0.0,17.0,37.0,28.0,59.0,16.0,18.0,13.0,40.0,53.0,24.0,22.0,37.0,64.0,0.0,35.0,30.0,3.0,60.0,10.0,0.0,3.0,31.0,12.0,5.0,61.0,17.0,40.0,20.0,40.0,14.0,49.0,20.0,6.0,40.0,2.0,0.0,19.0,5.0,24.0,60.0,25.0,50.0,29.0,57.0,42.0,39.0,42.0,34.0,18.0,56.0,5.0,63.0,0.0,60.0,66.0,23.0,31.0,0.0,8.0,28.0,2.0,6.0,17.0,39.0,46.0,18.0,56.0,24.0,3.0,22.0,32.0,18.0,9.0,0.0,20.0,44.0,0.0,9.0,19.0,37.0,58.0,11.0,21.0,14.0
115,17.0,4.0,0.0,40.0,49.0,34.0,0.0,39.0,12.0,44.0,25.0,32.0,46.0,56.0,0.0,16.0,0.0,14.0,10.0,39.0,1.0,18.0,40.0,34.0,71.0,12.0,41.0,28.0,36.0,3.0,39.0,11.0,32.0,50.0,5.0,1.0,37.0,48.0,19.0,0.0,27.0,43.0,3.0,41.0,50.0,44.0,22.0,12.0,8.0,10.0,25.0,0.0,44.0,39.0,20.0,18.0,34.0,61.0,30.0,67.0,49.0,5.0,38.0,13.0,6.0,33.0,22.0,48.0,0.0,12.0,44.0,6.0,59.0,12.0,5.0,61.0,0.0,20.0,46.0,16.0,32.0,57.0,46.0,65.0,54.0,43.0,62.0,49.0,16.0,18.0,9.0,58.0,0.0,42.0,0.0,0.0,22.0,11.0,12.0,22.0
116,67.0,13.0,0.0,11.0,0.0,36.0,38.0,2.0,21.0,59.0,45.0,69.0,24.0,54.0,17.0,4.0,0.0,37.0,28.0,26.0,0.0,23.0,53.0,33.0,70.0,20.0,50.0,15.0,86.0,0.0,29.0,28.0,13.0,12.0,13.0,0.0,28.0,48.0,9.0,0.0,63.0,75.0,19.0,9.0,7.0,36.0,50.0,22.0,48.0,0.0,28.0,49.0,27.0,37.0,70.0,51.0,52.0,53.0,36.0,48.0,30.0,47.0,1.0,4.0,0.0,3.0,25.0,64.0,0.0,27.0,37.0,45.0,0.0,0.0,20.0,74.0,9.0,25.0,47.0,22.0,41.0,65.0,40.0,60.0,23.0,5.0,60.0,44.0,5.0,1.0,1.0,20.0,29.0,4.0,8.0,0.0,27.0,0.0,16.0,0.0
117,76.0,64.0,21.0,52.0,58.0,28.0,3.0,62.0,46.0,24.0,55.0,41.0,48.0,54.0,34.0,0.0,9.0,33.0,48.0,53.0,59.0,46.0,21.0,15.0,55.0,32.0,15.0,50.0,65.0,29.0,1.0,0.0,45.0,0.0,31.0,28.0,32.0,17.0,10.0,0.0,39.0,63.0,6.0,30.0,14.0,21.0,0.0,18.0,2.0,41.0,53.0,4.0,48.0,43.0,34.0,48.0,27.0,13.0,0.0,50.0,45.0,1.0,35.0,0.0,15.0,3.0,16.0,34.0,0.0,10.0,9.0,46.0,0.0,34.0,17.0,57.0,3.0,20.0,21.0,0.0,37.0,59.0,0.0,52.0,14.0,20.0,63.0,10.0,0.0,20.0,14.0,22.0,5.0,8.0,18.0,4.0,47.0,42.0,0.0,47.0
118,62.0,13.0,23.0,34.0,30.0,0.0,0.0,66.0,47.0,17.0,61.0,3.0,35.0,28.0,28.0,0.0,9.0,17.0,27.0,60.0,19.0,54.0,45.0,39.0,51.0,56.0,15.0,25.0,50.0,55.0,43.0,0.0,12.0,15.0,21.0,42.0,0.0,12.0,0.0,0.0,35.0,70.0,37.0,47.0,33.0,48.0,55.0,28.0,40.0,56.0,55.0,0.0,21.0,12.0,55.0,34.0,52.0,11.0,15.0,33.0,38.0,40.0,43.0,0.0,29.0,56.0,0.0,23.0,17.0,28.0,45.0,13.0,24.0,35.0,34.0,7.0,22.0,20.0,5.0,0.0,45.0,74.0,57.0,7.0,10.0,12.0,43.0,31.0,10.0,42.0,28.0,15.0,0.0,0.0,9.0,4.0,42.0,16.0,51.0,16.0
119,45.0,0.0,0.0,44.0,33.0,0.0,28.0,28.0,45.0,49.0,8.0,50.0,33.0,29.0,27.0,0.0,0.0,3.0,41.0,22.0,19.0,22.0,48.0,22.0,8.0,50.0,37.0,7.0,57.0,38.0,41.0,32.0,10.0,7.0,46.0,14.0,7.0,14.0,18.0,27.0,16.0,49.0,10.0,32.0,68.0,52.0,54.0,44.0,31.0,38.0,22.0,0.0,7.0,40.0,50.0,41.0,58.0,25.0,18.0,18.0,5.0,47.0,7.0,7.0,11.0,39.0,0.0,40.0,0.0,25.0,38.0,20.0,34.0,45.0,39.0,50.0,16.0,37.0,15.0,17.0,36.0,50.0,54.0,19.0,35.0,9.0,70.0,43.0,60.0,41.0,7.0,13.0,0.0,17.0,34.0,0.0,66.0,22.0,67.0,43.0
120,53.0,29.0,28.0,55.0,50.0,0.0,0.0,4.0,56.0,13.0,35.0,62.0,35.0,27.0,41.0,0.0,0.0,19.0,0.0,30.0,46.0,57.0,7.0,43.0,26.0,0.0,20.0,51.0,3.0,0.0,15.0,0.0,46.0,0.0,51.0,0.0,7.0,10.0,35.0,5.0,37.0,68.0,8.0,3.0,48.0,19.0,40.0,9.0,5.0,36.0,59.0,23.0,0.0,0.0,42.0,16.0,48.0,22.0,58.0,20.0,35.0,50.0,36.0,52.0,56.0,6.0,38.0,72.0,14.0,50.0,40.0,38.0,0.0,41.0,12.0,43.0,38.0,60.0,38.0,0.0,0.0,69.0,40.0,17.0,36.0,17.0,17.0,70.0,19.0,55.0,5.0,24.0,8.0,64.0,9.0,34.0,39.0,38.0,56.0,6.0
121,74.0,41.0,0.0,3.0,8.0,49.0,0.0,50.0,51.0,49.0,28.0,15.0,4.0,38.0,30.0,30.0,37.0,4.0,2.0,7.0,31.0,55.0,6.0,5.0,54.0,46.0,8.0,0.0,54.0,28.0,0.0,0.0,34.0,72.0,35.0,38.0,29.0,41.0,5.0,33.0,16.0,15.0,11.0,37.0,51.0,21.0,48.0,35.0,28.0,0.0,34.0,40.0,9.0,27.0,22.0,56.0,50.0,54.0,26.0,27.0,5.0,28.0,31.0,51.0,55.0,56.0,3.0,12.0,1.0,42.0,0.0,20.0,43.0,16.0,36.0,55.0,34.0,51.0,49.0,0.0,28.0,21.0,45.0,0.0,0.0,33.0,51.0,68.0,14.0,22.0,37.0,53.0,8.0,5.0,5.0,0.0,50.0,0.0,44.0,0.0
122,55.0,28.0,0.0,6.0,26.0,61.0,30.0,22.0,21.0,40.0,49.0,44.0,47.0,49.0,0.0,42.0,36.0,45.0,37.0,56.0,6.0,23.0,55.0,5.0,73.0,40.0,34.0,44.0,17.0,0.0,39.0,0.0,35.0,9.0,30.0,1.0,15.0,46.0,15.0,12.0,61.0,33.0,27.0,29.0,0.0,66.0,50.0,17.0,40.0,13.0,46.0,0.0,14.0,25.0,17.0,34.0,43.0,17.0,55.0,20.0,3.0,42.0,36.0,0.0,53.0,18.0,0.0,42.0,32.0,7.0,24.0,65.0,0.0,0.0,32.0,26.0,14.0,43.0,35.0,0.0,42.0,47.0,7.0,0.0,0.0,14.0,44.0,61.0,55.0,30.0,32.0,13.0,0.0,54.0,20.0,0.0,61.0,36.0,46.0,49.0
123,21.0,0.0,25.0,45.0,0.0,12.0,4.0,44.0,26.0,51.0,19.0,53.0,8.0,2.0,21.0,0.0,22.0,41.0,5.0,70.0,48.0,24.0,58.0,6.0,11.0,39.0,20.0,37.0,77.0,19.0,31.0,0.0,26.0,38.0,14.0,0.0,41.0,29.0,36.0,2.0,72.0,40.0,22.0,40.0,6.0,38.0,44.0,47.0,47.0,46.0,15.0,35.0,25.0,20.0,46.0,49.0,15.0,9.0,46.0,36.0,35.0,0.0,51.0,47.0,70.0,34.0,0.0,13.0,7.0,60.0,1.0,57.0,41.0,0.0,33.0,15.0,29.0,33.0,42.0,0.0,41.0,17.0,47.0,15.0,35.0,32.0,17.0,61.0,12.0,0.0,3.0,14.0,32.0,35.0,23.0,33.0,50.0,7.0,30.0,51.0
124,16.0,21.0,6.0,18.0,13.0,40.0,0.0,0.0,35.0,23.0,37.0,44.0,58.0,31.0,10.0,8.0,22.0,29.0,0.0,50.0,48.0,37.0,43.0,35.0,45.0,21.0,0.0,40.0,19.0,14.0,28.0,3.0,27.0,45.0,44.0,0.0,0.0,38.0,27.0,26.0,30.0,64.0,28.0,33.0,43.0,45.0,39.0,29.0,35.0,26.0,23.0,25.0,22.0,0.0,9.0,16.0,36.0,50.0,36.0,34.0,22.0,23.0,27.0,25.0,35.0,26.0,7.0,36.0,3.0,43.0,31.0,41.0,31.0,0.0,14.0,22.0,19.0,22.0,16.0,5.0,0.0,41.0,30.0,39.0,19.0,10.0,40.0,34.0,23.0,14.0,18.0,28.0,5.0,31.0,15.0,18.0,46.0,42.0,25.0,53.0
125,31.0,14.0,10.0,37.0,51.0,34.0,24.0,0.0,23.0,14.0,17.0,48.0,23.0,43.0,11.0,1.0,0.0,26.0,0.0,23.0,35.0,35.0,32.0,22.0,39.0,21.0,0.0,25.0,39.0,8.0,25.0,31.0,10.0,38.0,32.0,0.0,0.0,39.0,17.0,33.0,61.0,43.0,21.0,18.0,52.0,29.0,25.0,21.0,17.0,55.0,0.0,29.0,31.0,16.0,52.0,19.0,45.0,45.0,19.0,15.0,27.0,21.0,14.0,57.0,32.0,21.0,0.0,37.0,6.0,31.0,59.0,38.0,26.0,0.0,10.0,43.0,14.0,10.0,33.0,0.0,0.0,51.0,23.0,34.0,15.0,11.0,23.0,24.0,18.0,24.0,13.0,25.0,24.0,23.0,0.0,17.0,32.0,35.0,34.0,28.0
126,39.0,33.0,7.0,6.0,8.0,37.0,34.0,0.0,34.0,44.0,0.0,12.0,33.0,18.0,14.0,22.0,0.0,20.0,0.0,52.0,28.0,65.0,17.0,64.0,53.0,61.0,78.0,55.0,34.0,43.0,30.0,0.0,6.0,53.0,32.0,73.0,0.0,77.0,34.0,25.0,50.0,50.0,9.0,19.0,15.0,24.0,14.0,20.0,55.0,33.0,0.0,13.0,26.0,0.0,71.0,60.0,31.0,48.0,67.0,11.0,36.0,44.0,0.0,56.0,31.0,25.0,0.0,74.0,25.0,21.0,48.0,40.0,25.0,12.0,13.0,42.0,0.0,25.0,9.0,0.0,0.0,60.0,28.0,16.0,15.0,7.0,24.0,15.0,26.0,20.0,14.0,0.0,11.0,22.0,8.0,55.0,20.0,37.0,61.0,35.0
127,65.0,37.0,17.0,41.0,34.0,33.0,33.0,0.0,36.0,6.0,9.0,32.0,43.0,35.0,13.0,9.0,0.0,32.0,0.0,27.0,40.0,45.0,21.0,18.0,68.0,17.0,22.0,42.0,52.0,28.0,0.0,13.0,12.0,39.0,58.0,0.0,7.0,51.0,28.0,5.0,61.0,37.0,20.0,8.0,21.0,21.0,59.0,45.0,8.0,6.0,49.0,5.0,45.0,6.0,60.0,24.0,34.0,49.0,42.0,46.0,17.0,0.0,0.0,50.0,29.0,20.0,0.0,4.0,0.0,31.0,4.0,59.0,47.0,0.0,16.0,28.0,9.0,14.0,40.0,10.0,0.0,69.0,15.0,33.0,25.0,12.0,47.0,55.0,32.0,11.0,0.0,49.0,23.0,51.0,15.0,10.0,15.0,40.0,30.0,44.0
128,82.0,28.0,5.0,14.0,13.0,13.0,23.0,0.0,34.0,0.0,5.0,26.0,54.0,9.0,2.0,62.0,0.0,20.0,4.0,11.0,47.0,27.0,23.0,48.0,88.0,21.0,0.0,45.0,25.0,6.0,46.0,8.0,0.0,35.0,9.0,15.0,0.0,9.0,30.0,53.0,54.0,38.0,7.0,38.0,84.0,27.0,28.0,36.0,1.0,0.0,55.0,20.0,42.0,0.0,69.0,28.0,30.0,26.0,43.0,21.0,12.0,22.0,0.0,53.0,35.0,28.0,24.0,24.0,0.0,35.0,16.0,59.0,0.0,0.0,15.0,46.0,31.0,27.0,61.0,14.0,0.0,89.0,30.0,47.0,6.0,14.0,50.0,95.0,17.0,33.0,15.0,22.0,0.0,9.0,0.0,57.0,35.0,13.0,67.0,51.0
129,59.0,52.0,0.0,42.0,3.0,34.0,16.0,4.0,45.0,28.0,21.0,59.0,47.0,16.0,28.0,40.0,0.0,6.0,0.0,83.0,26.0,53.0,10.0,2.0,33.0,6.0,0.0,28.0,32.0,15.0,5.0,5.0,10.0,24.0,4.0,0.0,22.0,20.0,2.0,44.0,58.0,83.0,32.0,9.0,25.0,24.0,32.0,18.0,13.0,20.0,9.0,10.0,7.0,0.0,53.0,66.0,50.0,28.0,18.0,27.0,34.0,2.0,81.0,61.0,21.0,9.0,26.0,49.0,0.0,22.0,30.0,54.0,8.0,8.0,25.0,19.0,18.0,11.0,10.0,40.0,45.0,82.0,41.0,9.0,1.0,9.0,64.0,71.0,52.0,31.0,3.0,39.0,9.0,45.0,0.0,48.0,50.0,27.0,25.0,25.0
130,76.0,16.0,32.0,9.0,14.0,75.0,0.0,45.0,52.0,12.0,12.0,58.0,57.0,49.0,21.0,18.0,0.0,37.0,10.0,52.0,70.0,22.0,51.0,10.0,41.0,1.0,52.0,24.0,63.0,9.0,11.0,5.0,10.0,55.0,51.0,0.0,31.0,32.0,0.0,47.0,41.0,55.0,4.0,0.0,43.0,49.0,17.0,21.0,0.0,13.0,2.0,41.0,20.0,17.0,37.0,20.0,38.0,29.0,38.0,26.0,10.0,0.0,15.0,32.0,26.0,31.0,0.0,35.0,20.0,79.0,6.0,29.0,6.0,0.0,14.0,4.0,38.0,38.0,35.0,50.0,17.0,44.0,58.0,51.0,9.0,19.0,55.0,55.0,18.0,0.0,0.0,41.0,0.0,28.0,11.0,38.0,41.0,59.0,32.0,43.0
131,21.0,4.0,32.0,6.0,64.0,33.0,23.0,31.0,43.0,24.0,43.0,36.0,33.0,60.0,7.0,13.0,0.0,21.0,87.0,80.0,6.0,21.0,34.0,12.0,43.0,10.0,20.0,44.0,43.0,0.0,38.0,20.0,56.0,56.0,14.0,3.0,18.0,23.0,14.0,11.0,51.0,34.0,0.0,59.0,72.0,66.0,62.0,12.0,56.0,7.0,25.0,0.0,4.0,20.0,50.0,55.0,53.0,63.0,21.0,0.0,11.0,19.0,0.0,16.0,13.0,81.0,0.0,33.0,0.0,65.0,15.0,51.0,0.0,15.0,9.0,0.0,64.0,54.0,42.0,0.0,0.0,43.0,9.0,32.0,0.0,12.0,43.0,20.0,21.0,19.0,3.0,36.0,0.0,28.0,0.0,21.0,72.0,13.0,17.0,14.0
132,54.0,46.0,45.0,33.0,49.0,41.0,12.0,33.0,20.0,4.0,5.0,35.0,39.0,48.0,0.0,0.0,4.0,20.0,40.0,69.0,47.0,50.0,43.0,14.0,52.0,23.0,32.0,14.0,48.0,0.0,37.0,0.0,42.0,2.0,9.0,0.0,37.0,72.0,7.0,1.0,38.0,37.0,16.0,23.0,3.0,13.0,39.0,41.0,50.0,16.0,14.0,0.0,57.0,4.0,40.0,19.0,22.0,23.0,43.0,26.0,14.0,43.0,0.0,45.0,49.0,46.0,0.0,10.0,45.0,65.0,77.0,49.0,4.0,1.0,26.0,19.0,57.0,17.0,32.0,0.0,37.0,58.0,72.0,22.0,19.0,11.0,70.0,24.0,0.0,0.0,11.0,52.0,31.0,29.0,12.0,0.0,27.0,18.0,27.0,44.0
133,51.0,36.0,0.0,26.0,53.0,54.0,54.0,0.0,66.0,19.0,31.0,30.0,16.0,16.0,24.0,0.0,0.0,63.0,0.0,11.0,13.0,61.0,16.0,20.0,8.0,16.0,41.0,72.0,0.0,0.0,23.0,19.0,54.0,17.0,49.0,0.0,43.0,48.0,25.0,0.0,15.0,18.0,0.0,16.0,37.0,47.0,10.0,39.0,43.0,55.0,49.0,3.0,48.0,44.0,5.0,41.0,64.0,80.0,57.0,21.0,6.0,50.0,9.0,17.0,0.0,27.0,0.0,6.0,12.0,10.0,21.0,43.0,9.0,0.0,30.0,97.0,35.0,28.0,23.0,0.0,0.0,76.0,23.0,68.0,0.0,45.0,18.0,42.0,55.0,9.0,50.0,6.0,0.0,52.0,13.0,0.0,56.0,62.0,38.0,49.0
134,56.0,30.0,0.0,28.0,43.0,45.0,20.0,27.0,58.0,34.0,5.0,21.0,52.0,35.0,0.0,0.0,15.0,46.0,29.0,69.0,20.0,28.0,22.0,37.0,53.0,19.0,14.0,40.0,72.0,0.0,43.0,27.0,8.0,68.0,23.0,0.0,0.0,35.0,16.0,9.0,74.0,18.0,32.0,28.0,33.0,12.0,63.0,27.0,0.0,68.0,5.0,0.0,26.0,13.0,0.0,51.0,33.0,60.0,43.0,58.0,41.0,29.0,55.0,33.0,18.0,51.0,3.0,82.0,0.0,57.0,73.0,20.0,27.0,0.0,17.0,53.0,0.0,12.0,13.0,40.0,45.0,40.0,62.0,25.0,7.0,21.0,39.0,13.0,3.0,1.0,17.0,52.0,0.0,7.0,18.0,32.0,62.0,9.0,23.0,10.0
135,28.0,7.0,0.0,34.0,60.0,39.0,0.0,52.0,10.0,53.0,18.0,22.0,45.0,53.0,0.0,12.0,0.0,10.0,7.0,52.0,2.0,10.0,50.0,27.0,71.0,10.0,45.0,36.0,52.0,6.0,44.0,7.0,35.0,45.0,1.0,0.0,29.0,55.0,23.0,3.0,39.0,48.0,0.0,49.0,40.0,53.0,19.0,19.0,14.0,23.0,33.0,0.0,37.0,36.0,38.0,16.0,30.0,65.0,26.0,66.0,67.0,0.0,39.0,12.0,3.0,38.0,24.0,44.0,0.0,10.0,39.0,25.0,69.0,8.0,1.0,67.0,0.0,26.0,55.0,17.0,31.0,65.0,56.0,70.0,58.0,49.0,73.0,52.0,27.0,19.0,8.0,54.0,0.0,49.0,0.0,0.0,25.0,10.0,25.0,33.0
136,71.0,15.0,0.0,0.0,1.0,41.0,34.0,4.0,28.0,66.0,39.0,82.0,17.0,64.0,26.0,0.0,0.0,39.0,26.0,39.0,8.0,28.0,55.0,28.0,92.0,14.0,48.0,19.0,89.0,6.0,32.0,23.0,13.0,6.0,8.0,0.0,25.0,55.0,14.0,4.0,64.0,98.0,12.0,18.0,0.0,47.0,60.0,30.0,52.0,10.0,26.0,51.0,40.0,34.0,73.0,42.0,79.0,58.0,41.0,48.0,38.0,46.0,0.0,10.0,0.0,10.0,25.0,59.0,0.0,30.0,28.0,55.0,2.0,0.0,15.0,84.0,17.0,33.0,47.0,19.0,36.0,67.0,35.0,65.0,27.0,6.0,53.0,70.0,0.0,1.0,0.0,33.0,22.0,4.0,7.0,0.0,29.0,0.0,27.0,9.0
137,82.0,63.0,20.0,59.0,59.0,32.0,0.0,64.0,54.0,33.0,79.0,61.0,44.0,57.0,34.0,0.0,7.0,44.0,45.0,61.0,70.0,36.0,23.0,20.0,73.0,48.0,12.0,43.0,74.0,32.0,4.0,0.0,40.0,0.0,30.0,25.0,28.0,22.0,14.0,6.0,33.0,32.0,5.0,38.0,12.0,28.0,1.0,26.0,4.0,52.0,56.0,6.0,47.0,40.0,36.0,63.0,27.0,19.0,13.0,44.0,50.0,0.0,36.0,1.0,18.0,0.0,15.0,28.0,0.0,8.0,3.0,40.0,0.0,30.0,19.0,60.0,0.0,28.0,37.0,0.0,36.0,77.0,0.0,46.0,17.0,16.0,71.0,11.0,0.0,21.0,14.0,29.0,0.0,7.0,17.0,0.0,67.0,55.0,8.0,50.0
138,56.0,21.0,23.0,38.0,32.0,0.0,0.0,67.0,51.0,23.0,65.0,8.0,38.0,30.0,24.0,0.0,7.0,24.0,24.0,75.0,27.0,83.0,58.0,36.0,52.0,55.0,11.0,22.0,54.0,66.0,43.0,0.0,13.0,26.0,30.0,40.0,0.0,13.0,3.0,7.0,26.0,69.0,9.0,49.0,33.0,53.0,56.0,30.0,33.0,69.0,49.0,2.0,21.0,9.0,65.0,27.0,65.0,0.0,18.0,23.0,36.0,45.0,40.0,8.0,27.0,55.0,0.0,36.0,13.0,36.0,38.0,14.0,26.0,32.0,43.0,7.0,16.0,30.0,11.0,0.0,42.0,83.0,51.0,6.0,6.0,6.0,55.0,44.0,7.0,45.0,26.0,22.0,0.0,0.0,8.0,6.0,53.0,22.0,50.0,18.0
139,59.0,0.0,0.0,47.0,35.0,6.0,26.0,29.0,56.0,44.0,4.0,44.0,35.0,20.0,29.0,3.0,0.0,9.0,39.0,38.0,28.0,33.0,57.0,20.0,0.0,54.0,35.0,28.0,59.0,30.0,51.0,17.0,6.0,8.0,49.0,11.0,0.0,23.0,16.0,35.0,30.0,41.0,14.0,35.0,68.0,57.0,45.0,58.0,34.0,51.0,39.0,2.0,4.0,42.0,57.0,38.0,48.0,19.0,18.0,15.0,1.0,51.0,4.0,13.0,15.0,55.0,0.0,39.0,0.0,23.0,44.0,12.0,36.0,13.0,43.0,48.0,19.0,46.0,16.0,19.0,30.0,59.0,77.0,12.0,39.0,17.0,81.0,42.0,75.0,42.0,3.0,15.0,0.0,23.0,27.0,0.0,60.0,24.0,75.0,46.0
140,72.0,38.0,28.0,51.0,54.0,2.0,0.0,3.0,55.0,23.0,26.0,70.0,44.0,25.0,34.0,3.0,0.0,17.0,0.0,41.0,54.0,66.0,18.0,41.0,10.0,2.0,19.0,49.0,9.0,3.0,20.0,0.0,39.0,8.0,45.0,0.0,0.0,13.0,39.0,10.0,42.0,66.0,14.0,16.0,41.0,22.0,36.0,16.0,3.0,42.0,64.0,26.0,0.0,0.0,46.0,0.0,43.0,32.0,58.0,21.0,33.0,54.0,33.0,65.0,72.0,13.0,38.0,77.0,12.0,63.0,38.0,33.0,0.0,36.0,15.0,56.0,47.0,68.0,31.0,1.0,0.0,80.0,47.0,24.0,38.0,18.0,26.0,54.0,17.0,57.0,0.0,27.0,6.0,65.0,6.0,29.0,36.0,41.0,76.0,16.0
141,86.0,41.0,0.0,0.0,12.0,49.0,0.0,50.0,51.0,57.0,21.0,6.0,7.0,48.0,31.0,33.0,36.0,0.0,0.0,25.0,41.0,64.0,8.0,5.0,51.0,44.0,7.0,0.0,56.0,26.0,4.0,0.0,46.0,71.0,43.0,34.0,20.0,50.0,17.0,44.0,28.0,37.0,14.0,38.0,43.0,36.0,43.0,42.0,22.0,3.0,39.0,41.0,4.0,24.0,19.0,42.0,39.0,71.0,31.0,31.0,0.0,27.0,26.0,52.0,62.0,54.0,3.0,15.0,0.0,49.0,0.0,22.0,46.0,13.0,38.0,62.0,37.0,62.0,50.0,0.0,24.0,14.0,36.0,0.0,2.0,36.0,52.0,67.0,14.0,25.0,38.0,54.0,4.0,16.0,9.0,0.0,41.0,0.0,53.0,14.0
142,66.0,37.0,0.0,0.0,24.0,16.0,30.0,22.0,34.0,50.0,46.0,33.0,52.0,53.0,0.0,42.0,36.0,50.0,32.0,55.0,12.0,32.0,69.0,5.0,64.0,44.0,34.0,44.0,34.0,0.0,37.0,0.0,36.0,8.0,33.0,0.0,6.0,51.0,16.0,11.0,55.0,35.0,34.0,30.0,0.0,75.0,67.0,15.0,37.0,13.0,49.0,6.0,16.0,19.0,26.0,24.0,36.0,24.0,51.0,20.0,0.0,45.0,30.0,3.0,57.0,14.0,0.0,37.0,30.0,14.0,22.0,64.0,0.0,0.0,35.0,33.0,11.0,45.0,41.0,0.0,39.0,58.0,0.0,0.0,0.0,17.0,56.0,54.0,60.0,29.0,30.0,20.0,0.0,0.0,21.0,0.0,64.0,33.0,54.0,54.0
143,32.0,4.0,23.0,51.0,0.0,29.0,5.0,45.0,30.0,58.0,8.0,47.0,16.0,7.0,21.0,0.0,19.0,42.0,0.0,75.0,40.0,33.0,50.0,3.0,0.0,1.0,19.0,36.0,80.0,22.0,42.0,0.0,17.0,31.0,16.0,0.0,41.0,37.0,39.0,13.0,87.0,42.0,29.0,43.0,0.0,48.0,47.0,52.0,59.0,65.0,10.0,36.0,22.0,20.0,48.0,34.0,8.0,4.0,48.0,27.0,26.0,0.0,48.0,50.0,61.0,41.0,0.0,17.0,5.0,65.0,0.0,82.0,43.0,0.0,35.0,11.0,21.0,34.0,38.0,0.0,39.0,22.0,59.0,9.0,33.0,29.0,16.0,63.0,15.0,0.0,6.0,17.0,35.0,38.0,23.0,37.0,53.0,7.0,38.0,51.0
144,20.0,25.0,9.0,17.0,15.0,51.0,0.0,1.0,30.0,23.0,30.0,34.0,65.0,34.0,5.0,5.0,19.0,41.0,0.0,51.0,61.0,49.0,55.0,36.0,38.0,21.0,0.0,41.0,13.0,13.0,34.0,0.0,20.0,43.0,45.0,0.0,0.0,46.0,35.0,33.0,42.0,59.0,33.0,35.0,32.0,50.0,37.0,29.0,37.0,22.0,18.0,26.0,32.0,0.0,12.0,0.0,30.0,54.0,31.0,30.0,24.0,20.0,15.0,36.0,38.0,18.0,5.0,30.0,0.0,52.0,32.0,42.0,35.0,0.0,16.0,20.0,12.0,19.0,11.0,7.0,0.0,51.0,37.0,32.0,25.0,7.0,43.0,34.0,14.0,11.0,17.0,28.0,6.0,29.0,14.0,22.0,58.0,32.0,29.0,59.0
145,38.0,16.0,12.0,34.0,60.0,46.0,23.0,0.0,37.0,13.0,4.0,52.0,26.0,48.0,11.0,0.0,0.0,20.0,0.0,30.0,39.0,30.0,21.0,27.0,39.0,15.0,1.0,38.0,47.0,14.0,31.0,29.0,10.0,36.0,37.0,0.0,0.0,33.0,20.0,31.0,65.0,47.0,23.0,18.0,32.0,26.0,28.0,23.0,12.0,60.0,0.0,27.0,37.0,15.0,67.0,15.0,33.0,46.0,11.0,7.0,18.0,27.0,20.0,68.0,30.0,36.0,0.0,43.0,0.0,38.0,62.0,40.0,26.0,0.0,12.0,40.0,7.0,9.0,24.0,3.0,0.0,68.0,23.0,23.0,17.0,8.0,20.0,23.0,18.0,26.0,15.0,26.0,23.0,31.0,0.0,11.0,25.0,36.0,41.0,42.0
146,0.0,29.0,8.0,5.0,14.0,40.0,38.0,0.0,34.0,51.0,0.0,18.0,44.0,25.0,5.0,16.0,0.0,23.0,0.0,67.0,25.0,68.0,16.0,60.0,58.0,69.0,80.0,55.0,51.0,39.0,25.0,0.0,8.0,51.0,35.0,40.0,0.0,71.0,31.0,36.0,43.0,45.0,11.0,17.0,0.0,25.0,11.0,16.0,54.0,45.0,0.0,10.0,31.0,0.0,83.0,57.0,25.0,41.0,61.0,19.0,31.0,41.0,0.0,54.0,35.0,30.0,0.0,66.0,1.0,29.0,52.0,37.0,23.0,8.0,16.0,41.0,0.0,15.0,0.0,1.0,0.0,65.0,30.0,4.0,17.0,4.0,34.0,13.0,26.0,19.0,11.0,4.0,10.0,15.0,5.0,50.0,33.0,47.0,71.0,33.0
147,66.0,33.0,18.0,34.0,38.0,38.0,35.0,0.0,30.0,6.0,0.0,35.0,53.0,35.0,15.0,18.0,0.0,32.0,0.0,27.0,56.0,37.0,25.0,13.0,77.0,18.0,27.0,43.0,60.0,36.0,0.0,10.0,11.0,50.0,62.0,0.0,0.0,53.0,33.0,11.0,50.0,45.0,25.0,19.0,13.0,20.0,51.0,42.0,7.0,5.0,53.0,0.0,49.0,0.0,58.0,39.0,30.0,42.0,49.0,36.0,17.0,0.0,0.0,57.0,29.0,27.0,0.0,0.0,0.0,28.0,7.0,71.0,42.0,0.0,20.0,30.0,1.0,4.0,32.0,16.0,0.0,89.0,16.0,25.0,22.0,5.0,68.0,69.0,23.0,11.0,0.0,64.0,21.0,53.0,12.0,9.0,8.0,37.0,36.0,39.0
148,85.0,25.0,7.0,10.0,10.0,10.0,20.0,1.0,55.0,0.0,0.0,28.0,64.0,10.0,0.0,65.0,0.0,30.0,5.0,24.0,55.0,28.0,26.0,54.0,78.0,20.0,2.0,49.0,33.0,8.0,40.0,6.0,0.0,33.0,13.0,0.0,0.0,0.0,32.0,56.0,51.0,43.0,5.0,34.0,99.0,21.0,26.0,36.0,0.0,0.0,59.0,24.0,32.0,0.0,81.0,29.0,24.0,28.0,44.0,16.0,7.0,20.0,0.0,54.0,30.0,35.0,20.0,25.0,0.0,36.0,20.0,58.0,0.0,0.0,18.0,47.0,23.0,24.0,62.0,21.0,0.0,96.0,26.0,61.0,11.0,10.0,64.0,85.0,27.0,28.0,19.0,23.0,0.0,25.0,0.0,58.0,50.0,11.0,31.0,43.0
149,5.0,59.0,1.0,36.0,0.0,47.0,13.0,5.0,52.0,29.0,8.0,62.0,58.0,29.0,22.0,41.0,0.0,11.0,2.0,94.0,34.0,48.0,13.0,3.0,39.0,7.0,3.0,38.0,28.0,13.0,0.0,3.0,4.0,18.0,6.0,0.0,17.0,19.0,0.0,47.0,55.0,94.0,38.0,11.0,23.0,47.0,23.0,15.0,7.0,25.0,15.0,8.0,0.0,0.0,64.0,67.0,47.0,20.0,19.0,23.0,33.0,0.0,83.0,60.0,19.0,10.0,29.0,55.0,0.0,37.0,35.0,56.0,10.0,4.0,27.0,29.0,16.0,7.0,11.0,45.0,45.0,88.0,38.0,8.0,3.0,8.0,71.0,84.0,53.0,33.0,0.0,51.0,5.0,50.0,0.0,52.0,55.0,23.0,18.0,32.0
150,27.0,16.0,35.0,5.0,4.0,90.0,0.0,49.0,65.0,12.0,0.0,63.0,64.0,41.0,20.0,19.0,0.0,42.0,8.0,70.0,68.0,39.0,46.0,10.0,41.0,3.0,56.0,29.0,71.0,0.0,16.0,3.0,4.0,61.0,56.0,0.0,22.0,23.0,0.0,43.0,53.0,65.0,8.0,0.0,32.0,53.0,10.0,13.0,0.0,13.0,6.0,43.0,30.0,20.0,44.0,17.0,46.0,30.0,0.0,25.0,0.0,0.0,4.0,27.0,32.0,37.0,0.0,30.0,19.0,76.0,12.0,24.0,5.0,0.0,10.0,13.0,38.0,53.0,30.0,47.0,14.0,54.0,78.0,43.0,9.0,25.0,62.0,53.0,20.0,1.0,0.0,49.0,0.0,33.0,5.0,37.0,55.0,52.0,40.0,40.0
151,27.0,10.0,35.0,0.0,65.0,44.0,15.0,41.0,46.0,25.0,52.0,40.0,44.0,73.0,9.0,11.0,0.0,24.0,82.0,75.0,12.0,21.0,36.0,13.0,44.0,14.0,21.0,46.0,59.0,3.0,45.0,18.0,68.0,54.0,20.0,0.0,18.0,29.0,9.0,8.0,59.0,43.0,1.0,60.0,45.0,64.0,76.0,5.0,44.0,10.0,30.0,0.0,1.0,20.0,48.0,56.0,53.0,61.0,8.0,0.0,16.0,26.0,0.0,25.0,15.0,79.0,0.0,31.0,0.0,75.0,14.0,48.0,0.0,11.0,7.0,0.0,59.0,56.0,54.0,0.0,0.0,50.0,16.0,26.0,0.0,13.0,45.0,28.0,13.0,19.0,6.0,44.0,0.0,31.0,0.0,14.0,82.0,7.0,14.0,27.0
152,66.0,48.0,39.0,26.0,56.0,43.0,7.0,33.0,31.0,20.0,6.0,38.0,39.0,48.0,0.0,0.0,2.0,20.0,38.0,40.0,46.0,58.0,57.0,16.0,54.0,18.0,27.0,11.0,63.0,0.0,29.0,0.0,46.0,0.0,14.0,0.0,31.0,83.0,14.0,0.0,24.0,45.0,21.0,16.0,0.0,22.0,42.0,36.0,48.0,30.0,15.0,0.0,55.0,4.0,37.0,14.0,23.0,27.0,48.0,27.0,13.0,42.0,0.0,49.0,52.0,49.0,0.0,4.0,44.0,68.0,79.0,52.0,0.0,0.0,20.0,17.0,57.0,19.0,35.0,1.0,33.0,51.0,77.0,11.0,20.0,11.0,91.0,16.0,0.0,0.0,5.0,55.0,29.0,30.0,6.0,0.0,37.0,24.0,27.0,44.0
153,54.0,32.0,0.0,19.0,61.0,59.0,58.0,0.0,72.0,26.0,25.0,34.0,23.0,25.0,22.0,0.0,0.0,67.0,0.0,7.0,14.0,60.0,21.0,23.0,11.0,15.0,39.0,69.0,1.0,0.0,22.0,16.0,53.0,9.0,50.0,0.0,46.0,52.0,25.0,0.0,18.0,26.0,0.0,22.0,26.0,41.0,5.0,51.0,48.0,61.0,52.0,0.0,59.0,41.0,9.0,41.0,64.0,81.0,48.0,24.0,1.0,47.0,0.0,18.0,3.0,24.0,0.0,0.0,12.0,15.0,22.0,42.0,10.0,0.0,45.0,101.0,31.0,12.0,22.0,0.0,0.0,77.0,30.0,55.0,0.0,47.0,31.0,41.0,53.0,13.0,58.0,14.0,0.0,58.0,15.0,0.0,63.0,62.0,42.0,49.0
154,54.0,37.0,0.0,19.0,40.0,42.0,19.0,27.0,72.0,39.0,0.0,26.0,59.0,29.0,0.0,0.0,14.0,58.0,26.0,79.0,32.0,34.0,20.0,41.0,57.0,25.0,0.0,43.0,75.0,0.0,0.0,25.0,9.0,66.0,26.0,0.0,0.0,38.0,11.0,15.0,65.0,17.0,30.0,29.0,22.0,13.0,57.0,28.0,0.0,72.0,8.0,0.0,30.0,13.0,0.0,53.0,27.0,59.0,54.0,61.0,31.0,29.0,46.0,38.0,21.0,65.0,0.0,92.0,0.0,64.0,84.0,22.0,22.0,0.0,21.0,64.0,0.0,0.0,19.0,40.0,0.0,30.0,66.0,15.0,8.0,23.0,51.0,10.0,2.0,0.0,20.0,44.0,0.0,13.0,17.0,30.0,74.0,9.0,42.0,7.0
155,35.0,10.0,0.0,39.0,65.0,44.0,0.0,54.0,11.0,59.0,10.0,28.0,48.0,47.0,0.0,15.0,0.0,15.0,2.0,72.0,1.0,7.0,49.0,23.0,78.0,11.0,40.0,40.0,61.0,1.0,50.0,4.0,27.0,40.0,12.0,0.0,20.0,56.0,19.0,5.0,31.0,47.0,0.0,57.0,42.0,49.0,26.0,19.0,6.0,36.0,47.0,0.0,38.0,12.0,47.0,16.0,36.0,61.0,24.0,71.0,77.0,0.0,40.0,17.0,9.0,32.0,20.0,53.0,0.0,13.0,41.0,33.0,64.0,6.0,4.0,71.0,0.0,31.0,47.0,15.0,36.0,67.0,54.0,65.0,54.0,42.0,52.0,12.0,24.0,15.0,5.0,57.0,0.0,49.0,0.0,0.0,35.0,10.0,33.0,27.0
156,77.0,18.0,0.0,0.0,0.0,31.0,32.0,7.0,0.0,65.0,43.0,89.0,20.0,59.0,23.0,0.0,0.0,36.0,23.0,41.0,16.0,28.0,52.0,30.0,98.0,23.0,42.0,26.0,103.0,0.0,27.0,20.0,16.0,4.0,2.0,0.0,24.0,59.0,7.0,7.0,74.0,109.0,9.0,15.0,0.0,45.0,54.0,30.0,48.0,16.0,34.0,55.0,34.0,32.0,90.0,41.0,81.0,62.0,33.0,50.0,31.0,49.0,0.0,13.0,0.0,7.0,5.0,64.0,0.0,24.0,30.0,53.0,0.0,0.0,17.0,77.0,13.0,33.0,58.0,20.0,34.0,58.0,47.0,70.0,26.0,0.0,56.0,78.0,0.0,0.0,0.0,38.0,19.0,12.0,6.0,0.0,39.0,0.0,37.0,13.0
157,96.0,61.0,16.0,54.0,55.0,28.0,0.0,71.0,70.0,37.0,79.0,69.0,60.0,50.0,39.0,0.0,6.0,53.0,20.0,63.0,69.0,37.0,34.0,26.0,72.0,45.0,5.0,49.0,75.0,22.0,0.0,0.0,31.0,0.0,32.0,0.0,24.0,25.0,21.0,7.0,39.0,37.0,4.0,44.0,5.0,38.0,0.0,27.0,0.0,54.0,58.0,3.0,37.0,33.0,45.0,63.0,25.0,11.0,6.0,45.0,43.0,5.0,34.0,8.0,27.0,0.0,4.0,32.0,0.0,9.0,4.0,48.0,0.0,29.0,13.0,55.0,0.0,25.0,30.0,0.0,35.0,77.0,0.0,42.0,10.0,17.0,62.0,20.0,0.0,24.0,9.0,31.0,0.0,11.0,11.0,0.0,78.0,57.0,4.0,49.0
158,60.0,22.0,28.0,36.0,31.0,0.0,0.0,63.0,52.0,34.0,63.0,14.0,48.0,22.0,19.0,0.0,6.0,29.0,20.0,73.0,28.0,0.0,64.0,26.0,48.0,65.0,0.0,28.0,62.0,55.0,34.0,0.0,5.0,30.0,28.0,12.0,0.0,14.0,0.0,11.0,29.0,85.0,6.0,52.0,31.0,61.0,53.0,32.0,28.0,80.0,47.0,0.0,30.0,2.0,58.0,27.0,69.0,0.0,7.0,23.0,38.0,45.0,33.0,11.0,38.0,48.0,0.0,40.0,11.0,38.0,38.0,20.0,26.0,32.0,39.0,15.0,13.0,37.0,19.0,0.0,48.0,66.0,49.0,0.0,0.0,4.0,56.0,47.0,0.0,45.0,31.0,21.0,0.0,0.0,7.0,0.0,66.0,25.0,58.0,29.0
159,71.0,7.0,0.0,42.0,39.0,0.0,27.0,36.0,71.0,42.0,1.0,50.0,39.0,29.0,30.0,3.0,0.0,13.0,42.0,36.0,26.0,41.0,59.0,27.0,0.0,58.0,25.0,30.0,60.0,16.0,48.0,15.0,0.0,9.0,68.0,0.0,0.0,30.0,10.0,29.0,28.0,51.0,12.0,38.0,65.0,63.0,45.0,54.0,23.0,46.0,35.0,0.0,0.0,37.0,75.0,37.0,51.0,8.0,13.0,15.0,0.0,57.0,0.0,11.0,24.0,47.0,0.0,44.0,0.0,34.0,41.0,3.0,31.0,11.0,32.0,50.0,17.0,48.0,18.0,15.0,27.0,64.0,69.0,6.0,32.0,17.0,77.0,58.0,81.0,41.0,2.0,23.0,0.0,26.0,28.0,0.0,68.0,26.0,75.0,50.0
160,84.0,36.0,0.0,44.0,55.0,0.0,0.0,2.0,50.0,29.0,20.0,79.0,40.0,22.0,32.0,7.0,0.0,21.0,0.0,36.0,47.0,76.0,17.0,45.0,12.0,4.0,8.0,57.0,7.0,0.0,15.0,0.0,44.0,7.0,53.0,0.0,0.0,9.0,34.0,12.0,30.0,9.0,0.0,9.0,37.0,23.0,43.0,23.0,0.0,46.0,68.0,34.0,0.0,0.0,52.0,0.0,44.0,28.0,60.0,16.0,30.0,57.0,31.0,70.0,80.0,24.0,39.0,81.0,10.0,61.0,43.0,33.0,0.0,23.0,15.0,59.0,46.0,70.0,27.0,0.0,0.0,80.0,49.0,17.0,36.0,19.0,22.0,68.0,13.0,64.0,0.0,29.0,4.0,64.0,4.0,32.0,39.0,34.0,69.0,5.0
161,94.0,36.0,0.0,0.0,5.0,62.0,0.0,0.0,68.0,55.0,15.0,15.0,8.0,43.0,24.0,35.0,36.0,8.0,0.0,25.0,55.0,72.0,3.0,8.0,48.0,46.0,0.0,4.0,50.0,21.0,0.0,0.0,36.0,75.0,41.0,20.0,15.0,54.0,11.0,46.0,38.0,44.0,9.0,39.0,39.0,0.0,39.0,44.0,12.0,9.0,47.0,42.0,0.0,18.0,26.0,42.0,29.0,71.0,35.0,36.0,0.0,30.0,19.0,52.0,77.0,58.0,0.0,19.0,0.0,56.0,0.0,28.0,46.0,11.0,49.0,65.0,34.0,63.0,50.0,0.0,20.0,14.0,30.0,0.0,0.0,37.0,57.0,81.0,16.0,26.0,36.0,57.0,0.0,25.0,5.0,1.0,57.0,0.0,59.0,16.0
162,73.0,42.0,0.0,0.0,28.0,21.0,34.0,23.0,32.0,61.0,41.0,42.0,54.0,49.0,0.0,44.0,34.0,41.0,29.0,57.0,6.0,39.0,61.0,7.0,56.0,47.0,38.0,53.0,35.0,0.0,34.0,0.0,37.0,8.0,37.0,0.0,0.0,53.0,21.0,22.0,61.0,44.0,31.0,37.0,0.0,75.0,67.0,6.0,39.0,19.0,51.0,9.0,18.0,12.0,27.0,25.0,39.0,22.0,50.0,18.0,0.0,41.0,26.0,25.0,57.0,12.0,0.0,44.0,25.0,26.0,26.0,80.0,0.0,0.0,34.0,36.0,11.0,35.0,40.0,0.0,42.0,52.0,0.0,0.0,0.0,19.0,58.0,55.0,60.0,22.0,21.0,15.0,0.0,0.0,20.0,0.0,78.0,39.0,46.0,40.0
163,36.0,8.0,25.0,49.0,1.0,34.0,0.0,42.0,45.0,53.0,3.0,34.0,23.0,0.0,15.0,2.0,2.0,58.0,0.0,94.0,38.0,38.0,54.0,6.0,0.0,0.0,16.0,47.0,75.0,16.0,38.0,0.0,13.0,31.0,25.0,0.0,32.0,46.0,29.0,16.0,88.0,40.0,31.0,44.0,0.0,37.0,48.0,45.0,57.0,73.0,6.0,27.0,28.0,13.0,41.0,36.0,4.0,10.0,51.0,29.0,25.0,0.0,50.0,55.0,74.0,36.0,0.0,24.0,3.0,73.0,5.0,90.0,45.0,0.0,37.0,15.0,15.0,29.0,47.0,0.0,40.0,29.0,54.0,0.0,35.0,25.0,33.0,66.0,16.0,0.0,0.0,30.0,13.0,36.0,20.0,43.0,60.0,2.0,40.0,53.0
164,19.0,21.0,11.0,12.0,16.0,57.0,0.0,0.0,24.0,33.0,22.0,32.0,80.0,30.0,0.0,6.0,0.0,51.0,0.0,59.0,60.0,47.0,50.0,40.0,41.0,28.0,0.0,52.0,25.0,11.0,43.0,0.0,15.0,41.0,49.0,0.0,0.0,57.0,37.0,37.0,34.0,74.0,35.0,35.0,29.0,53.0,29.0,25.0,35.0,29.0,23.0,32.0,23.0,0.0,13.0,3.0,26.0,56.0,31.0,24.0,18.0,15.0,13.0,38.0,36.0,15.0,2.0,23.0,0.0,61.0,33.0,51.0,36.0,0.0,15.0,25.0,14.0,25.0,14.0,10.0,0.0,59.0,47.0,32.0,27.0,0.0,50.0,39.0,14.0,14.0,16.0,33.0,0.0,45.0,11.0,27.0,64.0,29.0,19.0,63.0
165,48.0,11.0,12.0,26.0,65.0,54.0,20.0,0.0,34.0,5.0,0.0,59.0,34.0,57.0,12.0,1.0,0.0,17.0,0.0,36.0,52.0,35.0,17.0,33.0,53.0,14.0,0.0,45.0,43.0,10.0,26.0,28.0,3.0,46.0,38.0,0.0,0.0,41.0,13.0,35.0,68.0,70.0,30.0,24.0,30.0,38.0,34.0,26.0,8.0,60.0,0.0,28.0,36.0,7.0,65.0,18.0,42.0,49.0,10.0,2.0,14.0,26.0,14.0,70.0,27.0,35.0,0.0,56.0,0.0,46.0,74.0,47.0,22.0,0.0,12.0,47.0,6.0,6.0,22.0,5.0,0.0,59.0,25.0,17.0,18.0,14.0,28.0,41.0,19.0,22.0,11.0,24.0,18.0,38.0,0.0,9.0,29.0,41.0,39.0,52.0
166,0.0,24.0,7.0,0.0,21.0,48.0,44.0,0.0,36.0,48.0,0.0,28.0,50.0,26.0,0.0,16.0,0.0,34.0,0.0,74.0,25.0,69.0,18.0,55.0,64.0,61.0,80.0,68.0,52.0,34.0,22.0,0.0,4.0,38.0,36.0,38.0,0.0,79.0,30.0,35.0,56.0,62.0,10.0,17.0,0.0,29.0,5.0,21.0,52.0,13.0,0.0,10.0,28.0,0.0,99.0,63.0,31.0,44.0,59.0,14.0,24.0,48.0,0.0,47.0,46.0,39.0,0.0,71.0,0.0,37.0,54.0,37.0,23.0,5.0,0.0,50.0,0.0,17.0,0.0,3.0,0.0,68.0,34.0,0.0,18.0,5.0,33.0,25.0,28.0,16.0,7.0,10.0,11.0,21.0,1.0,56.0,38.0,40.0,81.0,29.0
167,68.0,40.0,24.0,30.0,37.0,46.0,36.0,0.0,20.0,9.0,0.0,53.0,47.0,25.0,11.0,16.0,0.0,30.0,0.0,36.0,61.0,43.0,27.0,10.0,84.0,20.0,34.0,13.0,59.0,38.0,0.0,8.0,9.0,47.0,55.0,0.0,0.0,62.0,28.0,18.0,53.0,44.0,27.0,25.0,12.0,24.0,49.0,43.0,6.0,14.0,46.0,0.0,45.0,0.0,68.0,47.0,27.0,45.0,53.0,46.0,15.0,0.0,0.0,56.0,34.0,31.0,0.0,7.0,0.0,29.0,6.0,75.0,43.0,0.0,16.0,40.0,2.0,5.0,37.0,18.0,0.0,91.0,26.0,24.0,21.0,5.0,77.0,82.0,18.0,4.0,0.0,67.0,20.0,50.0,11.0,12.0,14.0,33.0,41.0,44.0
168,100.0,21.0,0.0,5.0,14.0,18.0,17.0,0.0,72.0,9.0,0.0,33.0,66.0,0.0,0.0,64.0,0.0,30.0,3.0,21.0,59.0,44.0,29.0,64.0,85.0,26.0,2.0,66.0,33.0,3.0,35.0,5.0,0.0,43.0,13.0,0.0,0.0,7.0,30.0,60.0,56.0,47.0,0.0,8.0,98.0,23.0,33.0,38.0,0.0,0.0,59.0,20.0,33.0,0.0,74.0,35.0,20.0,23.0,40.0,13.0,11.0,25.0,0.0,48.0,30.0,39.0,17.0,29.0,0.0,49.0,18.0,64.0,0.0,0.0,14.0,55.0,24.0,26.0,63.0,28.0,0.0,113.0,34.0,62.0,10.0,7.0,83.0,92.0,33.0,24.0,22.0,27.0,0.0,28.0,0.0,59.0,77.0,21.0,32.0,40.0
169,7.0,51.0,0.0,34.0,0.0,50.0,13.0,0.0,68.0,24.0,2.0,67.0,53.0,32.0,19.0,47.0,0.0,8.0,0.0,85.0,38.0,56.0,17.0,7.0,46.0,3.0,3.0,37.0,24.0,10.0,0.0,2.0,1.0,14.0,16.0,0.0,17.0,26.0,0.0,52.0,54.0,97.0,34.0,20.0,24.0,48.0,15.0,16.0,0.0,35.0,29.0,12.0,2.0,0.0,80.0,73.0,55.0,28.0,18.0,29.0,32.0,5.0,84.0,58.0,14.0,11.0,12.0,48.0,0.0,27.0,37.0,54.0,11.0,2.0,24.0,41.0,20.0,4.0,23.0,49.0,49.0,95.0,42.0,8.0,6.0,13.0,64.0,83.0,55.0,29.0,0.0,45.0,3.0,50.0,0.0,45.0,73.0,17.0,21.0,25.0
170,28.0,12.0,38.0,2.0,6.0,84.0,0.0,40.0,73.0,14.0,0.0,66.0,86.0,40.0,15.0,14.0,0.0,41.0,9.0,60.0,70.0,47.0,40.0,12.0,48.0,0.0,56.0,33.0,74.0,0.0,10.0,2.0,8.0,65.0,58.0,0.0,22.0,28.0,0.0,47.0,56.0,83.0,13.0,0.0,30.0,57.0,16.0,9.0,0.0,20.0,11.0,38.0,30.0,15.0,43.0,14.0,52.0,34.0,0.0,19.0,0.0,0.0,8.0,26.0,32.0,36.0,0.0,27.0,19.0,77.0,24.0,23.0,2.0,0.0,20.0,22.0,42.0,62.0,36.0,45.0,16.0,51.0,82.0,43.0,10.0,24.0,69.0,59.0,23.0,0.0,0.0,63.0,0.0,44.0,0.0,37.0,48.0,58.0,38.0,48.0
171,53.0,0.0,38.0,0.0,60.0,63.0,15.0,33.0,54.0,19.0,51.0,51.0,49.0,83.0,9.0,8.0,0.0,24.0,74.0,76.0,18.0,21.0,50.0,9.0,40.0,11.0,23.0,65.0,73.0,0.0,0.0,17.0,67.0,47.0,29.0,0.0,10.0,25.0,4.0,11.0,57.0,51.0,0.0,61.0,44.0,77.0,75.0,2.0,41.0,28.0,29.0,0.0,0.0,11.0,50.0,61.0,57.0,67.0,13.0,0.0,14.0,27.0,0.0,32.0,17.0,77.0,0.0,39.0,0.0,72.0,13.0,41.0,0.0,9.0,11.0,5.0,64.0,54.0,62.0,0.0,0.0,49.0,11.0,22.0,0.0,20.0,48.0,42.0,15.0,21.0,0.0,49.0,0.0,24.0,0.0,7.0,93.0,9.0,14.0,26.0
172,83.0,39.0,37.0,24.0,73.0,36.0,5.0,27.0,31.0,30.0,2.0,37.0,43.0,54.0,0.0,0.0,0.0,36.0,13.0,37.0,50.0,61.0,63.0,10.0,56.0,23.0,27.0,12.0,69.0,0.0,26.0,0.0,45.0,0.0,18.0,0.0,25.0,93.0,11.0,2.0,32.0,44.0,23.0,22.0,0.0,25.0,51.0,34.0,41.0,37.0,12.0,0.0,52.0,0.0,30.0,23.0,13.0,33.0,43.0,37.0,8.0,42.0,0.0,0.0,65.0,62.0,0.0,19.0,44.0,65.0,80.0,46.0,0.0,0.0,19.0,17.0,61.0,18.0,33.0,0.0,25.0,47.0,80.0,12.0,18.0,13.0,103.0,24.0,1.0,0.0,0.0,51.0,27.0,41.0,6.0,0.0,47.0,17.0,38.0,39.0
173,73.0,22.0,0.0,18.0,56.0,70.0,54.0,0.0,85.0,29.0,27.0,35.0,20.0,20.0,23.0,0.0,0.0,63.0,0.0,19.0,19.0,55.0,28.0,23.0,23.0,11.0,40.0,68.0,0.0,0.0,17.0,15.0,51.0,5.0,47.0,0.0,48.0,58.0,0.0,3.0,12.0,46.0,1.0,31.0,25.0,49.0,5.0,52.0,44.0,73.0,45.0,0.0,59.0,38.0,0.0,40.0,56.0,75.0,58.0,23.0,0.0,46.0,0.0,20.0,4.0,22.0,0.0,9.0,12.0,9.0,20.0,61.0,7.0,0.0,52.0,52.0,33.0,22.0,31.0,0.0,0.0,79.0,31.0,54.0,0.0,43.0,38.0,49.0,54.0,11.0,53.0,7.0,0.0,61.0,12.0,0.0,66.0,0.0,0.0,45.0
174,69.0,25.0,0.0,19.0,40.0,0.0,25.0,17.0,68.0,45.0,1.0,45.0,61.0,26.0,0.0,0.0,11.0,61.0,20.0,89.0,37.0,36.0,26.0,38.0,60.0,38.0,0.0,43.0,72.0,0.0,0.0,24.0,11.0,60.0,36.0,0.0,0.0,40.0,9.0,12.0,73.0,29.0,30.0,39.0,23.0,0.0,65.0,22.0,0.0,83.0,4.0,0.0,31.0,10.0,0.0,54.0,37.0,71.0,58.0,50.0,33.0,32.0,9.0,42.0,19.0,67.0,0.0,103.0,0.0,76.0,75.0,26.0,23.0,0.0,20.0,79.0,0.0,5.0,23.0,38.0,1.0,27.0,74.0,16.0,15.0,19.0,52.0,23.0,0.0,0.0,17.0,38.0,0.0,18.0,14.0,27.0,68.0,3.0,50.0,17.0
175,41.0,0.0,0.0,39.0,53.0,41.0,0.0,51.0,17.0,48.0,8.0,39.0,49.0,58.0,0.0,16.0,0.0,15.0,0.0,80.0,0.0,0.0,50.0,30.0,81.0,12.0,38.0,41.0,44.0,0.0,53.0,3.0,25.0,49.0,1.0,0.0,11.0,67.0,14.0,16.0,26.0,50.0,0.0,58.0,44.0,44.0,32.0,29.0,9.0,35.0,64.0,0.0,32.0,7.0,45.0,21.0,46.0,58.0,24.0,65.0,75.0,7.0,43.0,23.0,23.0,31.0,19.0,58.0,0.0,19.0,34.0,37.0,57.0,4.0,9.0,95.0,0.0,38.0,50.0,19.0,38.0,59.0,66.0,46.0,49.0,39.0,58.0,28.0,26.0,15.0,9.0,56.0,0.0,43.0,0.0,0.0,29.0,8.0,44.0,19.0
176,75.0,14.0,1.0,0.0,0.0,22.0,33.0,0.0,0.0,65.0,47.0,99.0,25.0,65.0,23.0,0.0,0.0,41.0,19.0,46.0,20.0,32.0,64.0,29.0,105.0,16.0,44.0,35.0,114.0,0.0,21.0,18.0,15.0,0.0,0.0,0.0,24.0,71.0,9.0,4.0,73.0,104.0,12.0,10.0,2.0,34.0,46.0,27.0,42.0,12.0,19.0,63.0,37.0,24.0,56.0,39.0,85.0,71.0,36.0,47.0,36.0,44.0,0.0,15.0,1.0,3.0,4.0,68.0,0.0,23.0,24.0,59.0,0.0,0.0,20.0,93.0,4.0,39.0,66.0,20.0,40.0,68.0,47.0,71.0,26.0,0.0,53.0,90.0,0.0,0.0,0.0,50.0,17.0,9.0,5.0,0.0,39.0,0.0,37.0,17.0
177,33.0,59.0,17.0,54.0,61.0,24.0,0.0,76.0,66.0,35.0,81.0,67.0,62.0,46.0,34.0,0.0,4.0,59.0,16.0,66.0,84.0,33.0,28.0,32.0,68.0,47.0,5.0,63.0,77.0,19.0,0.0,0.0,6.0,0.0,39.0,0.0,21.0,33.0,21.0,12.0,44.0,35.0,6.0,45.0,6.0,40.0,0.0,20.0,0.0,47.0,56.0,5.0,29.0,30.0,45.0,58.0,30.0,8.0,5.0,3.0,43.0,0.0,24.0,8.0,38.0,0.0,3.0,46.0,0.0,5.0,0.0,57.0,0.0,28.0,18.0,68.0,0.0,26.0,37.0,0.0,29.0,91.0,0.0,38.0,13.0,12.0,56.0,10.0,0.0,29.0,4.0,30.0,0.0,13.0,10.0,0.0,73.0,70.0,23.0,37.0
178,58.0,19.0,26.0,38.0,32.0,0.0,0.0,63.0,56.0,31.0,64.0,9.0,42.0,30.0,19.0,0.0,4.0,26.0,16.0,75.0,40.0,0.0,71.0,27.0,64.0,64.0,0.0,36.0,63.0,53.0,37.0,0.0,0.0,18.0,30.0,11.0,0.0,11.0,0.0,11.0,35.0,78.0,8.0,39.0,34.0,55.0,48.0,24.0,26.0,79.0,37.0,0.0,27.0,0.0,66.0,38.0,69.0,0.0,5.0,17.0,34.0,50.0,47.0,23.0,36.0,49.0,0.0,33.0,9.0,38.0,31.0,29.0,21.0,28.0,44.0,26.0,11.0,39.0,20.0,0.0,50.0,72.0,59.0,0.0,1.0,0.0,70.0,46.0,3.0,48.0,28.0,25.0,0.0,0.0,6.0,0.0,79.0,22.0,57.0,28.0
179,96.0,2.0,0.0,35.0,31.0,0.0,27.0,33.0,75.0,56.0,0.0,52.0,44.0,33.0,31.0,4.0,0.0,10.0,38.0,35.0,35.0,51.0,70.0,29.0,0.0,58.0,26.0,37.0,56.0,8.0,52.0,13.0,0.0,0.0,63.0,0.0,0.0,42.0,7.0,45.0,25.0,54.0,9.0,44.0,70.0,64.0,49.0,50.0,21.0,42.0,28.0,0.0,0.0,34.0,86.0,33.0,56.0,0.0,11.0,21.0,0.0,49.0,0.0,26.0,40.0,54.0,0.0,50.0,0.0,40.0,29.0,0.0,28.0,9.0,38.0,60.0,13.0,62.0,29.0,16.0,27.0,72.0,56.0,0.0,29.0,12.0,7.0,54.0,87.0,42.0,0.0,17.0,0.0,21.0,14.0,0.0,72.0,24.0,78.0,58.0
180,103.0,43.0,0.0,47.0,49.0,5.0,0.0,0.0,64.0,33.0,17.0,85.0,40.0,21.0,25.0,9.0,0.0,23.0,0.0,35.0,57.0,89.0,24.0,47.0,23.0,12.0,2.0,67.0,15.0,0.0,18.0,0.0,37.0,0.0,47.0,0.0,0.0,6.0,37.0,22.0,43.0,9.0,0.0,19.0,42.0,19.0,45.0,22.0,0.0,40.0,57.0,36.0,0.0,0.0,30.0,0.0,41.0,34.0,62.0,9.0,32.0,56.0,30.0,77.0,88.0,23.0,38.0,81.0,8.0,75.0,28.0,34.0,0.0,22.0,12.0,72.0,42.0,76.0,35.0,0.0,0.0,87.0,60.0,9.0,37.0,17.0,30.0,84.0,15.0,66.0,0.0,37.0,3.0,72.0,0.0,38.0,44.0,28.0,83.0,5.0
181,50.0,37.0,0.0,0.0,0.0,0.0,0.0,0.0,68.0,58.0,14.0,18.0,6.0,46.0,24.0,34.0,34.0,3.0,0.0,21.0,63.0,84.0,8.0,10.0,55.0,47.0,0.0,15.0,38.0,17.0,0.0,0.0,42.0,68.0,55.0,9.0,7.0,57.0,12.0,54.0,46.0,38.0,0.0,42.0,42.0,0.0,51.0,35.0,14.0,19.0,36.0,31.0,0.0,16.0,24.0,37.0,27.0,65.0,28.0,38.0,0.0,35.0,22.0,66.0,77.0,64.0,0.0,26.0,0.0,65.0,0.0,33.0,42.0,9.0,53.0,76.0,45.0,70.0,58.0,0.0,18.0,10.0,33.0,0.0,4.0,40.0,62.0,93.0,11.0,22.0,36.0,52.0,0.0,35.0,5.0,4.0,68.0,0.0,50.0,10.0
182,75.0,38.0,0.0,0.0,19.0,30.0,31.0,14.0,34.0,65.0,39.0,44.0,70.0,47.0,0.0,49.0,32.0,48.0,29.0,55.0,2.0,47.0,64.0,2.0,49.0,48.0,41.0,60.0,47.0,0.0,35.0,0.0,36.0,3.0,41.0,0.0,0.0,63.0,17.0,30.0,70.0,59.0,37.0,39.0,2.0,80.0,61.0,0.0,40.0,17.0,58.0,0.0,13.0,8.0,23.0,22.0,38.0,37.0,51.0,17.0,0.0,37.0,24.0,27.0,67.0,1.0,0.0,45.0,24.0,34.0,17.0,85.0,0.0,0.0,34.0,47.0,12.0,39.0,50.0,0.0,44.0,49.0,0.0,0.0,0.0,12.0,61.0,60.0,62.0,22.0,16.0,11.0,0.0,4.0,16.0,2.0,77.0,47.0,41.0,36.0
183,41.0,4.0,24.0,42.0,0.0,29.0,0.0,40.0,33.0,55.0,2.0,39.0,31.0,0.0,8.0,4.0,0.0,53.0,0.0,116.0,38.0,36.0,52.0,13.0,0.0,0.0,20.0,56.0,79.0,12.0,39.0,0.0,8.0,28.0,21.0,0.0,12.0,65.0,31.0,11.0,86.0,47.0,41.0,38.0,2.0,40.0,46.0,39.0,60.0,66.0,2.0,31.0,25.0,11.0,45.0,36.0,13.0,8.0,52.0,29.0,23.0,0.0,47.0,55.0,81.0,37.0,0.0,27.0,2.0,65.0,0.0,95.0,39.0,0.0,43.0,31.0,8.0,33.0,56.0,0.0,37.0,32.0,50.0,0.0,32.0,22.0,30.0,84.0,20.0,0.0,0.0,30.0,12.0,36.0,19.0,42.0,58.0,0.0,44.0,47.0
184,39.0,13.0,8.0,5.0,7.0,71.0,2.0,0.0,36.0,36.0,17.0,34.0,77.0,18.0,0.0,6.0,0.0,49.0,0.0,66.0,65.0,47.0,51.0,46.0,30.0,19.0,0.0,53.0,30.0,7.0,45.0,0.0,12.0,41.0,42.0,0.0,0.0,64.0,37.0,35.0,39.0,78.0,33.0,34.0,26.0,55.0,26.0,27.0,32.0,21.0,19.0,25.0,22.0,0.0,26.0,0.0,29.0,57.0,40.0,18.0,19.0,18.0,12.0,56.0,36.0,12.0,0.0,15.0,0.0,69.0,18.0,72.0,31.0,0.0,15.0,32.0,13.0,22.0,15.0,12.0,0.0,56.0,49.0,30.0,32.0,0.0,53.0,47.0,19.0,14.0,17.0,46.0,0.0,42.0,3.0,36.0,66.0,27.0,22.0,76.0
185,61.0,5.0,19.0,18.0,62.0,58.0,15.0,0.0,25.0,3.0,0.0,74.0,49.0,68.0,11.0,0.0,0.0,29.0,0.0,44.0,66.0,31.0,31.0,40.0,62.0,22.0,0.0,64.0,35.0,2.0,27.0,1.0,0.0,42.0,28.0,0.0,0.0,45.0,12.0,31.0,65.0,60.0,29.0,19.0,31.0,39.0,42.0,28.0,3.0,54.0,0.0,21.0,34.0,0.0,65.0,14.0,41.0,38.0,12.0,0.0,10.0,18.0,11.0,79.0,15.0,35.0,0.0,61.0,0.0,59.0,54.0,52.0,23.0,0.0,11.0,55.0,6.0,14.0,28.0,8.0,0.0,56.0,27.0,11.0,15.0,17.0,31.0,42.0,21.0,13.0,8.0,17.0,17.0,34.0,0.0,5.0,21.0,33.0,44.0,49.0
186,15.0,18.0,9.0,0.0,15.0,58.0,40.0,0.0,38.0,45.0,0.0,23.0,51.0,22.0,0.0,13.0,0.0,32.0,0.0,68.0,35.0,60.0,24.0,61.0,72.0,63.0,77.0,78.0,48.0,33.0,20.0,0.0,0.0,40.0,25.0,28.0,0.0,80.0,26.0,28.0,50.0,56.0,16.0,26.0,0.0,31.0,4.0,22.0,55.0,9.0,0.0,8.0,34.0,0.0,108.0,58.0,27.0,46.0,61.0,20.0,17.0,44.0,0.0,45.0,44.0,40.0,0.0,71.0,0.0,33.0,36.0,42.0,14.0,3.0,0.0,51.0,0.0,21.0,3.0,0.0,0.0,83.0,50.0,0.0,16.0,3.0,40.0,18.0,30.0,13.0,2.0,20.0,11.0,34.0,0.0,62.0,31.0,38.0,76.0,26.0
187,80.0,33.0,20.0,23.0,33.0,44.0,47.0,0.0,38.0,5.0,0.0,47.0,54.0,24.0,9.0,12.0,0.0,31.0,0.0,44.0,61.0,44.0,34.0,6.0,102.0,24.0,32.0,18.0,60.0,28.0,0.0,1.0,0.0,45.0,51.0,0.0,0.0,61.0,29.0,34.0,51.0,41.0,18.0,17.0,14.0,28.0,50.0,44.0,5.0,15.0,42.0,0.0,46.0,0.0,74.0,50.0,23.0,41.0,50.0,46.0,8.0,0.0,0.0,56.0,24.0,30.0,0.0,6.0,0.0,23.0,0.0,71.0,37.0,0.0,16.0,45.0,0.0,2.0,36.0,27.0,0.0,81.0,35.0,28.0,16.0,0.0,81.0,64.0,19.0,0.0,0.0,74.0,19.0,52.0,5.0,13.0,7.0,38.0,34.0,0.0
188,103.0,23.0,0.0,0.0,9.0,27.0,17.0,0.0,81.0,10.0,0.0,34.0,67.0,0.0,0.0,61.0,0.0,28.0,0.0,17.0,74.0,47.0,33.0,70.0,99.0,28.0,0.0,66.0,38.0,0.0,37.0,0.0,0.0,41.0,5.0,0.0,0.0,0.0,29.0,62.0,59.0,37.0,0.0,0.0,110.0,0.0,33.0,32.0,0.0,0.0,63.0,17.0,34.0,0.0,75.0,44.0,31.0,36.0,46.0,16.0,5.0,18.0,0.0,48.0,23.0,43.0,12.0,29.0,0.0,40.0,20.0,53.0,0.0,0.0,13.0,48.0,32.0,28.0,65.0,32.0,0.0,132.0,37.0,54.0,8.0,0.0,99.0,110.0,34.0,14.0,20.0,24.0,0.0,27.0,0.0,55.0,67.0,20.0,18.0,32.0
189,16.0,48.0,0.0,31.0,0.0,48.0,14.0,0.0,79.0,15.0,0.0,83.0,58.0,28.0,19.0,52.0,0.0,11.0,0.0,93.0,47.0,64.0,21.0,2.0,55.0,3.0,0.0,39.0,32.0,8.0,0.0,0.0,0.0,6.0,0.0,0.0,13.0,26.0,0.0,50.0,19.0,102.0,34.0,16.0,24.0,58.0,11.0,18.0,0.0,30.0,30.0,14.0,2.0,0.0,73.0,69.0,46.0,32.0,14.0,25.0,40.0,0.0,78.0,55.0,13.0,18.0,10.0,62.0,0.0,30.0,28.0,55.0,8.0,0.0,24.0,45.0,20.0,0.0,36.0,49.0,56.0,85.0,42.0,1.0,8.0,5.0,75.0,100.0,53.0,33.0,0.0,43.0,1.0,51.0,0.0,38.0,65.0,13.0,38.0,34.0
190,45.0,2.0,42.0,0.0,0.0,22.0,0.0,40.0,35.0,14.0,0.0,78.0,101.0,53.0,11.0,9.0,0.0,38.0,6.0,68.0,79.0,53.0,50.0,11.0,59.0,0.0,50.0,51.0,72.0,0.0,14.0,0.0,11.0,66.0,45.0,0.0,14.0,23.0,0.0,44.0,62.0,94.0,14.0,0.0,35.0,59.0,19.0,10.0,0.0,13.0,6.0,35.0,30.0,6.0,39.0,18.0,54.0,39.0,0.0,21.0,0.0,0.0,5.0,31.0,21.0,40.0,0.0,34.0,18.0,80.0,28.0,19.0,0.0,0.0,22.0,15.0,44.0,63.0,50.0,49.0,21.0,50.0,90.0,39.0,9.0,25.0,83.0,53.0,27.0,0.0,0.0,73.0,0.0,43.0,0.0,34.0,72.0,53.0,40.0,49.0
191,77.0,0.0,41.0,0.0,55.0,63.0,11.0,35.0,58.0,33.0,48.0,52.0,57.0,91.0,12.0,3.0,0.0,0.0,72.0,73.0,27.0,25.0,55.0,8.0,41.0,12.0,28.0,66.0,89.0,0.0,0.0,3.0,64.0,39.0,19.0,0.0,4.0,31.0,5.0,7.0,68.0,56.0,1.0,62.0,42.0,89.0,75.0,0.0,45.0,34.0,23.0,0.0,0.0,0.0,46.0,55.0,55.0,70.0,10.0,0.0,17.0,16.0,0.0,39.0,22.0,76.0,0.0,46.0,0.0,88.0,4.0,47.0,0.0,8.0,15.0,0.0,70.0,67.0,71.0,0.0,4.0,45.0,16.0,25.0,0.0,15.0,55.0,44.0,7.0,10.0,0.0,48.0,0.0,20.0,0.0,4.0,99.0,11.0,13.0,25.0
192,103.0,37.0,34.0,26.0,73.0,48.0,0.0,26.0,33.0,37.0,0.0,33.0,40.0,52.0,0.0,0.0,0.0,38.0,11.0,34.0,45.0,66.0,74.0,20.0,53.0,33.0,24.0,14.0,69.0,0.0,26.0,0.0,55.0,0.0,12.0,0.0,17.0,94.0,10.0,0.0,38.0,46.0,24.0,21.0,0.0,20.0,62.0,41.0,43.0,34.0,5.0,0.0,2.0,0.0,26.0,17.0,8.0,34.0,50.0,37.0,6.0,34.0,1.0,1.0,60.0,59.0,0.0,27.0,44.0,70.0,82.0,57.0,0.0,0.0,27.0,8.0,58.0,19.0,36.0,0.0,29.0,58.0,80.0,0.0,16.0,17.0,107.0,23.0,0.0,0.0,0.0,60.0,25.0,47.0,4.0,0.0,47.0,15.0,42.0,47.0
193,88.0,13.0,0.0,18.0,57.0,74.0,61.0,0.0,90.0,28.0,34.0,40.0,22.0,12.0,23.0,0.0,0.0,65.0,0.0,28.0,15.0,58.0,31.0,27.0,24.0,17.0,35.0,69.0,0.0,0.0,21.0,6.0,43.0,2.0,38.0,0.0,34.0,51.0,0.0,0.0,20.0,48.0,2.0,40.0,22.0,47.0,7.0,51.0,46.0,71.0,36.0,0.0,66.0,38.0,0.0,33.0,56.0,75.0,58.0,29.0,0.0,36.0,4.0,20.0,0.0,20.0,0.0,15.0,8.0,11.0,17.0,63.0,0.0,0.0,55.0,63.0,35.0,32.0,36.0,0.0,4.0,85.0,33.0,52.0,0.0,43.0,39.0,67.0,46.0,7.0,51.0,1.0,0.0,59.0,10.0,0.0,58.0,0.0,0.0,50.0
194,81.0,22.0,0.0,13.0,32.0,5.0,26.0,12.0,81.0,56.0,0.0,41.0,51.0,35.0,0.0,0.0,1.0,72.0,15.0,90.0,27.0,25.0,39.0,29.0,56.0,44.0,0.0,45.0,64.0,0.0,6.0,18.0,5.0,59.0,31.0,0.0,0.0,55.0,13.0,6.0,75.0,30.0,30.0,41.0,14.0,0.0,64.0,19.0,0.0,88.0,0.0,0.0,25.0,7.0,0.0,57.0,43.0,62.0,60.0,52.0,22.0,36.0,13.0,53.0,24.0,68.0,0.0,109.0,0.0,80.0,64.0,31.0,18.0,0.0,27.0,93.0,0.0,4.0,27.0,38.0,5.0,31.0,87.0,14.0,20.0,16.0,45.0,33.0,0.0,0.0,15.0,46.0,0.0,14.0,12.0,27.0,58.0,0.0,48.0,13.0
195,50.0,0.0,0.0,42.0,51.0,44.0,0.0,52.0,20.0,56.0,0.0,45.0,48.0,57.0,1.0,9.0,0.0,19.0,0.0,82.0,0.0,0.0,58.0,28.0,73.0,10.0,32.0,59.0,39.0,0.0,54.0,0.0,27.0,49.0,0.0,0.0,2.0,71.0,14.0,23.0,26.0,53.0,0.0,60.0,39.0,42.0,31.0,30.0,10.0,30.0,72.0,1.0,38.0,1.0,53.0,11.0,42.0,31.0,22.0,64.0,67.0,2.0,44.0,22.0,18.0,33.0,18.0,51.0,0.0,18.0,23.0,37.0,49.0,0.0,12.0,106.0,0.0,42.0,51.0,19.0,42.0,51.0,64.0,40.0,50.0,34.0,55.0,38.0,19.0,7.0,5.0,52.0,0.0,36.0,0.0,0.0,22.0,9.0,42.0,17.0
196,3.0,10.0,2.0,0.0,0.0,22.0,29.0,0.0,11.0,72.0,38.0,108.0,18.0,64.0,24.0,0.0,0.0,45.0,14.0,48.0,35.0,23.0,66.0,28.0,107.0,18.0,41.0,44.0,127.0,0.0,23.0,13.0,8.0,0.0,0.0,0.0,16.0,75.0,11.0,0.0,88.0,115.0,13.0,10.0,0.0,44.0,44.0,27.0,38.0,11.0,12.0,62.0,41.0,23.0,57.0,36.0,81.0,65.0,41.0,50.0,38.0,29.0,5.0,24.0,0.0,0.0,4.0,70.0,0.0,32.0,12.0,58.0,0.0,0.0,24.0,103.0,4.0,48.0,64.0,15.0,43.0,62.0,51.0,67.0,28.0,0.0,65.0,103.0,0.0,0.0,0.0,52.0,15.0,10.0,3.0,0.0,38.0,4.0,44.0,27.0
197,41.0,56.0,15.0,48.0,52.0,26.0,0.0,75.0,75.0,36.0,73.0,78.0,60.0,52.0,37.0,0.0,0.0,63.0,11.0,55.0,90.0,31.0,26.0,43.0,77.0,60.0,0.0,72.0,77.0,18.0,0.0,0.0,0.0,0.0,34.0,0.0,12.0,37.0,22.0,16.0,47.0,36.0,9.0,38.0,0.0,30.0,0.0,16.0,0.0,46.0,53.0,4.0,32.0,29.0,55.0,54.0,40.0,0.0,5.0,2.0,37.0,0.0,30.0,10.0,44.0,0.0,2.0,36.0,0.0,6.0,0.0,71.0,0.0,11.0,23.0,62.0,0.0,27.0,38.0,0.0,24.0,89.0,0.0,39.0,13.0,13.0,53.0,26.0,0.0,32.0,0.0,31.0,0.0,19.0,8.0,0.0,85.0,74.0,20.0,43.0
198,53.0,11.0,30.0,43.0,36.0,0.0,0.0,51.0,63.0,31.0,60.0,15.0,36.0,21.0,20.0,0.0,0.0,26.0,13.0,65.0,53.0,0.0,64.0,31.0,73.0,73.0,0.0,46.0,57.0,53.0,36.0,0.0,0.0,18.0,35.0,8.0,0.0,14.0,1.0,1.0,39.0,89.0,10.0,47.0,30.0,64.0,58.0,13.0,25.0,80.0,31.0,0.0,30.0,0.0,72.0,30.0,70.0,0.0,4.0,16.0,34.0,44.0,52.0,28.0,37.0,44.0,0.0,27.0,0.0,42.0,26.0,37.0,20.0,12.0,49.0,30.0,9.0,36.0,22.0,0.0,47.0,90.0,65.0,0.0,1.0,0.0,74.0,58.0,0.0,48.0,25.0,24.0,0.0,2.0,4.0,0.0,82.0,18.0,59.0,31.0
199,95.0,0.0,0.0,34.0,30.0,0.0,31.0,29.0,78.0,55.0,0.0,51.0,61.0,25.0,32.0,0.0,0.0,5.0,34.0,29.0,24.0,62.0,66.0,32.0,2.0,64.0,23.0,48.0,64.0,7.0,61.0,7.0,0.0,0.0,64.0,0.0,0.0,47.0,6.0,47.0,25.0,62.0,7.0,45.0,74.0,56.0,55.0,43.0,16.0,37.0,22.0,0.0,0.0,31.0,94.0,38.0,58.0,0.0,5.0,22.0,0.0,36.0,4.0,21.0,32.0,65.0,0.0,66.0,0.0,45.0,22.0,7.0,24.0,0.0,40.0,52.0,19.0,58.0,25.0,13.0,23.0,75.0,58.0,0.0,29.0,12.0,10.0,68.0,85.0,40.0,0.0,26.0,0.0,25.0,12.0,0.0,76.0,29.0,74.0,60.0
200,113.0,40.0,0.0,40.0,0.0,4.0,0.0,0.0,71.0,41.0,14.0,86.0,44.0,31.0,25.0,7.0,0.0,22.0,0.0,24.0,51.0,101.0,20.0,50.0,26.0,7.0,0.0,58.0,18.0,0.0,21.0,0.0,41.0,3.0,47.0,0.0,0.0,13.0,34.0,17.0,51.0,6.0,0.0,21.0,30.0,19.0,39.0,34.0,0.0,28.0,48.0,31.0,0.0,0.0,35.0,0.0,42.0,42.0,64.0,11.0,29.0,48.0,30.0,93.0,83.0,23.0,37.0,78.0,0.0,88.0,25.0,44.0,0.0,9.0,13.0,71.0,46.0,74.0,51.0,0.0,0.0,82.0,71.0,3.0,38.0,2.0,37.0,82.0,15.0,64.0,0.0,34.0,1.0,77.0,0.0,35.0,46.0,30.0,82.0,0.0
201,49.0,34.0,2.0,0.0,0.0,0.0,0.0,0.0,64.0,58.0,8.0,28.0,4.0,48.0,24.0,30.0,22.0,4.0,0.0,27.0,60.0,90.0,24.0,2.0,53.0,49.0,0.0,14.0,30.0,14.0,2.0,0.0,37.0,73.0,53.0,5.0,4.0,49.0,19.0,61.0,47.0,44.0,0.0,43.0,38.0,0.0,60.0,35.0,17.0,14.0,40.0,37.0,0.0,4.0,29.0,38.0,30.0,69.0,42.0,37.0,0.0,34.0,20.0,65.0,71.0,54.0,0.0,26.0,0.0,75.0,0.0,35.0,39.0,0.0,52.0,87.0,50.0,66.0,8.0,0.0,16.0,7.0,35.0,0.0,4.0,8.0,75.0,102.0,9.0,19.0,17.0,63.0,0.0,27.0,2.0,7.0,72.0,0.0,53.0,13.0
202,91.0,35.0,1.0,0.0,20.0,43.0,31.0,8.0,36.0,57.0,33.0,42.0,74.0,44.0,0.0,45.0,3.0,46.0,24.0,69.0,0.0,46.0,70.0,0.0,49.0,53.0,39.0,59.0,47.0,0.0,37.0,0.0,39.0,10.0,38.0,0.0,0.0,57.0,19.0,31.0,81.0,60.0,35.0,42.0,0.0,75.0,65.0,0.0,43.0,8.0,55.0,1.0,6.0,0.0,28.0,16.0,39.0,42.0,55.0,18.0,0.0,31.0,0.0,16.0,74.0,0.0,0.0,33.0,7.0,36.0,12.0,105.0,0.0,0.0,36.0,52.0,15.0,36.0,51.0,0.0,37.0,57.0,7.0,0.0,0.0,8.0,70.0,73.0,56.0,19.0,10.0,8.0,0.0,0.0,13.0,10.0,82.0,42.0,36.0,39.0
203,64.0,1.0,29.0,41.0,3.0,34.0,0.0,31.0,49.0,49.0,0.0,39.0,31.0,0.0,8.0,0.0,0.0,56.0,0.0,122.0,42.0,46.0,47.0,20.0,0.0,0.0,19.0,64.0,72.0,10.0,42.0,0.0,5.0,32.0,18.0,0.0,2.0,61.0,29.0,12.0,91.0,67.0,35.0,41.0,0.0,53.0,51.0,32.0,66.0,64.0,0.0,23.0,20.0,7.0,48.0,32.0,18.0,1.0,51.0,27.0,22.0,0.0,49.0,50.0,73.0,37.0,0.0,21.0,0.0,67.0,0.0,99.0,36.0,0.0,51.0,35.0,10.0,29.0,61.0,0.0,42.0,31.0,52.0,0.0,28.0,14.0,37.0,75.0,21.0,0.0,0.0,32.0,10.0,41.0,17.0,45.0,65.0,0.0,43.0,59.0
204,49.0,10.0,12.0,3.0,11.0,71.0,0.0,0.0,44.0,35.0,14.0,28.0,75.0,18.0,0.0,0.0,0.0,60.0,0.0,71.0,71.0,52.0,49.0,50.0,26.0,14.0,0.0,53.0,48.0,4.0,48.0,0.0,9.0,48.0,38.0,0.0,0.0,63.0,35.0,35.0,57.0,91.0,31.0,38.0,19.0,49.0,30.0,31.0,36.0,22.0,16.0,19.0,21.0,0.0,25.0,0.0,34.0,65.0,38.0,22.0,17.0,12.0,16.0,56.0,39.0,11.0,0.0,10.0,0.0,68.0,18.0,73.0,24.0,0.0,18.0,36.0,16.0,28.0,20.0,12.0,0.0,55.0,51.0,30.0,36.0,0.0,50.0,46.0,17.0,11.0,14.0,54.0,0.0,39.0,1.0,37.0,73.0,24.0,24.0,77.0
205,64.0,2.0,18.0,14.0,64.0,64.0,10.0,0.0,36.0,12.0,0.0,87.0,49.0,63.0,12.0,0.0,0.0,33.0,0.0,37.0,75.0,37.0,31.0,47.0,70.0,24.0,0.0,75.0,41.0,0.0,30.0,0.0,0.0,40.0,25.0,0.0,0.0,42.0,15.0,33.0,60.0,61.0,25.0,13.0,30.0,31.0,45.0,22.0,5.0,56.0,0.0,25.0,39.0,0.0,74.0,15.0,40.0,40.0,7.0,5.0,9.0,14.0,14.0,78.0,13.0,37.0,0.0,54.0,0.0,65.0,52.0,57.0,23.0,0.0,14.0,62.0,10.0,13.0,28.0,4.0,0.0,56.0,24.0,13.0,6.0,20.0,37.0,62.0,20.0,10.0,7.0,27.0,16.0,29.0,0.0,9.0,30.0,40.0,41.0,40.0
206,17.0,16.0,15.0,0.0,25.0,62.0,44.0,0.0,39.0,39.0,0.0,36.0,60.0,23.0,2.0,8.0,0.0,30.0,0.0,59.0,33.0,62.0,21.0,55.0,79.0,54.0,76.0,83.0,56.0,30.0,22.0,0.0,0.0,43.0,22.0,24.0,0.0,91.0,21.0,29.0,49.0,60.0,12.0,35.0,0.0,41.0,8.0,19.0,57.0,1.0,0.0,4.0,36.0,0.0,123.0,61.0,25.0,52.0,58.0,17.0,14.0,39.0,2.0,42.0,42.0,48.0,0.0,64.0,0.0,47.0,35.0,59.0,11.0,4.0,3.0,51.0,5.0,13.0,6.0,0.0,0.0,70.0,49.0,0.0,16.0,1.0,62.0,17.0,30.0,11.0,0.0,24.0,8.0,44.0,0.0,64.0,37.0,30.0,70.0,38.0
207,80.0,33.0,23.0,26.0,35.0,45.0,46.0,0.0,33.0,0.0,0.0,51.0,45.0,28.0,11.0,7.0,0.0,38.0,0.0,34.0,54.0,44.0,28.0,0.0,105.0,38.0,28.0,24.0,68.0,25.0,2.0,0.0,0.0,47.0,49.0,0.0,0.0,67.0,27.0,36.0,67.0,40.0,24.0,21.0,18.0,31.0,51.0,39.0,9.0,17.0,43.0,0.0,53.0,0.0,82.0,55.0,15.0,33.0,44.0,45.0,1.0,0.0,3.0,45.0,15.0,34.0,0.0,0.0,0.0,30.0,0.0,64.0,32.0,0.0,11.0,39.0,6.0,0.0,52.0,32.0,0.0,73.0,50.0,26.0,19.0,0.0,96.0,67.0,16.0,0.0,0.0,86.0,14.0,62.0,3.0,15.0,20.0,44.0,26.0,0.0
208,114.0,22.0,1.0,0.0,17.0,18.0,19.0,0.0,78.0,5.0,0.0,25.0,73.0,6.0,3.0,29.0,0.0,32.0,0.0,9.0,71.0,61.0,42.0,68.0,110.0,28.0,0.0,69.0,44.0,0.0,39.0,0.0,0.0,40.0,4.0,0.0,0.0,5.0,31.0,63.0,57.0,41.0,0.0,4.0,110.0,0.0,32.0,39.0,0.0,0.0,42.0,13.0,34.0,0.0,77.0,47.0,32.0,30.0,56.0,15.0,0.0,9.0,5.0,57.0,26.0,41.0,10.0,31.0,0.0,47.0,20.0,65.0,0.0,0.0,12.0,49.0,40.0,27.0,75.0,37.0,0.0,141.0,49.0,59.0,8.0,0.0,115.0,116.0,34.0,13.0,18.0,21.0,0.0,26.0,0.0,54.0,73.0,12.0,17.0,34.0
209,30.0,47.0,4.0,24.0,0.0,57.0,13.0,0.0,91.0,15.0,0.0,80.0,64.0,17.0,18.0,50.0,0.0,2.0,0.0,86.0,38.0,71.0,28.0,0.0,64.0,4.0,0.0,39.0,30.0,7.0,0.0,0.0,0.0,14.0,0.0,0.0,4.0,26.0,0.0,51.0,30.0,113.0,34.0,17.0,25.0,51.0,14.0,19.0,0.0,31.0,12.0,14.0,5.0,0.0,79.0,67.0,44.0,24.0,15.0,22.0,43.0,0.0,80.0,49.0,7.0,6.0,8.0,52.0,0.0,38.0,26.0,61.0,5.0,0.0,38.0,2.0,31.0,0.0,46.0,47.0,59.0,103.0,39.0,3.0,7.0,2.0,76.0,97.0,55.0,32.0,0.0,48.0,0.0,60.0,0.0,36.0,86.0,4.0,45.0,29.0
210,46.0,2.0,46.0,0.0,0.0,19.0,0.0,31.0,34.0,8.0,0.0,74.0,110.0,68.0,19.0,9.0,0.0,39.0,2.0,82.0,70.0,61.0,53.0,9.0,71.0,0.0,53.0,43.0,76.0,0.0,21.0,0.0,15.0,69.0,44.0,0.0,7.0,25.0,0.0,45.0,60.0,108.0,13.0,8.0,26.0,60.0,33.0,7.0,0.0,16.0,9.0,30.0,31.0,0.0,34.0,24.0,55.0,35.0,2.0,13.0,0.0,0.0,14.0,21.0,15.0,57.0,0.0,27.0,17.0,75.0,27.0,20.0,0.0,0.0,17.0,21.0,53.0,61.0,59.0,47.0,13.0,53.0,96.0,36.0,6.0,22.0,88.0,56.0,27.0,0.0,0.0,88.0,0.0,48.0,0.0,35.0,83.0,0.0,46.0,49.0
211,79.0,0.0,42.0,0.0,62.0,62.0,7.0,25.0,79.0,38.0,45.0,48.0,54.0,88.0,16.0,1.0,0.0,4.0,27.0,74.0,15.0,34.0,48.0,15.0,43.0,20.0,24.0,59.0,98.0,0.0,4.0,0.0,71.0,43.0,19.0,0.0,0.0,31.0,0.0,7.0,73.0,56.0,0.0,68.0,41.0,100.0,84.0,0.0,50.0,35.0,25.0,0.0,0.0,0.0,41.0,57.0,72.0,67.0,12.0,0.0,11.0,14.0,3.0,34.0,30.0,83.0,0.0,30.0,0.0,98.0,3.0,45.0,0.0,7.0,16.0,6.0,70.0,70.0,81.0,0.0,0.0,45.0,18.0,23.0,0.0,20.0,43.0,61.0,7.0,6.0,0.0,55.0,0.0,21.0,0.0,2.0,94.0,7.0,10.0,19.0
212,34.0,37.0,38.0,30.0,87.0,59.0,0.0,28.0,43.0,37.0,0.0,43.0,36.0,62.0,0.0,0.0,0.0,49.0,8.0,21.0,33.0,75.0,68.0,26.0,65.0,35.0,23.0,6.0,72.0,0.0,31.0,0.0,63.0,0.0,12.0,0.0,10.0,110.0,8.0,0.0,46.0,26.0,24.0,34.0,0.0,13.0,72.0,40.0,47.0,43.0,1.0,0.0,0.0,0.0,42.0,20.0,5.0,29.0,50.0,36.0,0.0,28.0,5.0,0.0,63.0,58.0,0.0,40.0,42.0,80.0,81.0,51.0,0.0,0.0,26.0,10.0,54.0,18.0,37.0,0.0,20.0,47.0,82.0,0.0,18.0,14.0,93.0,33.0,0.0,0.0,0.0,56.0,8.0,46.0,2.0,0.0,47.0,20.0,40.0,55.0
213,81.0,15.0,2.0,19.0,64.0,77.0,61.0,0.0,90.0,40.0,27.0,38.0,21.0,16.0,29.0,0.0,0.0,74.0,0.0,14.0,13.0,69.0,27.0,34.0,24.0,17.0,33.0,62.0,6.0,0.0,28.0,3.0,47.0,0.0,39.0,0.0,27.0,51.0,0.0,0.0,23.0,0.0,1.0,37.0,18.0,53.0,16.0,48.0,44.0,71.0,36.0,0.0,63.0,35.0,5.0,26.0,49.0,86.0,60.0,39.0,1.0,40.0,9.0,12.0,0.0,20.0,0.0,10.0,6.0,12.0,11.0,83.0,0.0,0.0,51.0,67.0,33.0,41.0,34.0,0.0,0.0,88.0,51.0,44.0,0.0,41.0,29.0,75.0,48.0,8.0,49.0,0.0,0.0,69.0,6.0,0.0,60.0,0.0,0.0,45.0
214,84.0,22.0,0.0,7.0,33.0,9.0,26.0,2.0,74.0,62.0,0.0,49.0,47.0,29.0,0.0,0.0,0.0,80.0,14.0,82.0,28.0,36.0,39.0,28.0,53.0,37.0,0.0,42.0,80.0,0.0,13.0,15.0,6.0,56.0,31.0,0.0,0.0,53.0,17.0,11.0,85.0,26.0,29.0,45.0,8.0,0.0,66.0,26.0,0.0,89.0,0.0,0.0,29.0,5.0,1.0,57.0,43.0,58.0,69.0,46.0,19.0,35.0,20.0,42.0,20.0,68.0,0.0,106.0,0.0,93.0,56.0,40.0,17.0,0.0,42.0,109.0,0.0,5.0,16.0,38.0,0.0,26.0,94.0,21.0,25.0,18.0,34.0,38.0,0.0,0.0,14.0,51.0,0.0,9.0,10.0,27.0,71.0,0.0,42.0,11.0
215,62.0,0.0,0.0,38.0,55.0,43.0,0.0,49.0,17.0,53.0,0.0,45.0,59.0,55.0,0.0,9.0,0.0,12.0,0.0,82.0,4.0,0.0,71.0,26.0,70.0,14.0,32.0,56.0,51.0,0.0,62.0,0.0,23.0,59.0,0.0,0.0,0.0,74.0,8.0,28.0,26.0,44.0,0.0,66.0,38.0,48.0,28.0,26.0,6.0,39.0,75.0,0.0,38.0,0.0,48.0,19.0,55.0,31.0,18.0,64.0,72.0,0.0,53.0,22.0,7.0,24.0,18.0,44.0,0.0,16.0,16.0,34.0,48.0,0.0,10.0,120.0,2.0,39.0,50.0,19.0,34.0,42.0,73.0,30.0,54.0,32.0,39.0,27.0,23.0,7.0,2.0,50.0,0.0,32.0,0.0,0.0,20.0,7.0,34.0,12.0
216,5.0,12.0,3.0,0.0,0.0,21.0,28.0,0.0,8.0,80.0,39.0,107.0,21.0,70.0,28.0,0.0,0.0,52.0,12.0,58.0,25.0,20.0,69.0,38.0,105.0,17.0,32.0,50.0,120.0,0.0,32.0,10.0,11.0,0.0,2.0,0.0,10.0,77.0,15.0,0.0,108.0,116.0,11.0,10.0,0.0,38.0,41.0,25.0,37.0,13.0,14.0,56.0,39.0,20.0,52.0,38.0,86.0,58.0,34.0,54.0,44.0,23.0,7.0,25.0,0.0,0.0,4.0,79.0,0.0,33.0,9.0,55.0,0.0,0.0,23.0,84.0,6.0,50.0,75.0,16.0,28.0,61.0,58.0,69.0,25.0,0.0,52.0,104.0,0.0,0.0,0.0,55.0,1.0,5.0,2.0,0.0,35.0,2.0,25.0,38.0
217,40.0,53.0,18.0,53.0,57.0,23.0,0.0,73.0,80.0,28.0,72.0,68.0,62.0,48.0,33.0,0.0,0.0,57.0,10.0,54.0,95.0,37.0,29.0,44.0,82.0,53.0,0.0,67.0,89.0,21.0,0.0,0.0,0.0,0.0,38.0,0.0,5.0,36.0,22.0,13.0,50.0,35.0,6.0,28.0,0.0,25.0,0.0,20.0,0.0,48.0,59.0,0.0,36.0,26.0,44.0,46.0,36.0,0.0,0.0,2.0,37.0,0.0,33.0,4.0,60.0,0.0,1.0,23.0,0.0,6.0,0.0,78.0,0.0,9.0,18.0,57.0,2.0,28.0,37.0,0.0,31.0,109.0,0.0,37.0,13.0,12.0,40.0,19.0,0.0,37.0,0.0,27.0,0.0,13.0,7.0,0.0,110.0,78.0,19.0,46.0
218,60.0,18.0,29.0,42.0,37.0,0.0,0.0,53.0,64.0,25.0,39.0,3.0,40.0,21.0,13.0,0.0,0.0,31.0,11.0,65.0,57.0,20.0,59.0,26.0,76.0,69.0,0.0,48.0,67.0,51.0,47.0,0.0,0.0,14.0,42.0,5.0,0.0,13.0,0.0,0.0,39.0,83.0,13.0,43.0,32.0,71.0,67.0,14.0,23.0,69.0,25.0,0.0,30.0,0.0,57.0,23.0,59.0,0.0,0.0,12.0,32.0,43.0,62.0,31.0,36.0,46.0,0.0,21.0,0.0,35.0,17.0,39.0,19.0,9.0,61.0,28.0,10.0,34.0,27.0,0.0,46.0,97.0,63.0,0.0,4.0,0.0,61.0,71.0,0.0,49.0,22.0,37.0,0.0,0.0,3.0,2.0,93.0,31.0,53.0,28.0
219,103.0,2.0,0.0,29.0,31.0,5.0,25.0,25.0,89.0,43.0,0.0,40.0,56.0,23.0,41.0,0.0,0.0,0.0,32.0,30.0,21.0,79.0,56.0,43.0,12.0,57.0,19.0,40.0,75.0,6.0,66.0,4.0,0.0,0.0,61.0,0.0,0.0,0.0,0.0,43.0,31.0,67.0,8.0,42.0,78.0,48.0,56.0,45.0,12.0,45.0,19.0,0.0,0.0,28.0,88.0,48.0,51.0,0.0,0.0,23.0,0.0,35.0,9.0,17.0,27.0,68.0,0.0,55.0,0.0,39.0,14.0,4.0,18.0,0.0,44.0,50.0,19.0,61.0,18.0,13.0,18.0,78.0,67.0,0.0,30.0,11.0,0.0,86.0,83.0,48.0,0.0,27.0,0.0,16.0,11.0,5.0,66.0,31.0,66.0,50.0
220,133.0,39.0,0.0,36.0,0.0,0.0,0.0,0.0,82.0,28.0,11.0,83.0,37.0,29.0,17.0,1.0,0.0,16.0,0.0,26.0,34.0,110.0,24.0,47.0,18.0,0.0,0.0,51.0,29.0,0.0,18.0,0.0,42.0,0.0,43.0,0.0,0.0,9.0,27.0,14.0,43.0,0.0,0.0,23.0,34.0,10.0,32.0,37.0,0.0,30.0,20.0,28.0,1.0,0.0,33.0,0.0,30.0,31.0,80.0,6.0,30.0,44.0,29.0,96.0,91.0,15.0,28.0,73.0,0.0,89.0,23.0,44.0,0.0,6.0,16.0,83.0,43.0,68.0,50.0,0.0,0.0,70.0,75.0,0.0,37.0,0.0,25.0,84.0,10.0,67.0,0.0,31.0,0.0,68.0,0.0,38.0,37.0,32.0,74.0,0.0
221,57.0,39.0,0.0,0.0,0.0,0.0,0.0,0.0,52.0,54.0,2.0,20.0,0.0,40.0,22.0,32.0,20.0,0.0,0.0,28.0,51.0,83.0,12.0,0.0,44.0,49.0,0.0,7.0,42.0,2.0,0.0,0.0,36.0,59.0,43.0,2.0,2.0,39.0,21.0,56.0,37.0,31.0,0.0,51.0,40.0,0.0,50.0,37.0,9.0,7.0,33.0,35.0,0.0,1.0,21.0,37.0,17.0,62.0,33.0,32.0,0.0,31.0,21.0,73.0,69.0,44.0,0.0,9.0,0.0,62.0,0.0,36.0,32.0,0.0,54.0,97.0,47.0,77.0,3.0,0.0,7.0,0.0,25.0,0.0,0.0,2.0,60.0,95.0,4.0,14.0,15.0,56.0,0.0,20.0,0.0,10.0,57.0,0.0,43.0,6.0
222,89.0,31.0,0.0,0.0,18.0,46.0,26.0,0.0,33.0,55.0,25.0,31.0,84.0,40.0,0.0,43.0,0.0,36.0,21.0,65.0,0.0,48.0,64.0,0.0,43.0,54.0,27.0,72.0,62.0,0.0,49.0,0.0,37.0,0.0,30.0,0.0,0.0,60.0,19.0,24.0,72.0,44.0,31.0,44.0,0.0,69.0,56.0,0.0,48.0,9.0,66.0,0.0,0.0,0.0,24.0,7.0,41.0,36.0,53.0,13.0,0.0,25.0,0.0,14.0,65.0,0.0,0.0,17.0,5.0,25.0,4.0,108.0,0.0,0.0,31.0,59.0,17.0,26.0,40.0,0.0,23.0,44.0,0.0,0.0,0.0,5.0,60.0,47.0,47.0,15.0,8.0,0.0,0.0,0.0,9.0,20.0,68.0,45.0,37.0,35.0
223,70.0,0.0,8.0,34.0,0.0,54.0,0.0,26.0,36.0,43.0,0.0,39.0,44.0,0.0,5.0,0.0,0.0,53.0,0.0,117.0,53.0,52.0,14.0,16.0,0.0,0.0,15.0,68.0,88.0,4.0,38.0,0.0,3.0,21.0,17.0,0.0,0.0,63.0,32.0,5.0,82.0,52.0,44.0,37.0,0.0,51.0,46.0,26.0,62.0,67.0,0.0,20.0,13.0,4.0,41.0,36.0,5.0,0.0,48.0,24.0,23.0,0.0,56.0,36.0,68.0,43.0,0.0,10.0,0.0,61.0,0.0,122.0,33.0,0.0,57.0,31.0,6.0,28.0,49.0,0.0,17.0,25.0,55.0,0.0,25.0,12.0,38.0,77.0,16.0,0.0,0.0,31.0,6.0,40.0,15.0,52.0,51.0,2.0,27.0,74.0
224,46.0,8.0,9.0,0.0,5.0,85.0,0.0,0.0,47.0,37.0,9.0,15.0,84.0,16.0,0.0,0.0,0.0,52.0,0.0,72.0,69.0,59.0,39.0,47.0,22.0,14.0,0.0,57.0,69.0,0.0,52.0,0.0,5.0,40.0,30.0,0.0,0.0,58.0,35.0,29.0,45.0,83.0,32.0,29.0,17.0,46.0,16.0,26.0,41.0,30.0,18.0,18.0,16.0,0.0,22.0,0.0,39.0,55.0,29.0,17.0,17.0,8.0,20.0,46.0,34.0,7.0,0.0,0.0,0.0,69.0,11.0,82.0,32.0,0.0,15.0,41.0,8.0,31.0,12.0,10.0,0.0,62.0,47.0,26.0,41.0,0.0,50.0,62.0,27.0,4.0,12.0,42.0,0.0,34.0,0.0,37.0,62.0,25.0,26.0,71.0
225,73.0,0.0,17.0,14.0,64.0,76.0,4.0,0.0,42.0,6.0,0.0,90.0,59.0,73.0,15.0,0.0,0.0,25.0,0.0,38.0,78.0,46.0,27.0,49.0,70.0,22.0,0.0,78.0,48.0,0.0,28.0,0.0,0.0,29.0,20.0,0.0,0.0,45.0,14.0,30.0,49.0,73.0,23.0,12.0,28.0,27.0,36.0,24.0,2.0,59.0,0.0,23.0,33.0,0.0,76.0,16.0,34.0,34.0,0.0,0.0,9.0,15.0,14.0,68.0,3.0,37.0,0.0,56.0,0.0,58.0,53.0,63.0,24.0,0.0,9.0,56.0,6.0,10.0,19.0,4.0,0.0,70.0,33.0,7.0,5.0,17.0,40.0,71.0,21.0,14.0,5.0,18.0,8.0,23.0,0.0,17.0,42.0,40.0,33.0,45.0
226,25.0,18.0,13.0,0.0,22.0,58.0,38.0,0.0,50.0,37.0,0.0,43.0,70.0,25.0,0.0,3.0,0.0,24.0,0.0,68.0,34.0,74.0,12.0,51.0,83.0,56.0,37.0,87.0,66.0,8.0,15.0,0.0,0.0,41.0,15.0,21.0,0.0,100.0,17.0,35.0,42.0,50.0,2.0,36.0,0.0,45.0,0.0,14.0,52.0,2.0,0.0,0.0,49.0,0.0,125.0,66.0,30.0,48.0,51.0,16.0,15.0,36.0,7.0,46.0,34.0,56.0,0.0,55.0,0.0,52.0,31.0,65.0,8.0,1.0,0.0,56.0,0.0,9.0,0.0,0.0,0.0,78.0,62.0,0.0,15.0,0.0,63.0,28.0,33.0,10.0,0.0,40.0,1.0,52.0,0.0,65.0,35.0,29.0,61.0,39.0
227,88.0,33.0,15.0,23.0,31.0,48.0,52.0,0.0,34.0,0.0,0.0,52.0,55.0,28.0,9.0,2.0,0.0,26.0,0.0,38.0,54.0,48.0,19.0,0.0,111.0,38.0,26.0,27.0,88.0,10.0,0.0,0.0,0.0,55.0,51.0,0.0,0.0,72.0,28.0,34.0,67.0,44.0,20.0,20.0,25.0,32.0,60.0,37.0,11.0,20.0,39.0,0.0,48.0,0.0,86.0,52.0,15.0,31.0,42.0,48.0,0.0,0.0,1.0,46.0,11.0,37.0,0.0,0.0,0.0,31.0,0.0,65.0,26.0,0.0,19.0,53.0,0.0,0.0,46.0,43.0,0.0,80.0,57.0,23.0,13.0,0.0,98.0,77.0,20.0,0.0,0.0,91.0,7.0,60.0,2.0,14.0,22.0,41.0,18.0,1.0
228,122.0,19.0,0.0,0.0,19.0,15.0,14.0,0.0,84.0,0.0,0.0,27.0,67.0,8.0,0.0,21.0,0.0,41.0,0.0,14.0,71.0,67.0,41.0,67.0,55.0,29.0,0.0,72.0,69.0,0.0,40.0,0.0,0.0,40.0,1.0,0.0,0.0,6.0,30.0,61.0,63.0,38.0,0.0,3.0,51.0,1.0,25.0,46.0,0.0,0.0,51.0,8.0,36.0,0.0,71.0,49.0,27.0,31.0,58.0,13.0,0.0,5.0,5.0,55.0,21.0,44.0,0.0,18.0,0.0,41.0,13.0,76.0,0.0,0.0,15.0,57.0,44.0,20.0,80.0,31.0,0.0,140.0,55.0,53.0,6.0,0.0,118.0,129.0,37.0,11.0,16.0,25.0,0.0,29.0,0.0,57.0,64.0,16.0,16.0,31.0
229,36.0,43.0,0.0,15.0,4.0,61.0,10.0,0.0,95.0,8.0,0.0,83.0,63.0,19.0,18.0,46.0,0.0,0.0,0.0,89.0,40.0,81.0,20.0,0.0,69.0,8.0,0.0,46.0,52.0,4.0,0.0,0.0,0.0,11.0,0.0,0.0,1.0,28.0,0.0,49.0,27.0,112.0,29.0,24.0,30.0,54.0,4.0,20.0,0.0,30.0,13.0,14.0,3.0,0.0,73.0,61.0,36.0,21.0,14.0,14.0,37.0,0.0,78.0,46.0,7.0,8.0,0.0,54.0,0.0,37.0,23.0,69.0,3.0,0.0,28.0,10.0,27.0,0.0,41.0,53.0,55.0,102.0,41.0,0.0,3.0,2.0,78.0,111.0,56.0,34.0,0.0,41.0,0.0,60.0,0.0,34.0,96.0,2.0,34.0,25.0
230,55.0,0.0,49.0,0.0,1.0,28.0,0.0,31.0,46.0,8.0,0.0,79.0,127.0,74.0,22.0,8.0,0.0,36.0,0.0,91.0,71.0,60.0,62.0,0.0,76.0,3.0,54.0,50.0,86.0,0.0,13.0,0.0,0.0,64.0,40.0,0.0,4.0,24.0,0.0,43.0,58.0,102.0,14.0,12.0,30.0,64.0,34.0,7.0,0.0,15.0,10.0,29.0,29.0,0.0,22.0,30.0,44.0,32.0,0.0,16.0,0.0,0.0,11.0,16.0,13.0,54.0,0.0,19.0,5.0,66.0,22.0,28.0,0.0,0.0,13.0,30.0,52.0,65.0,52.0,46.0,3.0,41.0,105.0,35.0,4.0,23.0,88.0,68.0,22.0,0.0,0.0,83.0,0.0,49.0,0.0,31.0,88.0,0.0,47.0,49.0
231,84.0,0.0,38.0,0.0,64.0,67.0,4.0,23.0,87.0,33.0,39.0,52.0,65.0,94.0,17.0,0.0,0.0,3.0,8.0,81.0,17.0,33.0,49.0,4.0,47.0,18.0,22.0,59.0,106.0,0.0,0.0,0.0,72.0,37.0,12.0,0.0,0.0,33.0,0.0,0.0,73.0,56.0,0.0,68.0,46.0,105.0,73.0,0.0,48.0,53.0,22.0,0.0,0.0,0.0,45.0,56.0,61.0,65.0,11.0,0.0,5.0,9.0,0.0,34.0,29.0,85.0,0.0,28.0,0.0,90.0,0.0,47.0,0.0,4.0,30.0,9.0,75.0,77.0,85.0,0.0,0.0,37.0,28.0,20.0,0.0,21.0,43.0,73.0,6.0,6.0,0.0,61.0,0.0,16.0,0.0,0.0,98.0,7.0,8.0,27.0
232,37.0,35.0,39.0,23.0,92.0,64.0,0.0,19.0,51.0,47.0,0.0,46.0,44.0,69.0,1.0,0.0,0.0,41.0,0.0,27.0,35.0,85.0,68.0,26.0,68.0,45.0,18.0,15.0,82.0,0.0,26.0,0.0,64.0,0.0,6.0,0.0,6.0,103.0,7.0,0.0,48.0,18.0,24.0,39.0,5.0,17.0,71.0,43.0,53.0,50.0,0.0,0.0,0.0,0.0,34.0,20.0,0.0,29.0,50.0,33.0,0.0,33.0,0.0,0.0,64.0,21.0,0.0,32.0,0.0,78.0,79.0,59.0,0.0,0.0,31.0,13.0,54.0,23.0,34.0,0.0,13.0,50.0,89.0,0.0,16.0,11.0,92.0,47.0,0.0,0.0,0.0,52.0,5.0,38.0,1.0,0.0,52.0,16.0,38.0,58.0
233,86.0,13.0,0.0,12.0,67.0,81.0,53.0,0.0,99.0,42.0,28.0,10.0,31.0,10.0,29.0,0.0,0.0,70.0,0.0,19.0,13.0,74.0,17.0,44.0,28.0,24.0,26.0,72.0,13.0,0.0,39.0,0.0,44.0,0.0,34.0,0.0,24.0,58.0,0.0,0.0,24.0,0.0,0.0,37.0,23.0,55.0,22.0,52.0,45.0,80.0,40.0,0.0,57.0,33.0,0.0,26.0,55.0,85.0,63.0,44.0,0.0,42.0,10.0,12.0,0.0,19.0,0.0,0.0,0.0,4.0,6.0,78.0,0.0,0.0,56.0,77.0,32.0,46.0,31.0,0.0,0.0,100.0,55.0,38.0,0.0,44.0,30.0,89.0,48.0,6.0,48.0,0.0,0.0,76.0,5.0,0.0,63.0,0.0,0.0,38.0
234,106.0,22.0,0.0,0.0,33.0,11.0,28.0,0.0,78.0,64.0,0.0,54.0,50.0,36.0,0.0,0.0,0.0,71.0,0.0,87.0,29.0,32.0,43.0,31.0,42.0,43.0,0.0,40.0,110.0,0.0,15.0,12.0,3.0,55.0,23.0,0.0,0.0,51.0,21.0,10.0,88.0,29.0,28.0,45.0,14.0,0.0,60.0,30.0,0.0,86.0,5.0,0.0,22.0,4.0,0.0,49.0,40.0,58.0,71.0,37.0,16.0,36.0,18.0,44.0,24.0,67.0,0.0,109.0,0.0,91.0,48.0,42.0,12.0,0.0,46.0,143.0,0.0,10.0,13.0,32.0,0.0,24.0,90.0,14.0,27.0,17.0,34.0,37.0,0.0,0.0,13.0,45.0,0.0,9.0,9.0,20.0,70.0,0.0,41.0,3.0
235,76.0,0.0,0.0,37.0,55.0,48.0,0.0,44.0,24.0,53.0,0.0,54.0,57.0,59.0,1.0,7.0,0.0,13.0,0.0,85.0,2.0,0.0,64.0,29.0,77.0,15.0,28.0,58.0,71.0,0.0,65.0,0.0,19.0,56.0,0.0,0.0,0.0,79.0,9.0,27.0,31.0,35.0,0.0,60.0,38.0,55.0,31.0,29.0,3.0,49.0,79.0,0.0,36.0,0.0,41.0,25.0,52.0,30.0,19.0,59.0,82.0,0.0,53.0,15.0,9.0,18.0,7.0,43.0,0.0,21.0,14.0,29.0,51.0,0.0,8.0,115.0,0.0,40.0,47.0,12.0,29.0,41.0,68.0,30.0,56.0,30.0,40.0,36.0,7.0,10.0,0.0,46.0,0.0,28.0,0.0,0.0,28.0,17.0,37.0,6.0
236,17.0,8.0,0.0,0.0,0.0,19.0,29.0,0.0,19.0,76.0,37.0,118.0,28.0,77.0,30.0,0.0,0.0,32.0,0.0,52.0,26.0,0.0,63.0,41.0,123.0,22.0,28.0,59.0,136.0,0.0,36.0,7.0,9.0,0.0,0.0,0.0,7.0,83.0,11.0,0.0,101.0,10.0,10.0,22.0,0.0,38.0,31.0,28.0,32.0,12.0,19.0,55.0,31.0,18.0,62.0,34.0,79.0,57.0,31.0,57.0,46.0,26.0,0.0,28.0,3.0,0.0,0.0,76.0,0.0,34.0,5.0,75.0,0.0,0.0,20.0,86.0,1.0,57.0,75.0,9.0,24.0,51.0,59.0,65.0,28.0,0.0,56.0,111.0,0.0,0.0,0.0,62.0,0.0,7.0,1.0,0.0,34.0,3.0,27.0,48.0
237,38.0,50.0,15.0,45.0,48.0,28.0,0.0,69.0,86.0,20.0,64.0,64.0,75.0,49.0,37.0,0.0,0.0,53.0,0.0,48.0,109.0,49.0,22.0,49.0,91.0,54.0,0.0,64.0,112.0,18.0,2.0,0.0,0.0,0.0,42.0,0.0,2.0,41.0,27.0,12.0,63.0,30.0,7.0,30.0,9.0,23.0,0.0,23.0,0.0,54.0,63.0,0.0,34.0,24.0,39.0,43.0,27.0,0.0,0.0,0.0,37.0,0.0,30.0,4.0,66.0,0.0,0.0,20.0,0.0,8.0,0.0,90.0,0.0,6.0,28.0,63.0,0.0,36.0,36.0,0.0,26.0,105.0,15.0,28.0,14.0,8.0,45.0,47.0,0.0,42.0,0.0,27.0,0.0,14.0,6.0,0.0,67.0,78.0,21.0,48.0
238,62.0,14.0,28.0,38.0,31.0,5.0,0.0,52.0,82.0,18.0,33.0,0.0,59.0,28.0,16.0,0.0,0.0,24.0,0.0,86.0,67.0,41.0,63.0,30.0,83.0,69.0,0.0,62.0,4.0,49.0,48.0,0.0,0.0,10.0,38.0,2.0,0.0,16.0,0.0,0.0,40.0,95.0,13.0,47.0,40.0,83.0,65.0,11.0,17.0,74.0,24.0,0.0,32.0,0.0,42.0,17.0,53.0,0.0,0.0,9.0,28.0,41.0,56.0,30.0,45.0,51.0,0.0,11.0,0.0,38.0,10.0,41.0,19.0,0.0,66.0,44.0,7.0,40.0,27.0,0.0,40.0,87.0,71.0,0.0,0.0,0.0,68.0,89.0,0.0,61.0,19.0,38.0,0.0,2.0,2.0,0.0,103.0,31.0,57.0,30.0
239,127.0,0.0,0.0,34.0,27.0,12.0,24.0,21.0,97.0,40.0,0.0,39.0,65.0,26.0,43.0,0.0,0.0,0.0,8.0,38.0,28.0,93.0,56.0,47.0,17.0,69.0,16.0,47.0,90.0,3.0,71.0,0.0,0.0,0.0,59.0,0.0,0.0,0.0,0.0,42.0,39.0,63.0,10.0,39.0,88.0,55.0,50.0,46.0,11.0,47.0,16.0,0.0,0.0,25.0,85.0,55.0,54.0,0.0,0.0,19.0,0.0,39.0,3.0,0.0,23.0,68.0,0.0,51.0,0.0,45.0,10.0,1.0,14.0,0.0,50.0,58.0,14.0,70.0,18.0,9.0,12.0,75.0,76.0,0.0,27.0,7.0,7.0,4.0,83.0,53.0,0.0,20.0,0.0,12.0,10.0,0.0,67.0,27.0,71.0,51.0
240,141.0,31.0,0.0,36.0,0.0,0.0,0.0,0.0,92.0,34.0,8.0,99.0,36.0,37.0,17.0,0.0,0.0,6.0,0.0,33.0,41.0,127.0,19.0,48.0,21.0,4.0,0.0,46.0,26.0,0.0,15.0,0.0,42.0,0.0,39.0,0.0,0.0,18.0,23.0,10.0,42.0,0.0,1.0,12.0,39.0,16.0,25.0,33.0,0.0,31.0,17.0,24.0,0.0,0.0,19.0,0.0,26.0,0.0,93.0,0.0,26.0,37.0,33.0,91.0,102.0,16.0,25.0,75.0,0.0,97.0,25.0,56.0,0.0,0.0,8.0,87.0,51.0,75.0,52.0,0.0,0.0,66.0,13.0,0.0,32.0,0.0,33.0,101.0,9.0,69.0,0.0,26.0,0.0,58.0,0.0,32.0,47.0,38.0,80.0,4.0
241,54.0,32.0,0.0,0.0,0.0,0.0,0.0,0.0,53.0,53.0,0.0,31.0,0.0,42.0,24.0,29.0,18.0,0.0,0.0,38.0,60.0,91.0,0.0,6.0,43.0,51.0,0.0,9.0,49.0,0.0,0.0,0.0,36.0,60.0,40.0,0.0,0.0,41.0,19.0,54.0,41.0,36.0,3.0,42.0,48.0,0.0,55.0,34.0,3.0,6.0,29.0,36.0,0.0,0.0,33.0,28.0,7.0,70.0,39.0,23.0,0.0,30.0,19.0,90.0,78.0,40.0,0.0,8.0,0.0,53.0,0.0,48.0,29.0,0.0,64.0,107.0,48.0,83.0,6.0,0.0,0.0,0.0,26.0,0.0,0.0,0.0,73.0,123.0,1.0,11.0,14.0,62.0,0.0,25.0,0.0,13.0,64.0,0.0,47.0,9.0
242,98.0,35.0,0.0,0.0,22.0,54.0,20.0,0.0,51.0,55.0,22.0,33.0,108.0,36.0,1.0,40.0,0.0,43.0,0.0,64.0,3.0,52.0,56.0,3.0,45.0,55.0,27.0,73.0,62.0,0.0,44.0,0.0,37.0,3.0,24.0,0.0,0.0,56.0,27.0,38.0,63.0,53.0,34.0,39.0,6.0,71.0,60.0,0.0,59.0,14.0,63.0,0.0,0.0,0.0,17.0,0.0,41.0,35.0,56.0,3.0,0.0,26.0,0.0,11.0,63.0,0.0,0.0,15.0,5.0,40.0,0.0,98.0,0.0,0.0,29.0,67.0,18.0,25.0,44.0,0.0,18.0,47.0,0.0,0.0,0.0,3.0,77.0,66.0,53.0,16.0,7.0,0.0,0.0,0.0,6.0,11.0,74.0,48.0,41.0,37.0
243,86.0,0.0,7.0,33.0,2.0,74.0,0.0,25.0,0.0,43.0,0.0,35.0,53.0,0.0,6.0,0.0,0.0,43.0,0.0,118.0,57.0,59.0,23.0,22.0,11.0,0.0,8.0,84.0,97.0,2.0,39.0,0.0,3.0,23.0,8.0,0.0,0.0,63.0,33.0,1.0,90.0,46.0,50.0,31.0,0.0,56.0,46.0,28.0,65.0,75.0,0.0,17.0,12.0,2.0,40.0,24.0,4.0,0.0,48.0,29.0,24.0,0.0,21.0,30.0,73.0,51.0,0.0,10.0,0.0,69.0,0.0,124.0,31.0,0.0,51.0,26.0,7.0,25.0,56.0,0.0,12.0,31.0,54.0,0.0,23.0,10.0,54.0,93.0,17.0,0.0,0.0,28.0,3.0,52.0,9.0,55.0,52.0,0.0,30.0,73.0
244,61.0,6.0,10.0,0.0,8.0,100.0,0.0,0.0,54.0,37.0,5.0,29.0,70.0,7.0,2.0,0.0,0.0,61.0,0.0,81.0,64.0,58.0,34.0,55.0,22.0,8.0,0.0,72.0,100.0,0.0,59.0,0.0,4.0,44.0,28.0,0.0,0.0,51.0,37.0,35.0,61.0,83.0,35.0,24.0,29.0,60.0,17.0,30.0,43.0,35.0,14.0,12.0,21.0,0.0,26.0,0.0,39.0,57.0,32.0,15.0,16.0,9.0,17.0,60.0,29.0,5.0,0.0,0.0,0.0,70.0,6.0,83.0,30.0,0.0,6.0,36.0,9.0,27.0,19.0,9.0,0.0,51.0,61.0,30.0,42.0,0.0,66.0,76.0,24.0,0.0,11.0,54.0,0.0,39.0,0.0,27.0,57.0,28.0,31.0,79.0
245,76.0,0.0,18.0,13.0,69.0,89.0,7.0,0.0,48.0,0.0,0.0,104.0,86.0,67.0,14.0,0.0,0.0,19.0,0.0,43.0,71.0,50.0,21.0,50.0,99.0,26.0,0.0,83.0,65.0,0.0,31.0,0.0,0.0,32.0,9.0,0.0,0.0,64.0,9.0,33.0,47.0,75.0,24.0,5.0,36.0,34.0,36.0,28.0,0.0,70.0,0.0,16.0,35.0,0.0,71.0,6.0,36.0,42.0,4.0,0.0,9.0,13.0,10.0,70.0,0.0,48.0,0.0,58.0,0.0,66.0,50.0,61.0,21.0,0.0,0.0,50.0,8.0,15.0,26.0,0.0,0.0,74.0,46.0,5.0,3.0,16.0,57.0,93.0,17.0,12.0,4.0,14.0,0.0,16.0,0.0,10.0,60.0,41.0,29.0,48.0
246,18.0,17.0,16.0,0.0,28.0,56.0,39.0,0.0,55.0,41.0,0.0,38.0,84.0,50.0,0.0,0.0,0.0,28.0,0.0,79.0,23.0,76.0,1.0,62.0,90.0,63.0,29.0,80.0,78.0,6.0,5.0,0.0,0.0,44.0,14.0,18.0,0.0,110.0,10.0,36.0,39.0,59.0,2.0,43.0,8.0,52.0,0.0,15.0,46.0,0.0,3.0,0.0,52.0,0.0,79.0,52.0,24.0,63.0,55.0,8.0,14.0,32.0,0.0,41.0,39.0,62.0,0.0,41.0,0.0,58.0,28.0,85.0,7.0,0.0,0.0,69.0,4.0,9.0,7.0,0.0,0.0,99.0,66.0,0.0,13.0,0.0,81.0,55.0,37.0,6.0,0.0,37.0,0.0,58.0,0.0,56.0,44.0,24.0,62.0,39.0
247,85.0,32.0,16.0,24.0,35.0,51.0,53.0,0.0,58.0,2.0,0.0,47.0,59.0,34.0,13.0,0.0,0.0,21.0,0.0,43.0,41.0,66.0,24.0,4.0,133.0,41.0,28.0,16.0,88.0,8.0,0.0,0.0,0.0,58.0,47.0,0.0,0.0,69.0,22.0,30.0,60.0,55.0,21.0,20.0,28.0,40.0,64.0,42.0,0.0,19.0,37.0,0.0,51.0,0.0,97.0,39.0,8.0,33.0,40.0,42.0,0.0,0.0,0.0,33.0,9.0,42.0,0.0,0.0,0.0,24.0,0.0,69.0,24.0,0.0,23.0,60.0,5.0,0.0,57.0,24.0,0.0,91.0,61.0,29.0,13.0,0.0,118.0,102.0,21.0,0.0,0.0,100.0,0.0,61.0,0.0,6.0,22.0,43.0,28.0,0.0
248,133.0,19.0,2.0,0.0,17.0,0.0,15.0,0.0,110.0,3.0,0.0,34.0,63.0,1.0,6.0,7.0,0.0,45.0,0.0,21.0,57.0,81.0,45.0,65.0,58.0,29.0,0.0,63.0,63.0,0.0,36.0,0.0,1.0,42.0,0.0,0.0,0.0,0.0,34.0,57.0,65.0,44.0,1.0,3.0,53.0,9.0,27.0,52.0,0.0,0.0,60.0,9.0,31.0,0.0,74.0,38.0,26.0,43.0,67.0,9.0,0.0,0.0,9.0,48.0,20.0,46.0,0.0,25.0,0.0,36.0,10.0,81.0,0.0,0.0,11.0,66.0,51.0,34.0,83.0,3.0,0.0,150.0,65.0,49.0,5.0,0.0,138.0,152.0,38.0,5.0,15.0,19.0,0.0,19.0,0.0,44.0,67.0,14.0,22.0,38.0
249,38.0,42.0,1.0,12.0,0.0,73.0,8.0,0.0,112.0,5.0,0.0,76.0,57.0,24.0,17.0,42.0,0.0,2.0,0.0,83.0,35.0,75.0,13.0,0.0,63.0,16.0,0.0,40.0,36.0,2.0,0.0,0.0,0.0,12.0,0.0,0.0,0.0,15.0,0.0,57.0,34.0,118.0,30.0,22.0,32.0,63.0,1.0,27.0,0.0,40.0,18.0,12.0,0.0,0.0,69.0,53.0,43.0,29.0,12.0,16.0,38.0,0.0,78.0,30.0,14.0,0.0,0.0,0.0,0.0,33.0,14.0,59.0,0.0,0.0,20.0,5.0,36.0,9.0,48.0,16.0,51.0,111.0,60.0,0.0,0.0,3.0,79.0,131.0,50.0,40.0,0.0,37.0,0.0,46.0,0.0,27.0,107.0,0.0,40.0,19.0
250,56.0,0.0,48.0,0.0,0.0,36.0,0.0,36.0,54.0,20.0,0.0,68.0,128.0,66.0,32.0,6.0,0.0,38.0,0.0,104.0,60.0,65.0,52.0,0.0,63.0,0.0,56.0,36.0,74.0,0.0,17.0,0.0,0.0,65.0,32.0,0.0,5.0,16.0,0.0,36.0,55.0,109.0,13.0,8.0,36.0,65.0,29.0,8.0,0.0,30.0,10.0,27.0,29.0,0.0,15.0,21.0,49.0,34.0,0.0,10.0,3.0,0.0,7.0,0.0,18.0,51.0,0.0,26.0,4.0,52.0,17.0,15.0,0.0,0.0,6.0,37.0,59.0,74.0,48.0,52.0,0.0,39.0,110.0,32.0,6.0,24.0,100.0,75.0,25.0,2.0,0.0,95.0,0.0,39.0,0.0,30.0,37.0,0.0,54.0,44.0
251,106.0,0.0,31.0,2.0,81.0,70.0,3.0,0.0,82.0,42.0,35.0,61.0,83.0,88.0,18.0,0.0,0.0,7.0,8.0,100.0,27.0,30.0,36.0,0.0,40.0,29.0,21.0,63.0,110.0,0.0,1.0,0.0,79.0,38.0,0.0,0.0,0.0,32.0,0.0,0.0,0.0,62.0,0.0,69.0,45.0,99.0,72.0,1.0,53.0,19.0,24.0,0.0,0.0,0.0,42.0,55.0,65.0,68.0,11.0,0.0,8.0,4.0,0.0,23.0,36.0,83.0,0.0,26.0,0.0,89.0,0.0,35.0,0.0,3.0,25.0,14.0,82.0,86.0,94.0,0.0,0.0,34.0,34.0,16.0,1.0,25.0,54.0,71.0,6.0,8.0,0.0,59.0,0.0,6.0,0.0,0.0,106.0,0.0,13.0,0.0
252,39.0,34.0,41.0,25.0,84.0,61.0,0.0,21.0,51.0,53.0,0.0,44.0,53.0,59.0,1.0,0.0,0.0,45.0,0.0,28.0,33.0,86.0,59.0,41.0,75.0,45.0,12.0,14.0,97.0,0.0,28.0,0.0,76.0,0.0,0.0,0.0,0.0,99.0,2.0,0.0,56.0,23.0,26.0,39.0,0.0,25.0,79.0,54.0,47.0,67.0,1.0,0.0,2.0,0.0,32.0,14.0,4.0,41.0,50.0,36.0,3.0,37.0,0.0,0.0,72.0,18.0,0.0,29.0,0.0,40.0,76.0,44.0,0.0,0.0,25.0,35.0,59.0,18.0,38.0,0.0,8.0,29.0,86.0,0.0,17.0,12.0,85.0,54.0,0.0,0.0,0.0,47.0,4.0,33.0,0.0,0.0,52.0,12.0,36.0,64.0
253,95.0,14.0,0.0,12.0,63.0,79.0,44.0,1.0,90.0,49.0,21.0,13.0,31.0,0.0,28.0,0.0,0.0,73.0,0.0,16.0,6.0,78.0,21.0,45.0,18.0,26.0,25.0,70.0,31.0,0.0,44.0,0.0,44.0,0.0,27.0,0.0,21.0,51.0,0.0,0.0,26.0,0.0,0.0,45.0,19.0,57.0,31.0,57.0,50.0,93.0,38.0,0.0,60.0,32.0,0.0,17.0,58.0,95.0,74.0,40.0,5.0,37.0,6.0,0.0,9.0,29.0,0.0,0.0,0.0,6.0,2.0,69.0,0.0,0.0,71.0,90.0,14.0,40.0,33.0,0.0,0.0,94.0,71.0,40.0,1.0,44.0,35.0,96.0,50.0,12.0,48.0,0.0,0.0,76.0,0.0,0.0,78.0,0.0,0.0,47.0
254,114.0,23.0,0.0,0.0,25.0,14.0,33.0,1.0,67.0,70.0,0.0,53.0,51.0,28.0,0.0,0.0,0.0,74.0,0.0,82.0,30.0,0.0,39.0,28.0,42.0,43.0,0.0,50.0,116.0,0.0,21.0,10.0,6.0,59.0,25.0,0.0,0.0,63.0,17.0,12.0,94.0,9.0,32.0,48.0,19.0,14.0,62.0,35.0,0.0,35.0,0.0,0.0,27.0,4.0,0.0,41.0,47.0,59.0,78.0,38.0,23.0,36.0,16.0,33.0,33.0,70.0,0.0,125.0,0.0,85.0,41.0,39.0,13.0,0.0,40.0,156.0,2.0,14.0,12.0,29.0,0.0,19.0,98.0,14.0,25.0,18.0,35.0,50.0,0.0,1.0,14.0,47.0,0.0,5.0,0.0,15.0,69.0,0.0,45.0,1.0
255,77.0,0.0,0.0,41.0,57.0,58.0,0.0,49.0,15.0,63.0,0.0,50.0,56.0,49.0,8.0,5.0,0.0,16.0,0.0,96.0,0.0,11.0,68.0,40.0,92.0,9.0,23.0,62.0,80.0,0.0,70.0,0.0,19.0,55.0,0.0,0.0,0.0,80.0,12.0,30.0,37.0,32.0,3.0,54.0,38.0,63.0,31.0,28.0,0.0,53.0,94.0,0.0,39.0,0.0,47.0,23.0,58.0,35.0,17.0,57.0,82.0,0.0,59.0,1.0,21.0,9.0,7.0,57.0,0.0,22.0,6.0,34.0,52.0,0.0,13.0,118.0,0.0,39.0,14.0,9.0,24.0,36.0,81.0,30.0,65.0,29.0,65.0,51.0,7.0,13.0,0.0,46.0,0.0,23.0,0.0,0.0,29.0,15.0,49.0,6.0
256,23.0,9.0,0.0,0.0,0.0,24.0,27.0,7.0,17.0,83.0,12.0,116.0,47.0,71.0,35.0,0.0,0.0,27.0,0.0,57.0,16.0,11.0,61.0,40.0,134.0,39.0,22.0,63.0,64.0,0.0,42.0,5.0,8.0,0.0,0.0,0.0,4.0,85.0,8.0,4.0,110.0,23.0,9.0,24.0,0.0,38.0,32.0,29.0,26.0,14.0,17.0,54.0,34.0,15.0,60.0,24.0,77.0,56.0,27.0,56.0,58.0,22.0,2.0,22.0,15.0,0.0,0.0,76.0,0.0,34.0,0.0,72.0,0.0,0.0,9.0,93.0,0.0,54.0,77.0,6.0,19.0,48.0,63.0,65.0,28.0,0.0,70.0,137.0,0.0,2.0,0.0,54.0,0.0,2.0,0.0,0.0,51.0,3.0,31.0,44.0
257,45.0,50.0,17.0,52.0,43.0,30.0,0.0,72.0,75.0,21.0,64.0,79.0,80.0,43.0,43.0,0.0,0.0,46.0,0.0,64.0,120.0,56.0,20.0,47.0,90.0,60.0,0.0,68.0,123.0,17.0,5.0,0.0,0.0,0.0,41.0,0.0,1.0,42.0,27.0,16.0,78.0,36.0,6.0,23.0,13.0,25.0,0.0,21.0,0.0,60.0,68.0,0.0,37.0,9.0,51.0,34.0,26.0,0.0,0.0,0.0,39.0,0.0,29.0,0.0,77.0,0.0,0.0,16.0,0.0,21.0,0.0,79.0,0.0,5.0,30.0,61.0,0.0,45.0,33.0,0.0,23.0,103.0,16.0,27.0,15.0,7.0,49.0,55.0,3.0,44.0,0.0,19.0,0.0,14.0,7.0,0.0,83.0,79.0,35.0,64.0
258,70.0,18.0,31.0,41.0,23.0,3.0,0.0,56.0,98.0,14.0,29.0,3.0,56.0,15.0,16.0,0.0,0.0,20.0,0.0,94.0,61.0,48.0,54.0,29.0,71.0,69.0,0.0,67.0,0.0,47.0,51.0,0.0,0.0,0.0,38.0,0.0,0.0,17.0,0.0,0.0,39.0,103.0,20.0,53.0,39.0,76.0,61.0,15.0,9.0,83.0,26.0,0.0,35.0,0.0,38.0,14.0,60.0,0.0,0.0,7.0,30.0,39.0,57.0,30.0,61.0,59.0,0.0,13.0,0.0,45.0,6.0,40.0,14.0,0.0,70.0,54.0,18.0,38.0,26.0,0.0,36.0,93.0,60.0,0.0,0.0,0.0,67.0,90.0,0.0,62.0,17.0,26.0,0.0,2.0,0.0,0.0,117.0,40.0,59.0,36.0
259,128.0,1.0,2.0,30.0,30.0,8.0,24.0,21.0,100.0,36.0,0.0,37.0,60.0,16.0,48.0,0.0,0.0,0.0,8.0,47.0,20.0,99.0,47.0,50.0,7.0,63.0,13.0,41.0,111.0,1.0,73.0,0.0,2.0,0.0,59.0,0.0,0.0,2.0,0.0,45.0,50.0,78.0,14.0,32.0,99.0,59.0,46.0,56.0,1.0,62.0,15.0,0.0,3.0,11.0,97.0,43.0,58.0,0.0,6.0,17.0,0.0,35.0,2.0,0.0,31.0,64.0,0.0,48.0,0.0,55.0,4.0,0.0,17.0,0.0,51.0,69.0,19.0,71.0,22.0,6.0,8.0,86.0,69.0,0.0,27.0,6.0,5.0,15.0,92.0,50.0,0.0,16.0,0.0,12.0,3.0,0.0,79.0,18.0,84.0,45.0
260,123.0,33.0,1.0,38.0,0.0,0.0,0.0,0.0,88.0,27.0,0.0,94.0,35.0,33.0,20.0,0.0,0.0,7.0,0.0,42.0,29.0,144.0,13.0,42.0,15.0,0.0,0.0,47.0,36.0,0.0,16.0,0.0,44.0,0.0,34.0,0.0,0.0,22.0,21.0,22.0,53.0,7.0,0.0,17.0,45.0,17.0,20.0,39.0,0.0,34.0,11.0,22.0,3.0,0.0,25.0,0.0,29.0,0.0,91.0,0.0,27.0,31.0,32.0,86.0,106.0,23.0,23.0,70.0,0.0,93.0,14.0,53.0,0.0,0.0,8.0,95.0,57.0,81.0,62.0,0.0,0.0,68.0,13.0,0.0,29.0,0.0,34.0,102.0,16.0,76.0,0.0,23.0,0.0,58.0,0.0,30.0,48.0,42.0,80.0,0.0
261,58.0,35.0,0.0,0.0,0.0,0.0,0.0,0.0,44.0,47.0,0.0,33.0,0.0,43.0,21.0,28.0,16.0,3.0,0.0,47.0,48.0,105.0,0.0,0.0,38.0,54.0,0.0,0.0,52.0,0.0,0.0,0.0,34.0,52.0,35.0,0.0,0.0,48.0,15.0,51.0,43.0,33.0,0.0,43.0,51.0,0.0,67.0,38.0,0.0,15.0,22.0,34.0,4.0,0.0,35.0,20.0,10.0,87.0,35.0,23.0,0.0,26.0,19.0,89.0,81.0,42.0,0.0,7.0,0.0,60.0,0.0,44.0,30.0,0.0,63.0,116.0,55.0,87.0,12.0,0.0,0.0,0.0,31.0,0.0,0.0,0.0,78.0,142.0,4.0,9.0,9.0,57.0,0.0,29.0,0.0,7.0,57.0,0.0,48.0,12.0
262,103.0,36.0,0.0,0.0,20.0,50.0,14.0,0.0,39.0,60.0,17.0,35.0,112.0,32.0,0.0,39.0,0.0,38.0,0.0,64.0,0.0,67.0,54.0,0.0,40.0,53.0,25.0,68.0,61.0,0.0,42.0,0.0,37.0,0.0,23.0,0.0,0.0,66.0,24.0,40.0,67.0,71.0,33.0,41.0,0.0,82.0,63.0,4.0,63.0,24.0,58.0,0.0,5.0,0.0,21.0,0.0,45.0,42.0,53.0,2.0,0.0,18.0,0.0,12.0,66.0,0.0,0.0,13.0,4.0,42.0,0.0,110.0,0.0,0.0,30.0,64.0,21.0,26.0,50.0,0.0,13.0,44.0,0.0,0.0,0.0,3.0,74.0,83.0,53.0,9.0,6.0,0.0,0.0,2.0,3.0,13.0,74.0,44.0,34.0,43.0
263,93.0,2.0,14.0,28.0,0.0,72.0,0.0,25.0,0.0,50.0,0.0,35.0,73.0,0.0,2.0,0.0,0.0,34.0,0.0,122.0,45.0,60.0,23.0,14.0,24.0,0.0,3.0,72.0,101.0,0.0,37.0,0.0,3.0,15.0,5.0,0.0,0.0,65.0,36.0,0.0,79.0,53.0,60.0,22.0,0.0,64.0,40.0,27.0,62.0,72.0,0.0,11.0,19.0,0.0,42.0,18.0,8.0,5.0,59.0,26.0,26.0,0.0,21.0,25.0,67.0,46.0,0.0,16.0,0.0,84.0,0.0,129.0,29.0,0.0,51.0,20.0,1.0,26.0,64.0,0.0,7.0,24.0,63.0,0.0,22.0,12.0,73.0,104.0,17.0,0.0,0.0,28.0,2.0,55.0,8.0,55.0,51.0,0.0,35.0,71.0
264,55.0,8.0,14.0,0.0,5.0,96.0,0.0,0.0,58.0,38.0,0.0,42.0,68.0,5.0,0.0,0.0,0.0,52.0,0.0,99.0,50.0,54.0,29.0,68.0,22.0,5.0,0.0,65.0,99.0,0.0,67.0,0.0,0.0,45.0,25.0,0.0,0.0,65.0,36.0,34.0,74.0,94.0,36.0,31.0,33.0,65.0,23.0,29.0,37.0,31.0,14.0,11.0,30.0,0.0,24.0,0.0,41.0,64.0,31.0,9.0,16.0,6.0,16.0,55.0,21.0,0.0,0.0,2.0,0.0,64.0,2.0,86.0,25.0,0.0,7.0,47.0,6.0,29.0,26.0,6.0,0.0,45.0,62.0,31.0,39.0,2.0,83.0,86.0,29.0,0.0,0.0,59.0,0.0,40.0,0.0,27.0,58.0,28.0,31.0,83.0
265,68.0,0.0,23.0,9.0,69.0,88.0,0.0,1.0,55.0,2.0,0.0,112.0,87.0,66.0,11.0,0.0,0.0,10.0,0.0,62.0,80.0,50.0,24.0,47.0,105.0,25.0,0.0,78.0,67.0,0.0,31.0,0.0,0.0,30.0,6.0,0.0,0.0,75.0,5.0,44.0,43.0,95.0,19.0,1.0,42.0,44.0,35.0,27.0,0.0,68.0,0.0,12.0,41.0,0.0,66.0,0.0,44.0,50.0,7.0,0.0,10.0,17.0,13.0,67.0,0.0,57.0,0.0,54.0,0.0,63.0,47.0,51.0,23.0,0.0,0.0,61.0,3.0,19.0,35.0,0.0,0.0,73.0,46.0,3.0,0.0,18.0,60.0,95.0,19.0,10.0,0.0,16.0,0.0,21.0,0.0,6.0,68.0,38.0,29.0,48.0
266,14.0,22.0,17.0,0.0,39.0,59.0,23.0,2.0,65.0,43.0,0.0,37.0,83.0,51.0,0.0,0.0,0.0,16.0,0.0,84.0,18.0,87.0,0.0,55.0,92.0,65.0,30.0,82.0,96.0,4.0,0.0,0.0,0.0,42.0,13.0,16.0,0.0,114.0,6.0,40.0,38.0,64.0,0.0,36.0,14.0,48.0,0.0,12.0,39.0,0.0,0.0,0.0,63.0,0.0,78.0,51.0,20.0,65.0,54.0,8.0,11.0,0.0,1.0,37.0,43.0,38.0,0.0,37.0,0.0,57.0,25.0,80.0,2.0,0.0,0.0,74.0,0.0,10.0,16.0,0.0,0.0,90.0,88.0,0.0,10.0,1.0,90.0,64.0,40.0,1.0,0.0,38.0,0.0,53.0,0.0,50.0,53.0,21.0,57.0,48.0
267,72.0,36.0,22.0,22.0,30.0,53.0,25.0,2.0,61.0,6.0,0.0,45.0,63.0,30.0,15.0,0.0,0.0,18.0,0.0,42.0,34.0,74.0,28.0,0.0,126.0,49.0,29.0,23.0,106.0,0.0,0.0,0.0,1.0,56.0,41.0,0.0,0.0,68.0,22.0,33.0,65.0,61.0,17.0,18.0,28.0,38.0,61.0,40.0,0.0,19.0,40.0,0.0,50.0,0.0,14.0,38.0,5.0,34.0,45.0,43.0,0.0,1.0,2.0,29.0,3.0,40.0,0.0,0.0,0.0,21.0,0.0,76.0,23.0,0.0,15.0,55.0,4.0,0.0,68.0,21.0,0.0,91.0,71.0,24.0,15.0,0.0,126.0,109.0,24.0,0.0,0.0,104.0,0.0,67.0,0.0,0.0,33.0,38.0,40.0,3.0
268,128.0,23.0,0.0,0.0,19.0,0.0,12.0,4.0,112.0,6.0,0.0,40.0,82.0,0.0,4.0,4.0,0.0,32.0,0.0,18.0,50.0,81.0,37.0,60.0,68.0,0.0,0.0,54.0,74.0,0.0,30.0,0.0,1.0,26.0,0.0,0.0,0.0,0.0,32.0,55.0,80.0,39.0,0.0,7.0,65.0,1.0,37.0,47.0,0.0,0.0,64.0,5.0,37.0,0.0,69.0,34.0,29.0,40.0,71.0,11.0,4.0,0.0,13.0,44.0,11.0,42.0,0.0,25.0,0.0,33.0,2.0,81.0,0.0,0.0,15.0,62.0,66.0,43.0,96.0,1.0,0.0,160.0,74.0,52.0,6.0,0.0,140.0,167.0,41.0,0.0,0.0,23.0,0.0,20.0,0.0,41.0,80.0,9.0,19.0,41.0
269,40.0,41.0,0.0,13.0,6.0,77.0,5.0,0.0,110.0,8.0,0.0,84.0,66.0,28.0,17.0,13.0,0.0,0.0,0.0,89.0,24.0,83.0,10.0,0.0,65.0,23.0,0.0,35.0,28.0,0.0,0.0,0.0,0.0,11.0,0.0,0.0,0.0,11.0,0.0,52.0,41.0,122.0,22.0,19.0,40.0,67.0,0.0,41.0,0.0,45.0,15.0,7.0,0.0,0.0,69.0,34.0,43.0,28.0,10.0,15.0,40.0,0.0,83.0,26.0,8.0,0.0,0.0,0.0,0.0,32.0,9.0,49.0,0.0,0.0,20.0,18.0,42.0,22.0,51.0,13.0,49.0,119.0,65.0,0.0,0.0,0.0,74.0,147.0,53.0,38.0,0.0,39.0,0.0,44.0,0.0,20.0,120.0,0.0,33.0,16.0
270,65.0,0.0,46.0,0.0,4.0,31.0,0.0,46.0,50.0,22.0,0.0,66.0,128.0,63.0,33.0,4.0,0.0,49.0,0.0,101.0,51.0,75.0,55.0,0.0,55.0,7.0,58.0,39.0,76.0,0.0,17.0,0.0,0.0,63.0,27.0,0.0,6.0,13.0,0.0,29.0,62.0,112.0,17.0,19.0,35.0,78.0,28.0,11.0,0.0,41.0,3.0,24.0,28.0,0.0,21.0,20.0,53.0,27.0,0.0,13.0,7.0,0.0,14.0,0.0,21.0,64.0,0.0,36.0,3.0,53.0,11.0,6.0,0.0,0.0,15.0,39.0,36.0,78.0,46.0,28.0,0.0,35.0,110.0,30.0,1.0,24.0,100.0,87.0,28.0,0.0,0.0,99.0,0.0,39.0,0.0,26.0,38.0,0.0,48.0,39.0
271,117.0,0.0,33.0,2.0,87.0,66.0,0.0,0.0,78.0,39.0,32.0,69.0,82.0,98.0,13.0,0.0,0.0,10.0,8.0,101.0,17.0,30.0,47.0,0.0,33.0,29.0,14.0,66.0,125.0,0.0,6.0,0.0,83.0,34.0,0.0,0.0,0.0,31.0,0.0,0.0,7.0,70.0,0.0,65.0,48.0,110.0,66.0,1.0,49.0,17.0,22.0,0.0,0.0,0.0,47.0,51.0,80.0,85.0,8.0,3.0,15.0,10.0,2.0,20.0,33.0,89.0,0.0,33.0,0.0,86.0,0.0,42.0,0.0,2.0,31.0,18.0,85.0,89.0,94.0,0.0,0.0,25.0,26.0,14.0,0.0,24.0,48.0,63.0,0.0,5.0,0.0,63.0,0.0,1.0,0.0,0.0,40.0,0.0,28.0,0.0
272,42.0,33.0,37.0,22.0,92.0,56.0,0.0,30.0,44.0,62.0,0.0,53.0,46.0,63.0,0.0,0.0,0.0,46.0,0.0,32.0,33.0,81.0,60.0,37.0,57.0,57.0,13.0,11.0,0.0,0.0,21.0,0.0,80.0,0.0,0.0,0.0,0.0,118.0,0.0,0.0,66.0,24.0,26.0,41.0,10.0,29.0,76.0,48.0,45.0,71.0,0.0,0.0,0.0,0.0,25.0,9.0,11.0,32.0,54.0,34.0,10.0,39.0,0.0,0.0,89.0,16.0,0.0,36.0,0.0,50.0,73.0,45.0,0.0,0.0,33.0,13.0,58.0,17.0,32.0,0.0,5.0,16.0,85.0,0.0,11.0,19.0,78.0,55.0,0.0,0.0,0.0,49.0,3.0,30.0,0.0,0.0,48.0,14.0,39.0,59.0
273,86.0,15.0,0.0,11.0,60.0,73.0,42.0,7.0,86.0,50.0,17.0,17.0,15.0,0.0,22.0,0.0,0.0,77.0,0.0,35.0,3.0,97.0,20.0,39.0,31.0,37.0,24.0,76.0,34.0,0.0,51.0,0.0,52.0,0.0,30.0,0.0,19.0,60.0,0.0,0.0,26.0,0.0,0.0,38.0,17.0,61.0,33.0,48.0,47.0,80.0,46.0,0.0,59.0,10.0,0.0,13.0,62.0,92.0,68.0,13.0,13.0,39.0,12.0,0.0,16.0,24.0,0.0,6.0,0.0,7.0,0.0,78.0,0.0,0.0,78.0,109.0,8.0,44.0,26.0,0.0,0.0,74.0,76.0,33.0,0.0,43.0,26.0,118.0,45.0,14.0,22.0,0.0,0.0,71.0,0.0,0.0,78.0,1.0,0.0,51.0
274,109.0,20.0,0.0,0.0,31.0,5.0,32.0,0.0,81.0,66.0,0.0,47.0,34.0,19.0,0.0,0.0,0.0,71.0,0.0,91.0,28.0,5.0,46.0,17.0,32.0,41.0,0.0,42.0,124.0,0.0,24.0,9.0,0.0,52.0,21.0,0.0,0.0,53.0,17.0,3.0,103.0,6.0,32.0,50.0,22.0,15.0,69.0,34.0,0.0,31.0,3.0,0.0,23.0,6.0,6.0,32.0,55.0,54.0,72.0,37.0,25.0,36.0,15.0,24.0,26.0,63.0,0.0,117.0,0.0,94.0,35.0,45.0,8.0,0.0,47.0,149.0,0.0,8.0,1.0,26.0,0.0,0.0,93.0,6.0,29.0,18.0,27.0,47.0,0.0,0.0,0.0,50.0,0.0,0.0,0.0,10.0,66.0,3.0,43.0,4.0
275,72.0,0.0,0.0,35.0,53.0,53.0,0.0,47.0,17.0,73.0,0.0,55.0,49.0,42.0,21.0,1.0,0.0,18.0,0.0,110.0,0.0,11.0,72.0,29.0,46.0,15.0,24.0,64.0,100.0,0.0,69.0,0.0,16.0,41.0,0.0,0.0,0.0,76.0,14.0,24.0,37.0,35.0,0.0,50.0,50.0,63.0,32.0,32.0,0.0,53.0,97.0,0.0,38.0,0.0,50.0,17.0,65.0,29.0,23.0,65.0,83.0,0.0,64.0,0.0,19.0,4.0,4.0,74.0,0.0,26.0,0.0,33.0,31.0,0.0,11.0,139.0,0.0,55.0,10.0,7.0,21.0,28.0,93.0,20.0,66.0,28.0,75.0,70.0,11.0,10.0,0.0,37.0,0.0,16.0,0.0,0.0,27.0,19.0,47.0,14.0
276,14.0,13.0,0.0,0.0,0.0,14.0,23.0,10.0,5.0,76.0,8.0,126.0,40.0,73.0,36.0,0.0,0.0,24.0,0.0,70.0,20.0,6.0,61.0,46.0,139.0,52.0,17.0,67.0,75.0,0.0,48.0,4.0,4.0,0.0,0.0,0.0,2.0,74.0,10.0,0.0,117.0,22.0,4.0,29.0,0.0,38.0,34.0,26.0,24.0,13.0,18.0,6.0,43.0,11.0,58.0,23.0,78.0,46.0,17.0,54.0,55.0,20.0,4.0,16.0,31.0,0.0,0.0,76.0,0.0,27.0,0.0,73.0,0.0,0.0,7.0,93.0,0.0,52.0,67.0,4.0,17.0,31.0,62.0,66.0,31.0,0.0,80.0,141.0,0.0,0.0,0.0,59.0,0.0,0.0,0.0,0.0,52.0,6.0,48.0,38.0
277,43.0,47.0,12.0,54.0,44.0,31.0,0.0,25.0,78.0,15.0,60.0,93.0,75.0,37.0,51.0,0.0,0.0,42.0,0.0,76.0,120.0,55.0,19.0,44.0,85.0,54.0,0.0,61.0,143.0,12.0,6.0,0.0,0.0,0.0,41.0,0.0,0.0,29.0,24.0,14.0,86.0,52.0,0.0,24.0,11.0,22.0,0.0,16.0,0.0,61.0,61.0,0.0,39.0,3.0,67.0,31.0,27.0,0.0,0.0,0.0,50.0,0.0,30.0,0.0,41.0,0.0,0.0,8.0,0.0,12.0,0.0,80.0,0.0,4.0,35.0,77.0,0.0,50.0,50.0,0.0,19.0,90.0,19.0,16.0,10.0,4.0,53.0,57.0,0.0,46.0,0.0,27.0,0.0,17.0,5.0,0.0,90.0,78.0,29.0,75.0
278,84.0,23.0,22.0,38.0,25.0,0.0,0.0,56.0,94.0,7.0,6.0,10.0,43.0,17.0,15.0,0.0,0.0,19.0,0.0,102.0,62.0,46.0,59.0,20.0,65.0,77.0,0.0,62.0,16.0,0.0,51.0,0.0,0.0,0.0,42.0,0.0,0.0,21.0,0.0,0.0,56.0,121.0,15.0,47.0,53.0,77.0,55.0,21.0,7.0,88.0,32.0,0.0,36.0,0.0,46.0,9.0,55.0,0.0,0.0,4.0,26.0,37.0,57.0,24.0,60.0,0.0,0.0,10.0,0.0,38.0,0.0,45.0,8.0,0.0,79.0,58.0,12.0,44.0,28.0,0.0,14.0,78.0,57.0,0.0,0.0,0.0,72.0,86.0,0.0,69.0,19.0,30.0,0.0,0.0,0.0,0.0,117.0,51.0,73.0,44.0
279,142.0,0.0,0.0,26.0,33.0,11.0,20.0,19.0,96.0,29.0,0.0,38.0,55.0,0.0,46.0,0.0,0.0,0.0,0.0,49.0,17.0,97.0,52.0,6.0,7.0,60.0,10.0,36.0,115.0,0.0,67.0,0.0,0.0,0.0,56.0,0.0,0.0,0.0,0.0,47.0,57.0,94.0,8.0,36.0,110.0,66.0,43.0,54.0,0.0,59.0,15.0,0.0,4.0,5.0,98.0,42.0,56.0,0.0,0.0,20.0,0.0,38.0,8.0,0.0,48.0,77.0,0.0,39.0,0.0,59.0,0.0,0.0,18.0,0.0,56.0,61.0,11.0,71.0,16.0,4.0,0.0,70.0,72.0,0.0,28.0,1.0,3.0,21.0,93.0,49.0,0.0,17.0,0.0,12.0,1.0,0.0,93.0,14.0,83.0,50.0
280,121.0,31.0,0.0,40.0,3.0,3.0,0.0,0.0,78.0,16.0,0.0,94.0,31.0,27.0,22.0,0.0,0.0,0.0,0.0,37.0,18.0,162.0,13.0,37.0,9.0,0.0,0.0,38.0,39.0,0.0,21.0,0.0,32.0,0.0,31.0,0.0,0.0,33.0,17.0,23.0,62.0,4.0,0.0,14.0,45.0,24.0,12.0,40.0,0.0,29.0,11.0,0.0,3.0,0.0,22.0,0.0,24.0,0.0,84.0,1.0,22.0,28.0,33.0,97.0,116.0,27.0,21.0,64.0,0.0,84.0,9.0,46.0,0.0,0.0,4.0,91.0,48.0,77.0,54.0,0.0,0.0,48.0,10.0,0.0,26.0,0.0,24.0,91.0,12.0,74.0,0.0,23.0,0.0,49.0,0.0,24.0,50.0,46.0,84.0,0.0
281,52.0,29.0,0.0,0.0,0.0,1.0,0.0,0.0,37.0,51.0,0.0,33.0,0.0,33.0,19.0,11.0,15.0,0.0,0.0,50.0,49.0,119.0,0.0,0.0,32.0,55.0,0.0,0.0,49.0,0.0,0.0,0.0,40.0,55.0,29.0,0.0,0.0,51.0,16.0,55.0,37.0,32.0,0.0,44.0,50.0,9.0,64.0,34.0,0.0,11.0,21.0,0.0,0.0,0.0,35.0,18.0,11.0,94.0,24.0,24.0,0.0,25.0,21.0,92.0,91.0,41.0,0.0,0.0,0.0,49.0,0.0,33.0,29.0,0.0,56.0,108.0,44.0,98.0,7.0,0.0,0.0,0.0,34.0,0.0,0.0,0.0,79.0,137.0,0.0,8.0,8.0,68.0,0.0,28.0,0.0,0.0,63.0,0.0,42.0,7.0
282,101.0,34.0,0.0,0.0,31.0,50.0,14.0,0.0,32.0,57.0,13.0,39.0,114.0,26.0,0.0,24.0,0.0,36.0,0.0,65.0,4.0,69.0,53.0,0.0,39.0,63.0,21.0,58.0,67.0,0.0,40.0,0.0,31.0,4.0,25.0,0.0,0.0,72.0,19.0,40.0,78.0,68.0,30.0,32.0,0.0,90.0,53.0,0.0,63.0,30.0,53.0,0.0,0.0,0.0,31.0,0.0,45.0,37.0,62.0,5.0,0.0,13.0,0.0,11.0,72.0,0.0,0.0,8.0,3.0,44.0,0.0,105.0,0.0,0.0,24.0,75.0,16.0,24.0,46.0,0.0,0.0,26.0,0.0,0.0,0.0,0.0,74.0,91.0,44.0,9.0,5.0,3.0,0.0,7.0,1.0,7.0,81.0,42.0,30.0,55.0
283,88.0,0.0,14.0,24.0,4.0,73.0,0.0,23.0,0.0,44.0,0.0,33.0,79.0,0.0,0.0,0.0,0.0,30.0,0.0,125.0,45.0,56.0,22.0,14.0,30.0,4.0,0.0,67.0,120.0,0.0,36.0,0.0,0.0,16.0,1.0,0.0,0.0,71.0,30.0,0.0,86.0,62.0,53.0,21.0,0.0,75.0,40.0,26.0,54.0,74.0,0.0,0.0,13.0,0.0,42.0,17.0,15.0,0.0,48.0,21.0,23.0,0.0,25.0,21.0,72.0,43.0,0.0,15.0,0.0,78.0,0.0,130.0,27.0,0.0,46.0,18.0,0.0,24.0,61.0,0.0,0.0,28.0,79.0,0.0,14.0,7.0,72.0,116.0,8.0,0.0,0.0,26.0,1.0,54.0,7.0,54.0,53.0,0.0,36.0,28.0
284,57.0,0.0,15.0,0.0,11.0,8.0,0.0,0.0,57.0,32.0,0.0,43.0,74.0,0.0,0.0,0.0,0.0,49.0,0.0,107.0,52.0,52.0,32.0,70.0,37.0,9.0,0.0,55.0,108.0,0.0,63.0,0.0,0.0,46.0,24.0,0.0,0.0,71.0,36.0,35.0,82.0,92.0,33.0,26.0,36.0,74.0,21.0,26.0,40.0,27.0,18.0,0.0,26.0,0.0,25.0,0.0,44.0,72.0,25.0,8.0,20.0,0.0,18.0,49.0,24.0,0.0,0.0,0.0,0.0,73.0,0.0,84.0,19.0,0.0,12.0,52.0,2.0,28.0,26.0,4.0,0.0,37.0,76.0,3.0,35.0,0.0,86.0,93.0,37.0,0.0,0.0,63.0,0.0,43.0,0.0,14.0,62.0,25.0,29.0,89.0
285,67.0,0.0,23.0,4.0,76.0,100.0,0.0,0.0,60.0,0.0,0.0,130.0,74.0,64.0,7.0,0.0,0.0,10.0,0.0,82.0,81.0,62.0,20.0,51.0,113.0,30.0,0.0,33.0,77.0,0.0,25.0,0.0,0.0,27.0,4.0,0.0,0.0,73.0,5.0,47.0,37.0,104.0,17.0,0.0,50.0,54.0,28.0,0.0,1.0,65.0,0.0,0.0,54.0,0.0,63.0,1.0,50.0,51.0,1.0,0.0,7.0,10.0,0.0,63.0,4.0,61.0,0.0,57.0,0.0,62.0,43.0,45.0,22.0,0.0,0.0,64.0,0.0,20.0,34.0,0.0,0.0,68.0,51.0,0.0,0.0,17.0,80.0,98.0,18.0,10.0,0.0,0.0,0.0,19.0,0.0,0.0,19.0,38.0,28.0,48.0
286,13.0,17.0,11.0,0.0,49.0,67.0,21.0,2.0,74.0,46.0,0.0,48.0,90.0,53.0,0.0,0.0,0.0,16.0,0.0,92.0,13.0,93.0,0.0,57.0,106.0,73.0,0.0,85.0,106.0,0.0,0.0,0.0,0.0,41.0,7.0,15.0,0.0,110.0,0.0,14.0,51.0,63.0,0.0,0.0,16.0,57.0,0.0,18.0,37.0,0.0,0.0,0.0,54.0,0.0,81.0,54.0,0.0,61.0,40.0,15.0,8.0,0.0,3.0,31.0,48.0,51.0,0.0,37.0,0.0,56.0,20.0,88.0,0.0,0.0,0.0,75.0,0.0,11.0,22.0,0.0,0.0,82.0,97.0,0.0,11.0,0.0,98.0,63.0,39.0,1.0,0.0,47.0,0.0,49.0,0.0,38.0,54.0,20.0,56.0,50.0
287,65.0,27.0,24.0,17.0,29.0,51.0,24.0,0.0,68.0,6.0,0.0,54.0,69.0,26.0,11.0,0.0,0.0,19.0,0.0,51.0,33.0,81.0,23.0,1.0,137.0,53.0,25.0,22.0,117.0,0.0,0.0,0.0,1.0,61.0,34.0,0.0,0.0,78.0,18.0,31.0,65.0,76.0,13.0,22.0,25.0,47.0,62.0,45.0,0.0,16.0,44.0,0.0,45.0,0.0,26.0,44.0,5.0,25.0,48.0,46.0,0.0,0.0,1.0,29.0,11.0,47.0,0.0,0.0,0.0,20.0,0.0,75.0,19.0,0.0,17.0,52.0,7.0,10.0,70.0,19.0,0.0,89.0,87.0,14.0,14.0,0.0,135.0,119.0,21.0,0.0,0.0,117.0,0.0,70.0,0.0,0.0,34.0,41.0,40.0,13.0
288,125.0,17.0,0.0,0.0,33.0,0.0,9.0,0.0,41.0,6.0,0.0,49.0,89.0,0.0,0.0,0.0,0.0,31.0,0.0,29.0,55.0,84.0,41.0,60.0,66.0,1.0,0.0,52.0,88.0,0.0,31.0,0.0,2.0,24.0,0.0,0.0,0.0,0.0,19.0,53.0,76.0,45.0,0.0,0.0,67.0,14.0,36.0,53.0,0.0,0.0,70.0,6.0,41.0,0.0,73.0,36.0,39.0,35.0,69.0,16.0,0.0,0.0,22.0,40.0,18.0,49.0,0.0,25.0,0.0,34.0,0.0,80.0,0.0,0.0,7.0,66.0,61.0,41.0,101.0,0.0,0.0,155.0,84.0,44.0,5.0,0.0,148.0,126.0,43.0,0.0,0.0,36.0,0.0,20.0,0.0,39.0,92.0,10.0,0.0,0.0
289,59.0,37.0,0.0,9.0,14.0,68.0,1.0,0.0,116.0,5.0,0.0,88.0,74.0,34.0,16.0,0.0,0.0,0.0,0.0,101.0,26.0,84.0,21.0,0.0,50.0,32.0,1.0,36.0,34.0,0.0,0.0,0.0,1.0,8.0,0.0,0.0,0.0,5.0,0.0,54.0,36.0,128.0,16.0,0.0,53.0,67.0,0.0,43.0,0.0,39.0,16.0,9.0,0.0,0.0,74.0,36.0,48.0,22.0,8.0,18.0,47.0,0.0,87.0,24.0,5.0,1.0,0.0,0.0,0.0,35.0,3.0,43.0,0.0,0.0,28.0,34.0,56.0,32.0,54.0,13.0,0.0,105.0,77.0,0.0,0.0,0.0,80.0,148.0,52.0,34.0,0.0,48.0,0.0,38.0,0.0,17.0,126.0,0.0,35.0,24.0
290,70.0,0.0,40.0,0.0,1.0,46.0,0.0,42.0,46.0,28.0,0.0,77.0,136.0,64.0,36.0,0.0,0.0,51.0,0.0,112.0,54.0,73.0,60.0,1.0,69.0,10.0,58.0,41.0,94.0,0.0,18.0,0.0,8.0,55.0,24.0,0.0,5.0,5.0,0.0,32.0,29.0,119.0,12.0,16.0,32.0,83.0,21.0,6.0,0.0,33.0,2.0,24.0,23.0,0.0,18.0,21.0,60.0,33.0,0.0,0.0,9.0,0.0,20.0,0.0,21.0,68.0,0.0,39.0,2.0,57.0,6.0,0.0,0.0,0.0,19.0,47.0,39.0,90.0,48.0,27.0,0.0,0.0,77.0,22.0,0.0,24.0,99.0,96.0,27.0,0.0,0.0,108.0,0.0,39.0,0.0,23.0,51.0,0.0,57.0,49.0
291,124.0,0.0,26.0,1.0,88.0,70.0,0.0,0.0,91.0,44.0,11.0,76.0,91.0,97.0,15.0,0.0,0.0,10.0,0.0,111.0,17.0,21.0,53.0,2.0,34.0,42.0,20.0,70.0,141.0,0.0,5.0,0.0,90.0,28.0,0.0,0.0,0.0,47.0,0.0,0.0,7.0,75.0,0.0,81.0,46.0,114.0,58.0,0.0,49.0,12.0,20.0,0.0,0.0,0.0,54.0,53.0,81.0,85.0,7.0,4.0,17.0,12.0,0.0,18.0,39.0,92.0,0.0,38.0,0.0,87.0,0.0,36.0,0.0,1.0,30.0,25.0,85.0,91.0,97.0,0.0,0.0,24.0,27.0,6.0,0.0,16.0,46.0,64.0,0.0,4.0,0.0,67.0,0.0,0.0,0.0,0.0,56.0,2.0,24.0,10.0
292,44.0,26.0,33.0,21.0,111.0,64.0,0.0,27.0,47.0,67.0,0.0,51.0,54.0,62.0,0.0,0.0,0.0,47.0,0.0,28.0,38.0,74.0,55.0,41.0,54.0,51.0,14.0,16.0,16.0,0.0,15.0,0.0,76.0,0.0,0.0,0.0,0.0,124.0,0.0,0.0,88.0,30.0,16.0,51.0,20.0,33.0,65.0,58.0,53.0,71.0,0.0,0.0,0.0,0.0,30.0,11.0,8.0,33.0,50.0,42.0,12.0,42.0,0.0,0.0,113.0,18.0,0.0,43.0,0.0,51.0,68.0,55.0,0.0,0.0,44.0,21.0,57.0,28.0,35.0,0.0,0.0,10.0,83.0,0.0,12.0,20.0,84.0,54.0,0.0,0.0,0.0,43.0,0.0,32.0,0.0,0.0,61.0,18.0,37.0,70.0
293,91.0,0.0,0.0,11.0,67.0,73.0,34.0,4.0,89.0,56.0,8.0,24.0,22.0,0.0,18.0,0.0,0.0,71.0,0.0,59.0,8.0,96.0,21.0,45.0,26.0,51.0,24.0,82.0,42.0,0.0,49.0,0.0,52.0,0.0,27.0,0.0,16.0,68.0,0.0,0.0,36.0,4.0,0.0,46.0,21.0,59.0,31.0,53.0,50.0,77.0,43.0,0.0,48.0,7.0,0.0,12.0,61.0,91.0,67.0,13.0,16.0,41.0,7.0,0.0,28.0,32.0,0.0,13.0,0.0,5.0,0.0,74.0,0.0,0.0,73.0,116.0,4.0,42.0,27.0,0.0,0.0,71.0,95.0,25.0,0.0,15.0,37.0,121.0,41.0,19.0,12.0,0.0,0.0,69.0,0.0,0.0,93.0,6.0,0.0,65.0
294,114.0,19.0,0.0,0.0,28.0,8.0,29.0,0.0,77.0,70.0,0.0,50.0,43.0,13.0,0.0,0.0,0.0,77.0,0.0,100.0,32.0,15.0,54.0,18.0,43.0,36.0,0.0,50.0,135.0,0.0,20.0,8.0,0.0,30.0,27.0,0.0,0.0,44.0,17.0,6.0,109.0,8.0,33.0,48.0,21.0,12.0,75.0,38.0,0.0,24.0,0.0,0.0,16.0,3.0,2.0,30.0,70.0,54.0,77.0,47.0,31.0,39.0,10.0,26.0,35.0,68.0,0.0,123.0,0.0,97.0,30.0,28.0,7.0,0.0,59.0,151.0,0.0,5.0,4.0,10.0,0.0,0.0,93.0,0.0,27.0,13.0,17.0,71.0,0.0,6.0,0.0,66.0,0.0,0.0,0.0,5.0,82.0,9.0,49.0,8.0
295,73.0,0.0,0.0,36.0,46.0,59.0,0.0,44.0,19.0,80.0,0.0,64.0,61.0,31.0,26.0,0.0,0.0,14.0,0.0,118.0,9.0,21.0,21.0,26.0,39.0,27.0,24.0,58.0,103.0,0.0,71.0,0.0,14.0,29.0,1.0,0.0,0.0,74.0,8.0,27.0,42.0,36.0,0.0,60.0,51.0,59.0,25.0,30.0,0.0,45.0,96.0,0.0,34.0,0.0,67.0,23.0,70.0,30.0,24.0,72.0,83.0,1.0,57.0,3.0,30.0,6.0,2.0,83.0,0.0,38.0,0.0,23.0,30.0,0.0,12.0,127.0,0.0,60.0,14.0,6.0,0.0,30.0,112.0,14.0,72.0,21.0,25.0,83.0,5.0,17.0,0.0,44.0,0.0,7.0,0.0,0.0,42.0,27.0,55.0,29.0
296,8.0,2.0,0.0,0.0,0.0,15.0,20.0,6.0,15.0,79.0,2.0,124.0,49.0,75.0,34.0,0.0,0.0,16.0,0.0,69.0,29.0,7.0,57.0,46.0,157.0,50.0,17.0,61.0,79.0,0.0,55.0,3.0,1.0,0.0,0.0,0.0,0.0,71.0,13.0,0.0,110.0,16.0,0.0,23.0,10.0,44.0,35.0,0.0,19.0,0.0,12.0,0.0,32.0,8.0,69.0,20.0,75.0,35.0,16.0,59.0,56.0,16.0,0.0,20.0,32.0,0.0,0.0,78.0,0.0,22.0,0.0,70.0,0.0,0.0,6.0,78.0,0.0,57.0,71.0,2.0,0.0,28.0,59.0,61.0,32.0,0.0,81.0,142.0,0.0,3.0,0.0,55.0,0.0,0.0,0.0,0.0,51.0,15.0,56.0,37.0
297,37.0,42.0,6.0,57.0,35.0,25.0,0.0,23.0,71.0,7.0,52.0,93.0,70.0,30.0,55.0,0.0,0.0,34.0,0.0,64.0,120.0,41.0,28.0,50.0,83.0,58.0,0.0,51.0,146.0,1.0,3.0,0.0,0.0,0.0,35.0,0.0,0.0,36.0,25.0,13.0,77.0,39.0,0.0,26.0,8.0,34.0,0.0,12.0,0.0,52.0,57.0,0.0,33.0,1.0,69.0,26.0,23.0,0.0,0.0,3.0,47.0,0.0,23.0,6.0,52.0,0.0,0.0,10.0,0.0,7.0,0.0,73.0,0.0,0.0,25.0,70.0,0.0,46.0,52.0,0.0,5.0,86.0,8.0,10.0,8.0,1.0,55.0,54.0,0.0,47.0,0.0,27.0,0.0,7.0,4.0,0.0,89.0,87.0,38.0,96.0
298,75.0,17.0,17.0,33.0,14.0,0.0,0.0,50.0,99.0,0.0,2.0,21.0,47.0,10.0,16.0,0.0,0.0,12.0,0.0,97.0,69.0,54.0,60.0,20.0,77.0,72.0,0.0,63.0,18.0,0.0,53.0,0.0,0.0,0.0,52.0,0.0,0.0,20.0,0.0,0.0,43.0,118.0,9.0,50.0,50.0,78.0,54.0,17.0,13.0,79.0,24.0,0.0,16.0,0.0,41.0,6.0,0.0,0.0,0.0,6.0,22.0,34.0,54.0,29.0,63.0,0.0,0.0,11.0,0.0,53.0,0.0,33.0,5.0,0.0,71.0,43.0,10.0,49.0,34.0,0.0,6.0,76.0,49.0,0.0,0.0,0.0,89.0,86.0,0.0,86.0,12.0,25.0,0.0,0.0,0.0,0.0,119.0,62.0,81.0,52.0
299,138.0,0.0,0.0,28.0,24.0,4.0,17.0,0.0,104.0,34.0,0.0,50.0,56.0,0.0,42.0,0.0,0.0,0.0,0.0,34.0,18.0,89.0,60.0,5.0,1.0,54.0,11.0,30.0,120.0,0.0,62.0,0.0,0.0,0.0,49.0,0.0,0.0,0.0,0.0,56.0,46.0,89.0,4.0,43.0,110.0,63.0,36.0,58.0,2.0,50.0,9.0,0.0,0.0,2.0,93.0,49.0,51.0,2.0,0.0,21.0,0.0,40.0,2.0,12.0,54.0,92.0,0.0,42.0,0.0,70.0,0.0,0.0,11.0,0.0,47.0,55.0,11.0,84.0,18.0,2.0,2.0,73.0,56.0,0.0,22.0,0.0,16.0,36.0,93.0,54.0,0.0,28.0,0.0,3.0,0.0,0.0,98.0,19.0,91.0,49.0
300,131.0,30.0,0.0,35.0,0.0,0.0,0.0,0.0,72.0,15.0,0.0,104.0,43.0,26.0,22.0,0.0,0.0,0.0,0.0,36.0,29.0,176.0,18.0,40.0,11.0,0.0,2.0,51.0,50.0,0.0,25.0,0.0,32.0,0.0,25.0,0.0,0.0,21.0,13.0,27.0,53.0,0.0,0.0,17.0,43.0,26.0,4.0,38.0,0.0,34.0,4.0,0.0,0.0,0.0,21.0,0.0,14.0,0.0,81.0,5.0,17.0,24.0,24.0,107.0,123.0,39.0,19.0,68.0,0.0,96.0,5.0,37.0,0.0,0.0,0.0,96.0,46.0,85.0,52.0,0.0,0.0,45.0,0.0,0.0,21.0,0.0,34.0,109.0,13.0,76.0,0.0,26.0,0.0,40.0,0.0,20.0,50.0,50.0,79.0,0.0
301,69.0,27.0,0.0,0.0,0.0,1.0,0.0,0.0,45.0,50.0,0.0,40.0,5.0,33.0,19.0,3.0,14.0,0.0,0.0,41.0,55.0,135.0,0.0,7.0,34.0,52.0,2.0,3.0,48.0,0.0,0.0,0.0,40.0,42.0,24.0,0.0,0.0,53.0,18.0,54.0,31.0,26.0,0.0,46.0,53.0,8.0,61.0,32.0,0.0,1.0,14.0,0.0,0.0,0.0,36.0,14.0,2.0,94.0,38.0,29.0,0.0,24.0,14.0,106.0,113.0,51.0,0.0,5.0,0.0,60.0,0.0,51.0,27.0,0.0,51.0,118.0,48.0,105.0,24.0,0.0,0.0,0.0,22.0,0.0,0.0,0.0,93.0,150.0,0.0,4.0,0.0,71.0,0.0,31.0,0.0,0.0,86.0,4.0,38.0,6.0
302,109.0,32.0,0.0,0.0,27.0,66.0,11.0,0.0,25.0,50.0,5.0,42.0,134.0,27.0,0.0,19.0,0.0,35.0,0.0,52.0,2.0,79.0,55.0,0.0,58.0,56.0,23.0,58.0,64.0,0.0,37.0,0.0,31.0,0.0,26.0,0.0,0.0,76.0,19.0,38.0,63.0,53.0,25.0,39.0,1.0,103.0,50.0,0.0,59.0,27.0,57.0,0.0,0.0,0.0,24.0,0.0,44.0,38.0,63.0,5.0,0.0,9.0,0.0,7.0,82.0,11.0,0.0,12.0,2.0,48.0,0.0,105.0,0.0,0.0,19.0,76.0,17.0,24.0,58.0,0.0,0.0,20.0,0.0,0.0,0.0,0.0,78.0,93.0,42.0,5.0,0.0,17.0,0.0,0.0,0.0,3.0,91.0,46.0,30.0,55.0
303,95.0,0.0,10.0,25.0,0.0,83.0,0.0,22.0,0.0,41.0,0.0,44.0,93.0,2.0,0.0,0.0,0.0,23.0,0.0,115.0,57.0,49.0,26.0,17.0,43.0,0.0,0.0,75.0,135.0,0.0,35.0,0.0,0.0,7.0,0.0,0.0,0.0,90.0,30.0,0.0,83.0,57.0,45.0,19.0,0.0,85.0,34.0,30.0,54.0,70.0,0.0,0.0,10.0,0.0,35.0,14.0,6.0,0.0,54.0,20.0,24.0,0.0,26.0,12.0,75.0,55.0,0.0,12.0,0.0,81.0,0.0,137.0,24.0,0.0,41.0,19.0,0.0,21.0,72.0,0.0,0.0,39.0,75.0,0.0,9.0,4.0,87.0,113.0,8.0,0.0,0.0,33.0,0.0,52.0,6.0,51.0,66.0,2.0,31.0,25.0
304,56.0,0.0,12.0,1.0,0.0,13.0,0.0,0.0,56.0,30.0,0.0,51.0,77.0,2.0,0.0,0.0,0.0,42.0,0.0,97.0,49.0,49.0,38.0,66.0,53.0,9.0,0.0,57.0,130.0,0.0,54.0,0.0,0.0,45.0,18.0,0.0,0.0,75.0,35.0,29.0,78.0,101.0,7.0,26.0,26.0,82.0,23.0,23.0,37.0,27.0,15.0,0.0,23.0,0.0,37.0,0.0,49.0,73.0,25.0,4.0,23.0,0.0,19.0,42.0,23.0,13.0,0.0,0.0,0.0,76.0,0.0,82.0,16.0,0.0,2.0,53.0,0.0,26.0,36.0,0.0,0.0,42.0,58.0,0.0,34.0,0.0,104.0,105.0,37.0,0.0,0.0,72.0,0.0,35.0,0.0,11.0,73.0,32.0,20.0,96.0
305,61.0,0.0,20.0,3.0,68.0,98.0,0.0,0.0,79.0,0.0,0.0,130.0,78.0,68.0,5.0,0.0,0.0,10.0,0.0,73.0,77.0,69.0,29.0,66.0,119.0,29.0,0.0,37.0,85.0,0.0,18.0,0.0,0.0,18.0,0.0,0.0,0.0,82.0,1.0,39.0,37.0,112.0,1.0,0.0,46.0,48.0,27.0,0.0,0.0,63.0,0.0,0.0,59.0,0.0,71.0,0.0,48.0,66.0,7.0,0.0,10.0,10.0,2.0,61.0,0.0,74.0,0.0,20.0,0.0,77.0,39.0,44.0,15.0,0.0,0.0,69.0,0.0,23.0,40.0,0.0,0.0,73.0,38.0,0.0,0.0,14.0,96.0,101.0,18.0,9.0,0.0,4.0,0.0,7.0,0.0,0.0,24.0,44.0,42.0,52.0
306,10.0,13.0,8.0,0.0,36.0,67.0,19.0,0.0,77.0,41.0,0.0,55.0,83.0,60.0,0.0,0.0,0.0,12.0,0.0,101.0,12.0,95.0,7.0,50.0,119.0,67.0,0.0,92.0,105.0,0.0,0.0,0.0,0.0,37.0,2.0,14.0,0.0,116.0,0.0,11.0,53.0,63.0,0.0,5.0,7.0,68.0,0.0,10.0,36.0,0.0,0.0,0.0,54.0,0.0,80.0,60.0,0.0,65.0,44.0,12.0,11.0,0.0,1.0,25.0,41.0,66.0,0.0,47.0,0.0,64.0,17.0,88.0,0.0,0.0,0.0,76.0,0.0,23.0,21.0,0.0,0.0,78.0,104.0,0.0,7.0,0.0,101.0,92.0,39.0,0.0,0.0,43.0,0.0,40.0,0.0,28.0,62.0,20.0,49.0,44.0
307,72.0,27.0,20.0,19.0,27.0,62.0,22.0,0.0,66.0,0.0,0.0,68.0,92.0,29.0,10.0,0.0,0.0,8.0,0.0,50.0,31.0,83.0,29.0,0.0,132.0,49.0,23.0,23.0,105.0,0.0,0.0,0.0,2.0,55.0,34.0,0.0,0.0,76.0,15.0,36.0,64.0,72.0,8.0,24.0,17.0,53.0,62.0,44.0,0.0,8.0,44.0,0.0,44.0,0.0,32.0,46.0,3.0,28.0,48.0,41.0,0.0,0.0,0.0,34.0,11.0,60.0,0.0,5.0,0.0,28.0,0.0,69.0,16.0,0.0,15.0,53.0,10.0,18.0,65.0,8.0,0.0,97.0,95.0,10.0,9.0,0.0,145.0,134.0,22.0,0.0,0.0,118.0,0.0,54.0,0.0,0.0,2.0,50.0,41.0,15.0
308,124.0,14.0,0.0,2.0,30.0,0.0,7.0,0.0,58.0,0.0,0.0,54.0,100.0,5.0,0.0,0.0,0.0,33.0,0.0,26.0,68.0,74.0,53.0,53.0,64.0,0.0,0.0,51.0,78.0,0.0,29.0,0.0,6.0,17.0,0.0,0.0,0.0,0.0,14.0,48.0,76.0,46.0,0.0,3.0,27.0,16.0,30.0,50.0,0.0,0.0,66.0,6.0,38.0,0.0,71.0,32.0,46.0,38.0,70.0,8.0,0.0,0.0,0.0,33.0,16.0,61.0,0.0,0.0,0.0,42.0,0.0,81.0,0.0,0.0,7.0,58.0,68.0,51.0,127.0,0.0,0.0,149.0,80.0,39.0,3.0,0.0,170.0,138.0,43.0,0.0,0.0,37.0,0.0,15.0,0.0,37.0,91.0,12.0,7.0,7.0
309,68.0,33.0,0.0,10.0,8.0,63.0,0.0,0.0,120.0,10.0,0.0,98.0,75.0,31.0,19.0,0.0,0.0,0.0,0.0,98.0,26.0,77.0,33.0,0.0,71.0,42.0,0.0,33.0,42.0,0.0,0.0,0.0,0.0,0.0,0.0,0.0,0.0,2.0,0.0,57.0,38.0,122.0,12.0,16.0,48.0,65.0,0.0,51.0,0.0,40.0,17.0,10.0,0.0,0.0,72.0,36.0,51.0,25.0,7.0,7.0,55.0,0.0,85.0,17.0,2.0,13.0,0.0,3.0,0.0,45.0,0.0,37.0,0.0,0.0,29.0,39.0,56.0,45.0,62.0,2.0,0.0,96.0,77.0,0.0,0.0,0.0,92.0,149.0,52.0,25.0,0.0,66.0,0.0,33.0,0.0,16.0,142.0,5.0,35.0,21.0
310,84.0,0.0,35.0,2.0,0.0,42.0,0.0,39.0,58.0,31.0,0.0,85.0,130.0,75.0,38.0,0.0,0.0,48.0,0.0,94.0,50.0,85.0,61.0,0.0,17.0,13.0,55.0,40.0,115.0,0.0,18.0,0.0,17.0,47.0,23.0,0.0,3.0,16.0,0.0,31.0,30.0,124.0,8.0,22.0,22.0,87.0,23.0,7.0,0.0,36.0,0.0,24.0,18.0,0.0,12.0,12.0,60.0,37.0,0.0,0.0,6.0,0.0,20.0,0.0,40.0,79.0,0.0,66.0,1.0,51.0,2.0,0.0,0.0,0.0,22.0,64.0,34.0,103.0,48.0,16.0,0.0,0.0,68.0,17.0,0.0,22.0,99.0,90.0,23.0,0.0,0.0,114.0,0.0,38.0,0.0,20.0,74.0,4.0,51.0,51.0
311,119.0,0.0,12.0,6.0,84.0,71.0,0.0,0.0,92.0,50.0,5.0,77.0,54.0,101.0,15.0,0.0,0.0,10.0,0.0,102.0,26.0,18.0,69.0,0.0,40.0,41.0,19.0,64.0,153.0,0.0,5.0,0.0,0.0,16.0,0.0,0.0,0.0,53.0,0.0,0.0,9.0,67.0,0.0,90.0,53.0,131.0,62.0,0.0,48.0,16.0,23.0,0.0,0.0,0.0,54.0,44.0,84.0,83.0,11.0,9.0,27.0,11.0,0.0,11.0,48.0,101.0,0.0,56.0,0.0,93.0,0.0,24.0,0.0,0.0,28.0,34.0,92.0,101.0,90.0,0.0,0.0,19.0,16.0,2.0,0.0,14.0,34.0,64.0,0.0,0.0,0.0,73.0,0.0,0.0,0.0,0.0,77.0,3.0,37.0,9.0
312,32.0,23.0,16.0,26.0,109.0,63.0,0.0,23.0,46.0,73.0,0.0,44.0,47.0,64.0,0.0,0.0,0.0,40.0,0.0,33.0,37.0,49.0,52.0,0.0,65.0,43.0,14.0,33.0,28.0,0.0,10.0,0.0,80.0,0.0,0.0,0.0,0.0,135.0,0.0,0.0,88.0,16.0,12.0,56.0,19.0,40.0,68.0,58.0,46.0,68.0,0.0,0.0,0.0,0.0,29.0,14.0,16.0,43.0,44.0,42.0,11.0,34.0,0.0,0.0,120.0,33.0,0.0,47.0,0.0,62.0,65.0,53.0,0.0,0.0,50.0,32.0,52.0,33.0,26.0,0.0,0.0,6.0,85.0,0.0,11.0,18.0,76.0,23.0,0.0,0.0,0.0,42.0,0.0,26.0,0.0,0.0,76.0,23.0,41.0,71.0
313,83.0,0.0,0.0,14.0,64.0,65.0,31.0,0.0,86.0,59.0,3.0,24.0,17.0,4.0,25.0,0.0,0.0,71.0,0.0,54.0,7.0,103.0,18.0,47.0,23.0,63.0,23.0,81.0,53.0,0.0,48.0,0.0,64.0,0.0,24.0,0.0,14.0,78.0,0.0,0.0,49.0,0.0,0.0,41.0,12.0,64.0,36.0,55.0,47.0,88.0,38.0,0.0,46.0,5.0,0.0,4.0,63.0,87.0,71.0,22.0,26.0,45.0,4.0,0.0,36.0,42.0,0.0,18.0,0.0,19.0,0.0,72.0,0.0,0.0,76.0,132.0,0.0,37.0,21.0,0.0,0.0,74.0,34.0,21.0,0.0,12.0,33.0,135.0,40.0,15.0,10.0,0.0,0.0,65.0,0.0,0.0,109.0,5.0,0.0,73.0
314,108.0,12.0,0.0,7.0,31.0,14.0,27.0,0.0,83.0,75.0,0.0,60.0,50.0,11.0,0.0,0.0,0.0,74.0,0.0,85.0,31.0,16.0,50.0,22.0,46.0,40.0,0.0,55.0,143.0,0.0,20.0,7.0,3.0,24.0,19.0,0.0,0.0,48.0,10.0,7.0,117.0,0.0,29.0,60.0,16.0,14.0,78.0,39.0,0.0,28.0,0.0,0.0,14.0,0.0,0.0,24.0,70.0,51.0,77.0,55.0,37.0,38.0,10.0,26.0,31.0,78.0,0.0,130.0,0.0,100.0,26.0,36.0,0.0,0.0,61.0,172.0,0.0,0.0,0.0,2.0,0.0,1.0,93.0,0.0,24.0,9.0,22.0,91.0,0.0,2.0,0.0,58.0,0.0,0.0,0.0,0.0,87.0,13.0,50.0,6.0
315,69.0,0.0,0.0,41.0,46.0,59.0,0.0,42.0,18.0,80.0,0.0,70.0,60.0,32.0,25.0,0.0,0.0,12.0,0.0,111.0,19.0,11.0,25.0,26.0,54.0,25.0,28.0,53.0,114.0,0.0,66.0,0.0,13.0,22.0,0.0,0.0,0.0,71.0,3.0,24.0,40.0,41.0,0.0,69.0,0.0,52.0,28.0,31.0,0.0,47.0,91.0,0.0,33.0,0.0,50.0,17.0,65.0,26.0,34.0,76.0,88.0,0.0,60.0,5.0,32.0,12.0,0.0,105.0,0.0,30.0,0.0,27.0,28.0,0.0,12.0,144.0,0.0,60.0,8.0,4.0,0.0,31.0,113.0,10.0,73.0,18.0,35.0,76.0,0.0,16.0,0.0,43.0,0.0,1.0,0.0,0.0,42.0,36.0,62.0,26.0
316,19.0,0.0,0.0,2.0,0.0,16.0,17.0,0.0,28.0,73.0,0.0,118.0,46.0,72.0,33.0,0.0,0.0,8.0,0.0,83.0,37.0,0.0,53.0,48.0,178.0,48.0,17.0,65.0,82.0,0.0,64.0,0.0,0.0,0.0,4.0,0.0,0.0,62.0,6.0,0.0,109.0,18.0,0.0,22.0,10.0,37.0,32.0,1.0,13.0,3.0,19.0,0.0,31.0,6.0,78.0,21.0,69.0,39.0,19.0,60.0,54.0,13.0,0.0,23.0,49.0,0.0,0.0,81.0,0.0,23.0,0.0,76.0,0.0,0.0,4.0,92.0,0.0,68.0,68.0,0.0,0.0,33.0,61.0,57.0,35.0,0.0,97.0,147.0,0.0,0.0,0.0,52.0,0.0,0.0,0.0,0.0,51.0,18.0,69.0,37.0
317,49.0,38.0,3.0,63.0,35.0,27.0,0.0,23.0,79.0,12.0,48.0,96.0,94.0,27.0,49.0,0.0,0.0,26.0,0.0,67.0,117.0,47.0,31.0,50.0,85.0,63.0,0.0,61.0,165.0,0.0,0.0,0.0,2.0,0.0,37.0,0.0,0.0,27.0,27.0,15.0,73.0,36.0,0.0,21.0,10.0,34.0,0.0,13.0,0.0,44.0,54.0,0.0,32.0,0.0,64.0,17.0,17.0,0.0,0.0,1.0,39.0,0.0,24.0,11.0,56.0,0.0,0.0,11.0,0.0,8.0,0.0,80.0,0.0,0.0,24.0,81.0,0.0,49.0,65.0,0.0,6.0,91.0,12.0,6.0,4.0,0.0,70.0,64.0,0.0,41.0,0.0,30.0,0.0,2.0,3.0,0.0,90.0,90.0,35.0,106.0
318,79.0,14.0,14.0,39.0,15.0,4.0,0.0,48.0,111.0,0.0,0.0,37.0,58.0,17.0,22.0,0.0,0.0,11.0,0.0,94.0,87.0,55.0,71.0,18.0,69.0,67.0,0.0,58.0,41.0,0.0,52.0,0.0,2.0,0.0,49.0,0.0,0.0,20.0,0.0,1.0,40.0,125.0,5.0,45.0,53.0,76.0,60.0,20.0,10.0,44.0,21.0,0.0,14.0,0.0,43.0,0.0,0.0,0.0,0.0,4.0,21.0,26.0,54.0,35.0,57.0,0.0,0.0,8.0,0.0,61.0,0.0,27.0,3.0,0.0,72.0,47.0,7.0,47.0,37.0,0.0,8.0,78.0,53.0,0.0,0.0,0.0,104.0,96.0,0.0,73.0,10.0,31.0,0.0,0.0,0.0,0.0,130.0,66.0,94.0,57.0
319,140.0,0.0,0.0,31.0,26.0,3.0,14.0,0.0,107.0,29.0,0.0,56.0,56.0,2.0,38.0,0.0,0.0,0.0,0.0,27.0,18.0,99.0,65.0,8.0,0.0,48.0,9.0,24.0,137.0,0.0,58.0,0.0,3.0,0.0,49.0,0.0,0.0,0.0,0.0,52.0,46.0,84.0,0.0,34.0,106.0,61.0,35.0,40.0,0.0,46.0,6.0,0.0,0.0,1.0,95.0,45.0,56.0,0.0,0.0,19.0,0.0,41.0,3.0,20.0,52.0,92.0,0.0,39.0,0.0,74.0,0.0,0.0,9.0,0.0,49.0,70.0,13.0,102.0,21.0,0.0,2.0,74.0,61.0,0.0,21.0,0.0,28.0,32.0,98.0,24.0,0.0,35.0,0.0,0.0,0.0,0.0,114.0,28.0,87.0,46.0
320,124.0,27.0,0.0,31.0,0.0,0.0,0.0,0.0,66.0,17.0,0.0,104.0,36.0,30.0,22.0,0.0,0.0,0.0,0.0,31.0,28.0,200.0,23.0,44.0,29.0,0.0,0.0,54.0,66.0,0.0,21.0,0.0,33.0,0.0,27.0,0.0,0.0,29.0,9.0,28.0,66.0,0.0,0.0,11.0,42.0,33.0,13.0,35.0,0.0,0.0,1.0,0.0,0.0,0.0,19.0,0.0,16.0,0.0,79.0,0.0,15.0,22.0,20.0,115.0,118.0,42.0,16.0,67.0,0.0,121.0,1.0,45.0,0.0,0.0,0.0,40.0,42.0,87.0,46.0,0.0,0.0,44.0,9.0,0.0,19.0,0.0,49.0,109.0,15.0,41.0,0.0,29.0,0.0,40.0,0.0,17.0,54.0,53.0,76.0,0.0
321,60.0,23.0,0.0,0.0,0.0,0.0,0.0,0.0,59.0,43.0,0.0,34.0,0.0,29.0,17.0,2.0,13.0,0.0,0.0,54.0,65.0,148.0,0.0,9.0,39.0,55.0,0.0,1.0,46.0,0.0,0.0,0.0,42.0,42.0,23.0,0.0,0.0,46.0,16.0,65.0,35.0,22.0,0.0,39.0,55.0,23.0,66.0,42.0,0.0,7.0,12.0,0.0,0.0,0.0,34.0,7.0,2.0,100.0,38.0,31.0,0.0,21.0,14.0,105.0,110.0,52.0,0.0,13.0,0.0,73.0,0.0,53.0,8.0,0.0,50.0,125.0,53.0,99.0,27.0,0.0,0.0,0.0,16.0,0.0,0.0,0.0,119.0,151.0,0.0,0.0,0.0,81.0,0.0,31.0,0.0,0.0,74.0,7.0,36.0,9.0
322,95.0,24.0,0.0,0.0,26.0,75.0,9.0,0.0,36.0,44.0,0.0,25.0,126.0,30.0,0.0,16.0,0.0,33.0,0.0,59.0,8.0,85.0,65.0,0.0,68.0,52.0,23.0,56.0,63.0,0.0,37.0,0.0,31.0,0.0,24.0,0.0,0.0,74.0,8.0,43.0,68.0,68.0,22.0,31.0,0.0,112.0,48.0,5.0,56.0,27.0,50.0,0.0,0.0,0.0,36.0,0.0,45.0,41.0,57.0,2.0,4.0,0.0,0.0,9.0,71.0,25.0,0.0,5.0,1.0,59.0,0.0,99.0,0.0,0.0,19.0,81.0,18.0,16.0,56.0,0.0,0.0,26.0,0.0,0.0,0.0,0.0,87.0,94.0,38.0,2.0,0.0,18.0,0.0,0.0,0.0,0.0,74.0,41.0,35.0,55.0
323,81.0,0.0,8.0,24.0,0.0,2.0,0.0,18.0,0.0,42.0,0.0,34.0,92.0,0.0,0.0,0.0,0.0,19.0,0.0,126.0,63.0,53.0,28.0,11.0,41.0,0.0,0.0,80.0,150.0,0.0,25.0,0.0,0.0,3.0,0.0,0.0,0.0,97.0,26.0,0.0,90.0,55.0,42.0,11.0,0.0,94.0,27.0,35.0,49.0,85.0,0.0,0.0,13.0,0.0,32.0,10.0,4.0,0.0,47.0,0.0,26.0,0.0,25.0,9.0,0.0,62.0,0.0,6.0,0.0,91.0,0.0,130.0,22.0,0.0,41.0,28.0,0.0,19.0,73.0,0.0,0.0,41.0,79.0,0.0,7.0,2.0,94.0,132.0,2.0,0.0,0.0,37.0,0.0,51.0,5.0,50.0,57.0,0.0,35.0,27.0
324,40.0,0.0,10.0,0.0,0.0,13.0,0.0,0.0,53.0,38.0,0.0,39.0,68.0,0.0,0.0,0.0,0.0,43.0,0.0,101.0,47.0,50.0,43.0,61.0,48.0,4.0,0.0,56.0,127.0,0.0,59.0,0.0,2.0,35.0,15.0,0.0,0.0,85.0,32.0,25.0,75.0,100.0,4.0,22.0,26.0,87.0,20.0,23.0,29.0,32.0,20.0,0.0,27.0,0.0,46.0,0.0,48.0,67.0,20.0,0.0,23.0,0.0,19.0,39.0,16.0,20.0,0.0,0.0,0.0,87.0,0.0,74.0,14.0,0.0,3.0,59.0,0.0,22.0,51.0,0.0,0.0,42.0,71.0,0.0,26.0,0.0,75.0,115.0,44.0,0.0,0.0,66.0,0.0,37.0,0.0,10.0,62.0,26.0,17.0,104.0
325,49.0,0.0,18.0,0.0,67.0,101.0,0.0,0.0,74.0,1.0,0.0,123.0,70.0,61.0,0.0,0.0,0.0,9.0,0.0,86.0,81.0,63.0,32.0,58.0,118.0,23.0,0.0,50.0,110.0,0.0,17.0,0.0,0.0,15.0,0.0,0.0,0.0,82.0,0.0,35.0,33.0,127.0,0.0,0.0,43.0,62.0,20.0,0.0,0.0,66.0,0.0,0.0,65.0,0.0,62.0,0.0,44.0,65.0,1.0,0.0,9.0,5.0,2.0,65.0,0.0,74.0,0.0,15.0,0.0,74.0,35.0,37.0,13.0,0.0,0.0,80.0,0.0,34.0,46.0,0.0,0.0,0.0,61.0,0.0,0.0,12.0,106.0,111.0,19.0,2.0,0.0,0.0,0.0,8.0,0.0,0.0,10.0,54.0,44.0,60.0
326,0.0,9.0,6.0,0.0,38.0,71.0,17.0,0.0,78.0,42.0,0.0,51.0,77.0,75.0,0.0,0.0,0.0,11.0,0.0,55.0,26.0,91.0,6.0,43.0,123.0,63.0,0.0,89.0,118.0,0.0,0.0,0.0,0.0,36.0,0.0,13.0,0.0,124.0,0.0,7.0,50.0,69.0,0.0,4.0,10.0,78.0,0.0,23.0,32.0,7.0,0.0,0.0,55.0,0.0,83.0,61.0,6.0,62.0,53.0,14.0,14.0,0.0,0.0,28.0,40.0,68.0,0.0,48.0,0.0,77.0,14.0,75.0,0.0,0.0,0.0,100.0,0.0,28.0,28.0,0.0,0.0,81.0,73.0,0.0,1.0,0.0,124.0,107.0,37.0,0.0,0.0,45.0,0.0,39.0,0.0,24.0,45.0,19.0,52.0,44.0
327,86.0,29.0,17.0,19.0,30.0,81.0,20.0,0.0,96.0,3.0,0.0,63.0,89.0,37.0,11.0,0.0,0.0,4.0,0.0,50.0,38.0,93.0,27.0,0.0,139.0,44.0,23.0,24.0,108.0,0.0,0.0,0.0,3.0,52.0,30.0,0.0,0.0,68.0,11.0,29.0,59.0,76.0,5.0,25.0,13.0,55.0,56.0,52.0,0.0,8.0,44.0,0.0,45.0,0.0,45.0,44.0,8.0,28.0,49.0,43.0,0.0,0.0,0.0,29.0,6.0,65.0,0.0,8.0,0.0,28.0,0.0,62.0,15.0,0.0,17.0,79.0,13.0,26.0,72.0,5.0,0.0,106.0,54.0,7.0,7.0,0.0,162.0,131.0,20.0,0.0,0.0,114.0,0.0,55.0,0.0,0.0,0.0,46.0,50.0,4.0
328,127.0,13.0,0.0,1.0,39.0,8.0,5.0,0.0,23.0,0.0,0.0,44.0,114.0,12.0,0.0,0.0,0.0,35.0,0.0,32.0,34.0,79.0,50.0,48.0,61.0,0.0,0.0,43.0,84.0,0.0,33.0,0.0,2.0,12.0,0.0,0.0,0.0,0.0,10.0,46.0,79.0,41.0,0.0,5.0,30.0,29.0,22.0,53.0,0.0,0.0,70.0,6.0,25.0,0.0,71.0,24.0,46.0,32.0,64.0,12.0,0.0,0.0,2.0,36.0,26.0,58.0,0.0,12.0,0.0,45.0,0.0,80.0,0.0,0.0,12.0,78.0,71.0,57.0,137.0,0.0,0.0,169.0,86.0,36.0,0.0,0.0,181.0,137.0,42.0,0.0,0.0,39.0,0.0,12.0,0.0,37.0,79.0,7.0,14.0,0.0
329,65.0,33.0,0.0,7.0,13.0,69.0,0.0,0.0,125.0,10.0,0.0,85.0,74.0,36.0,17.0,0.0,0.0,1.0,0.0,100.0,30.0,20.0,33.0,0.0,81.0,36.0,0.0,34.0,61.0,0.0,1.0,0.0,0.0,0.0,0.0,0.0,0.0,0.0,0.0,49.0,54.0,118.0,9.0,20.0,47.0,65.0,0.0,54.0,0.0,53.0,13.0,11.0,0.0,0.0,75.0,37.0,61.0,32.0,7.0,4.0,62.0,0.0,84.0,12.0,0.0,9.0,0.0,7.0,0.0,59.0,0.0,33.0,0.0,0.0,35.0,56.0,59.0,45.0,71.0,0.0,0.0,103.0,84.0,0.0,0.0,0.0,99.0,141.0,48.0,22.0,0.0,71.0,0.0,32.0,0.0,15.0,130.0,0.0,36.0,14.0
330,76.0,0.0,17.0,0.0,5.0,49.0,0.0,26.0,60.0,34.0,0.0,85.0,130.0,79.0,41.0,0.0,0.0,49.0,0.0,93.0,43.0,80.0,66.0,0.0,18.0,12.0,26.0,35.0,106.0,0.0,19.0,0.0,13.0,39.0,17.0,0.0,1.0,24.0,0.0,0.0,35.0,127.0,5.0,28.0,29.0,90.0,28.0,16.0,0.0,38.0,0.0,24.0,18.0,0.0,16.0,6.0,60.0,37.0,0.0,0.0,11.0,0.0,22.0,0.0,41.0,65.0,0.0,67.0,0.0,61.0,0.0,0.0,0.0,0.0,30.0,69.0,39.0,103.0,50.0,13.0,0.0,1.0,84.0,14.0,0.0,21.0,95.0,93.0,16.0,0.0,0.0,124.0,0.0,36.0,0.0,18.0,91.0,2.0,53.0,65.0
331,104.0,0.0,9.0,8.0,89.0,78.0,0.0,0.0,104.0,64.0,0.0,78.0,49.0,99.0,10.0,0.0,0.0,9.0,0.0,116.0,27.0,30.0,69.0,0.0,15.0,39.0,18.0,67.0,148.0,0.0,8.0,0.0,0.0,6.0,0.0,0.0,0.0,58.0,0.0,0.0,12.0,52.0,0.0,98.0,55.0,148.0,52.0,5.0,43.0,17.0,19.0,0.0,0.0,0.0,53.0,40.0,87.0,77.0,15.0,11.0,26.0,14.0,2.0,5.0,65.0,91.0,0.0,62.0,0.0,108.0,0.0,18.0,0.0,0.0,29.0,48.0,89.0,119.0,59.0,0.0,0.0,19.0,27.0,0.0,0.0,13.0,26.0,83.0,0.0,0.0,0.0,76.0,0.0,0.0,0.0,0.0,71.0,0.0,30.0,15.0
332,33.0,19.0,15.0,29.0,116.0,70.0,0.0,21.0,51.0,76.0,0.0,8.0,42.0,67.0,0.0,0.0,0.0,40.0,0.0,32.0,41.0,61.0,51.0,1.0,73.0,41.0,11.0,43.0,24.0,0.0,10.0,0.0,74.0,0.0,1.0,0.0,0.0,133.0,0.0,0.0,97.0,6.0,9.0,65.0,18.0,44.0,54.0,64.0,45.0,69.0,0.0,0.0,0.0,0.0,31.0,7.0,29.0,49.0,39.0,45.0,17.0,0.0,0.0,0.0,123.0,49.0,0.0,65.0,0.0,63.0,39.0,56.0,0.0,0.0,57.0,43.0,49.0,33.0,36.0,0.0,0.0,9.0,87.0,0.0,9.0,16.0,78.0,34.0,0.0,0.0,0.0,43.0,0.0,25.0,0.0,0.0,72.0,28.0,38.0,76.0
333,76.0,0.0,0.0,12.0,71.0,39.0,22.0,0.0,86.0,61.0,0.0,26.0,17.0,0.0,20.0,0.0,0.0,75.0,0.0,59.0,20.0,115.0,25.0,53.0,34.0,58.0,25.0,85.0,53.0,0.0,55.0,0.0,47.0,0.0,22.0,0.0,0.0,82.0,0.0,0.0,56.0,0.0,0.0,38.0,15.0,70.0,24.0,57.0,44.0,105.0,31.0,0.0,44.0,4.0,0.0,0.0,0.0,88.0,71.0,20.0,29.0,44.0,1.0,0.0,48.0,41.0,0.0,20.0,0.0,17.0,0.0,75.0,0.0,0.0,82.0,161.0,0.0,37.0,18.0,0.0,0.0,75.0,42.0,14.0,0.0,10.0,32.0,137.0,34.0,9.0,8.0,1.0,0.0,62.0,0.0,0.0,102.0,12.0,0.0,79.0
334,117.0,10.0,0.0,14.0,30.0,20.0,10.0,0.0,84.0,69.0,0.0,62.0,44.0,8.0,0.0,0.0,0.0,76.0,0.0,91.0,33.0,20.0,53.0,23.0,58.0,48.0,0.0,60.0,152.0,0.0,24.0,6.0,0.0,15.0,25.0,0.0,0.0,55.0,6.0,7.0,119.0,3.0,26.0,25.0,19.0,11.0,65.0,39.0,0.0,34.0,0.0,0.0,20.0,0.0,0.0,20.0,70.0,46.0,76.0,53.0,35.0,37.0,10.0,25.0,30.0,78.0,0.0,136.0,0.0,100.0,2.0,40.0,0.0,0.0,70.0,204.0,0.0,0.0,0.0,0.0,0.0,1.0,102.0,0.0,28.0,7.0,34.0,85.0,0.0,0.0,0.0,60.0,0.0,0.0,0.0,0.0,75.0,20.0,57.0,12.0
335,70.0,0.0,0.0,44.0,45.0,66.0,0.0,40.0,24.0,79.0,0.0,0.0,59.0,27.0,21.0,0.0,0.0,11.0,0.0,116.0,30.0,10.0,8.0,26.0,69.0,17.0,24.0,58.0,133.0,0.0,69.0,0.0,11.0,16.0,3.0,0.0,0.0,62.0,0.0,23.0,48.0,44.0,0.0,63.0,4.0,45.0,31.0,29.0,0.0,48.0,0.0,0.0,35.0,0.0,57.0,12.0,67.0,20.0,30.0,56.0,100.0,0.0,65.0,16.0,21.0,4.0,0.0,100.0,0.0,29.0,0.0,25.0,0.0,0.0,11.0,166.0,0.0,54.0,5.0,2.0,0.0,42.0,125.0,1.0,73.0,15.0,49.0,78.0,0.0,15.0,0.0,43.0,0.0,0.0,0.0,0.0,31.0,41.0,79.0,23.0
336,14.0,0.0,0.0,4.0,0.0,23.0,2.0,0.0,22.0,75.0,0.0,117.0,50.0,72.0,35.0,0.0,0.0,6.0,0.0,79.0,41.0,0.0,46.0,55.0,176.0,46.0,13.0,69.0,92.0,0.0,61.0,0.0,0.0,0.0,0.0,0.0,0.0,57.0,2.0,0.0,120.0,26.0,0.0,22.0,10.0,27.0,22.0,0.0,7.0,1.0,14.0,0.0,30.0,5.0,92.0,15.0,76.0,30.0,13.0,58.0,58.0,10.0,1.0,18.0,28.0,0.0,0.0,78.0,0.0,19.0,0.0,73.0,0.0,0.0,2.0,95.0,0.0,64.0,64.0,0.0,0.0,31.0,63.0,42.0,34.0,0.0,109.0,147.0,0.0,0.0,0.0,46.0,0.0,0.0,0.0,0.0,57.0,27.0,67.0,30.0
337,47.0,38.0,0.0,67.0,31.0,36.0,0.0,8.0,84.0,13.0,43.0,105.0,106.0,31.0,48.0,0.0,0.0,24.0,0.0,78.0,124.0,52.0,26.0,51.0,86.0,61.0,0.0,60.0,165.0,0.0,0.0,0.0,0.0,0.0,37.0,0.0,0.0,17.0,25.0,11.0,77.0,45.0,0.0,22.0,9.0,30.0,0.0,14.0,0.0,41.0,49.0,0.0,36.0,0.0,73.0,17.0,17.0,0.0,0.0,0.0,38.0,0.0,22.0,11.0,65.0,0.0,0.0,2.0,0.0,1.0,0.0,76.0,0.0,0.0,26.0,79.0,0.0,68.0,72.0,0.0,0.0,101.0,19.0,0.0,0.0,0.0,79.0,75.0,0.0,40.0,0.0,32.0,0.0,0.0,2.0,0.0,90.0,90.0,28.0,122.0
338,74.0,12.0,13.0,42.0,12.0,13.0,0.0,35.0,125.0,0.0,0.0,35.0,65.0,19.0,19.0,0.0,0.0,11.0,0.0,100.0,93.0,70.0,73.0,18.0,79.0,72.0,0.0,52.0,45.0,0.0,48.0,0.0,0.0,0.0,58.0,0.0,0.0,15.0,0.0,0.0,36.0,138.0,2.0,47.0,59.0,64.0,56.0,29.0,5.0,40.0,28.0,0.0,11.0,0.0,50.0,0.0,0.0,0.0,0.0,1.0,15.0,21.0,57.0,47.0,59.0,0.0,0.0,0.0,0.0,61.0,0.0,20.0,0.0,0.0,73.0,44.0,10.0,55.0,53.0,0.0,2.0,75.0,49.0,0.0,0.0,0.0,99.0,110.0,0.0,73.0,8.0,32.0,0.0,0.0,0.0,0.0,131.0,67.0,87.0,57.0
339,139.0,0.0,0.0,27.0,19.0,7.0,0.0,0.0,117.0,23.0,0.0,72.0,53.0,0.0,36.0,0.0,0.0,0.0,0.0,27.0,18.0,122.0,58.0,10.0,18.0,42.0,7.0,18.0,140.0,0.0,65.0,0.0,2.0,0.0,52.0,0.0,0.0,0.0,0.0,57.0,51.0,100.0,0.0,35.0,122.0,63.0,31.0,41.0,0.0,40.0,6.0,0.0,0.0,0.0,100.0,36.0,53.0,0.0,2.0,18.0,0.0,41.0,3.0,28.0,53.0,79.0,0.0,47.0,0.0,73.0,0.0,0.0,0.0,0.0,46.0,70.0,10.0,110.0,28.0,0.0,1.0,76.0,61.0,0.0,22.0,0.0,35.0,41.0,2.0,18.0,0.0,46.0,0.0,0.0,0.0,0.0,114.0,24.0,83.0,40.0
340,141.0,27.0,0.0,28.0,0.0,18.0,0.0,0.0,69.0,14.0,0.0,111.0,37.0,28.0,20.0,0.0,0.0,0.0,0.0,28.0,36.0,226.0,33.0,45.0,31.0,0.0,0.0,52.0,81.0,0.0,22.0,0.0,33.0,0.0,26.0,0.0,0.0,40.0,7.0,26.0,62.0,12.0,0.0,11.0,50.0,28.0,5.0,43.0,0.0,0.0,0.0,0.0,0.0,0.0,25.0,0.0,23.0,0.0,77.0,0.0,12.0,18.0,18.0,123.0,120.0,31.0,15.0,66.0,0.0,133.0,0.0,58.0,0.0,0.0,0.0,60.0,39.0,90.0,52.0,0.0,0.0,43.0,19.0,0.0,18.0,0.0,52.0,134.0,13.0,25.0,0.0,39.0,0.0,42.0,0.0,8.0,47.0,47.0,81.0,0.0
341,60.0,21.0,0.0,0.0,4.0,10.0,0.0,0.0,63.0,38.0,0.0,38.0,0.0,38.0,12.0,0.0,12.0,0.0,0.0,54.0,69.0,165.0,0.0,11.0,57.0,56.0,0.0,0.0,52.0,0.0,0.0,0.0,41.0,36.0,22.0,0.0,0.0,45.0,14.0,58.0,34.0,25.0,0.0,40.0,58.0,10.0,58.0,43.0,0.0,3.0,8.0,0.0,0.0,0.0,36.0,3.0,11.0,93.0,46.0,28.0,0.0,18.0,11.0,107.0,124.0,56.0,0.0,8.0,0.0,92.0,0.0,54.0,0.0,0.0,49.0,125.0,59.0,104.0,26.0,0.0,0.0,0.0,30.0,0.0,0.0,0.0,130.0,163.0,0.0,0.0,0.0,88.0,0.0,29.0,0.0,0.0,62.0,16.0,31.0,7.0
342,102.0,25.0,0.0,0.0,28.0,90.0,0.0,0.0,33.0,38.0,0.0,39.0,120.0,35.0,0.0,14.0,0.0,31.0,0.0,61.0,16.0,94.0,64.0,0.0,85.0,53.0,21.0,64.0,62.0,0.0,37.0,0.0,31.0,0.0,20.0,0.0,0.0,75.0,6.0,54.0,63.0,87.0,20.0,29.0,1.0,109.0,44.0,6.0,49.0,26.0,48.0,0.0,0.0,0.0,36.0,0.0,50.0,55.0,60.0,0.0,5.0,0.0,0.0,10.0,74.0,20.0,0.0,0.0,0.0,65.0,0.0,105.0,0.0,0.0,23.0,93.0,9.0,19.0,56.0,0.0,0.0,29.0,12.0,0.0,0.0,0.0,122.0,107.0,37.0,0.0,0.0,17.0,0.0,0.0,0.0,0.0,70.0,33.0,28.0,51.0
343,76.0,0.0,7.0,20.0,4.0,21.0,0.0,16.0,0.0,48.0,0.0,36.0,88.0,5.0,0.0,0.0,0.0,20.0,0.0,134.0,65.0,61.0,24.0,16.0,48.0,0.0,0.0,82.0,170.0,0.0,27.0,0.0,0.0,0.0,0.0,0.0,0.0,100.0,23.0,0.0,101.0,54.0,40.0,8.0,2.0,88.0,19.0,33.0,49.0,86.0,0.0,0.0,11.0,0.0,37.0,5.0,16.0,1.0,49.0,0.0,25.0,0.0,22.0,4.0,1.0,66.0,0.0,0.0,0.0,97.0,0.0,130.0,0.0,0.0,36.0,28.0,0.0,19.0,80.0,0.0,0.0,55.0,94.0,0.0,6.0,0.0,111.0,146.0,9.0,0.0,0.0,44.0,0.0,50.0,4.0,48.0,56.0,0.0,26.0,28.0
344,42.0,0.0,10.0,0.0,5.0,20.0,0.0,0.0,71.0,36.0,0.0,40.0,81.0,6.0,0.0,0.0,0.0,41.0,0.0,117.0,50.0,51.0,39.0,65.0,54.0,0.0,0.0,47.0,131.0,0.0,57.0,0.0,0.0,29.0,14.0,0.0,0.0,97.0,15.0,23.0,73.0,77.0,2.0,21.0,29.0,84.0,18.0,31.0,24.0,41.0,16.0,0.0,34.0,0.0,44.0,0.0,51.0,62.0,14.0,0.0,23.0,0.0,23.0,31.0,16.0,20.0,0.0,0.0,0.0,94.0,0.0,78.0,4.0,0.0,0.0,58.0,0.0,15.0,54.0,0.0,0.0,50.0,88.0,0.0,23.0,0.0,92.0,118.0,43.0,0.0,0.0,81.0,0.0,35.0,0.0,7.0,48.0,24.0,9.0,111.0
345,40.0,0.0,18.0,0.0,67.0,105.0,0.0,0.0,89.0,0.0,0.0,123.0,68.0,64.0,0.0,0.0,0.0,14.0,0.0,101.0,81.0,56.0,37.0,63.0,140.0,20.0,0.0,41.0,105.0,0.0,13.0,0.0,0.0,10.0,0.0,0.0,0.0,91.0,0.0,26.0,37.0,119.0,0.0,0.0,41.0,73.0,17.0,2.0,0.0,59.0,0.0,0.0,66.0,0.0,66.0,0.0,47.0,56.0,0.0,0.0,10.0,2.0,2.0,61.0,0.0,75.0,0.0,24.0,0.0,81.0,26.0,20.0,5.0,0.0,0.0,79.0,0.0,23.0,58.0,0.0,0.0,3.0,72.0,0.0,0.0,7.0,117.0,104.0,14.0,0.0,0.0,10.0,0.0,1.0,0.0,0.0,0.0,49.0,31.0,61.0
346,0.0,5.0,5.0,0.0,51.0,72.0,4.0,0.0,94.0,33.0,0.0,51.0,91.0,79.0,0.0,0.0,0.0,7.0,0.0,61.0,24.0,85.0,3.0,44.0,137.0,55.0,0.0,79.0,110.0,0.0,0.0,0.0,0.0,30.0,0.0,12.0,0.0,112.0,0.0,0.0,49.0,61.0,0.0,10.0,20.0,78.0,0.0,22.0,34.0,0.0,0.0,0.0,63.0,0.0,95.0,57.0,9.0,53.0,55.0,13.0,11.0,0.0,0.0,23.0,37.0,67.0,0.0,50.0,0.0,76.0,7.0,58.0,4.0,0.0,0.0,107.0,0.0,14.0,37.0,0.0,0.0,70.0,70.0,0.0,0.0,0.0,121.0,94.0,35.0,0.0,0.0,48.0,0.0,30.0,0.0,20.0,38.0,18.0,50.0,42.0
347,85.0,33.0,0.0,16.0,31.0,109.0,8.0,0.0,108.0,0.0,0.0,71.0,92.0,51.0,8.0,0.0,0.0,0.0,0.0,59.0,41.0,99.0,35.0,2.0,162.0,47.0,23.0,26.0,119.0,0.0,0.0,0.0,0.0,47.0,32.0,0.0,0.0,81.0,9.0,33.0,60.0,87.0,2.0,30.0,13.0,55.0,57.0,56.0,0.0,8.0,49.0,0.0,47.0,0.0,56.0,51.0,25.0,30.0,50.0,48.0,0.0,0.0,0.0,33.0,14.0,65.0,0.0,18.0,0.0,40.0,0.0,49.0,14.0,0.0,28.0,107.0,6.0,44.0,0.0,3.0,0.0,106.0,17.0,3.0,7.0,0.0,50.0,130.0,24.0,0.0,0.0,126.0,0.0,56.0,0.0,0.0,0.0,37.0,56.0,1.0
348,119.0,14.0,0.0,0.0,40.0,11.0,1.0,0.0,21.0,0.0,0.0,50.0,107.0,20.0,0.0,0.0,0.0,40.0,0.0,31.0,45.0,79.0,45.0,48.0,51.0,6.0,0.0,38.0,86.0,0.0,25.0,0.0,0.0,7.0,0.0,0.0,0.0,0.0,8.0,44.0,72.0,40.0,0.0,12.0,35.0,29.0,21.0,67.0,0.0,0.0,61.0,3.0,20.0,0.0,78.0,21.0,43.0,34.0,70.0,15.0,2.0,0.0,4.0,32.0,20.0,45.0,0.0,9.0,0.0,42.0,0.0,69.0,0.0,0.0,9.0,87.0,67.0,59.0,137.0,0.0,0.0,166.0,82.0,29.0,0.0,0.0,174.0,127.0,42.0,0.0,0.0,39.0,0.0,7.0,0.0,34.0,92.0,0.0,15.0,0.0
349,77.0,33.0,0.0,3.0,24.0,67.0,0.0,0.0,127.0,11.0,0.0,89.0,63.0,43.0,17.0,0.0,0.0,1.0,0.0,99.0,36.0,32.0,31.0,0.0,77.0,37.0,0.0,42.0,61.0,0.0,0.0,0.0,0.0,0.0,0.0,0.0,0.0,0.0,0.0,47.0,50.0,119.0,7.0,19.0,50.0,68.0,0.0,56.0,0.0,48.0,9.0,8.0,0.0,0.0,10.0,32.0,60.0,24.0,3.0,6.0,67.0,0.0,83.0,2.0,0.0,0.0,0.0,9.0,0.0,51.0,0.0,14.0,0.0,0.0,29.0,60.0,57.0,60.0,74.0,0.0,0.0,89.0,88.0,0.0,0.0,0.0,91.0,136.0,46.0,18.0,0.0,62.0,0.0,21.0,0.0,12.0,139.0,0.0,36.0,19.0
350,67.0,0.0,14.0,0.0,9.0,43.0,0.0,26.0,64.0,35.0,0.0,82.0,124.0,80.0,41.0,0.0,0.0,46.0,0.0,92.0,38.0,81.0,75.0,0.0,8.0,2.0,24.0,36.0,103.0,0.0,18.0,0.0,3.0,33.0,15.0,0.0,0.0,15.0,0.0,0.0,24.0,127.0,3.0,32.0,34.0,85.0,16.0,13.0,0.0,36.0,0.0,0.0,19.0,0.0,14.0,0.0,67.0,27.0,0.0,0.0,19.0,0.0,29.0,0.0,37.0,68.0,0.0,86.0,0.0,51.0,0.0,0.0,0.0,0.0,25.0,58.0,31.0,96.0,43.0,11.0,0.0,0.0,73.0,6.0,0.0,10.0,87.0,72.0,9.0,0.0,0.0,112.0,0.0,26.0,0.0,15.0,98.0,0.0,47.0,55.0
351,7.0,0.0,1.0,0.0,97.0,74.0,0.0,0.0,126.0,0.0,0.0,88.0,56.0,106.0,9.0,0.0,0.0,19.0,0.0,123.0,41.0,44.0,0.0,0.0,36.0,6.0,18.0,70.0,175.0,0.0,8.0,0.0,0.0,1.0,0.0,0.0,0.0,56.0,0.0,0.0,30.0,62.0,0.0,55.0,65.0,155.0,44.0,0.0,42.0,29.0,0.0,0.0,0.0,0.0,69.0,34.0,103.0,75.0,11.0,11.0,28.0,12.0,2.0,1.0,91.0,95.0,0.0,76.0,0.0,119.0,0.0,22.0,0.0,0.0,26.0,54.0,88.0,131.0,66.0,0.0,0.0,15.0,55.0,0.0,0.0,4.0,42.0,102.0,0.0,0.0,0.0,75.0,0.0,0.0,0.0,0.0,77.0,0.0,34.0,29.0
352,33.0,16.0,3.0,33.0,126.0,64.0,0.0,20.0,53.0,69.0,0.0,6.0,39.0,67.0,0.0,0.0,0.0,39.0,0.0,32.0,44.0,19.0,48.0,0.0,68.0,51.0,11.0,46.0,38.0,0.0,6.0,0.0,27.0,0.0,0.0,0.0,0.0,128.0,0.0,0.0,107.0,8.0,7.0,76.0,25.0,38.0,53.0,62.0,40.0,74.0,0.0,0.0,0.0,0.0,43.0,2.0,31.0,42.0,41.0,54.0,24.0,0.0,0.0,0.0,71.0,52.0,0.0,75.0,0.0,60.0,34.0,50.0,0.0,0.0,54.0,52.0,43.0,29.0,38.0,0.0,0.0,13.0,82.0,0.0,9.0,7.0,75.0,21.0,0.0,0.0,0.0,36.0,0.0,19.0,0.0,0.0,65.0,23.0,34.0,76.0
353,80.0,0.0,0.0,13.0,75.0,31.0,20.0,0.0,92.0,63.0,0.0,21.0,12.0,0.0,20.0,0.0,0.0,73.0,0.0,66.0,25.0,130.0,25.0,63.0,33.0,52.0,23.0,82.0,53.0,0.0,54.0,0.0,9.0,0.0,28.0,0.0,0.0,27.0,0.0,0.0,67.0,2.0,0.0,46.0,12.0,78.0,21.0,55.0,15.0,105.0,26.0,0.0,0.0,3.0,7.0,0.0,0.0,88.0,71.0,24.0,34.0,47.0,0.0,0.0,58.0,42.0,0.0,29.0,0.0,9.0,0.0,71.0,0.0,0.0,77.0,184.0,0.0,23.0,18.0,0.0,0.0,74.0,34.0,6.0,0.0,1.0,46.0,124.0,24.0,6.0,7.0,0.0,0.0,54.0,0.0,0.0,104.0,9.0,0.0,83.0
354,6.0,6.0,0.0,17.0,29.0,32.0,4.0,0.0,89.0,82.0,0.0,82.0,36.0,11.0,0.0,0.0,0.0,69.0,0.0,95.0,31.0,33.0,63.0,23.0,81.0,54.0,0.0,70.0,160.0,0.0,38.0,5.0,0.0,10.0,27.0,0.0,0.0,56.0,4.0,6.0,120.0,9.0,24.0,23.0,28.0,14.0,65.0,50.0,0.0,40.0,0.0,0.0,16.0,0.0,9.0,17.0,78.0,47.0,69.0,56.0,41.0,37.0,11.0,31.0,38.0,80.0,0.0,143.0,0.0,93.0,0.0,30.0,0.0,0.0,69.0,222.0,0.0,0.0,0.0,0.0,0.0,0.0,108.0,0.0,27.0,0.0,44.0,79.0,0.0,0.0,0.0,68.0,0.0,0.0,0.0,0.0,83.0,16.0,68.0,7.0
355,67.0,0.0,0.0,47.0,46.0,62.0,0.0,39.0,13.0,84.0,0.0,3.0,55.0,27.0,17.0,0.0,0.0,6.0,0.0,106.0,31.0,14.0,14.0,32.0,60.0,16.0,21.0,53.0,122.0,0.0,73.0,0.0,9.0,11.0,0.0,0.0,0.0,57.0,0.0,23.0,36.0,53.0,0.0,74.0,12.0,44.0,29.0,28.0,0.0,48.0,0.0,0.0,30.0,0.0,58.0,8.0,62.0,17.0,20.0,59.0,106.0,0.0,67.0,17.0,21.0,4.0,0.0,105.0,0.0,19.0,0.0,9.0,0.0,0.0,9.0,181.0,0.0,58.0,7.0,1.0,0.0,34.0,135.0,0.0,78.0,8.0,45.0,73.0,0.0,13.0,0.0,45.0,0.0,0.0,0.0,0.0,22.0,51.0,84.0,15.0
356,13.0,0.0,0.0,1.0,0.0,24.0,0.0,0.0,13.0,72.0,0.0,119.0,63.0,69.0,33.0,0.0,0.0,12.0,0.0,65.0,50.0,0.0,0.0,51.0,177.0,43.0,10.0,78.0,80.0,0.0,65.0,0.0,0.0,0.0,0.0,0.0,0.0,60.0,0.0,0.0,113.0,0.0,0.0,21.0,13.0,26.0,19.0,0.0,2.0,2.0,10.0,0.0,28.0,0.0,75.0,9.0,75.0,27.0,8.0,58.0,63.0,6.0,6.0,23.0,30.0,0.0,0.0,79.0,0.0,22.0,0.0,60.0,0.0,0.0,0.0,59.0,0.0,73.0,76.0,0.0,0.0,29.0,56.0,35.0,34.0,0.0,110.0,159.0,0.0,0.0,0.0,49.0,0.0,0.0,0.0,0.0,48.0,24.0,72.0,21.0
357,66.0,35.0,0.0,70.0,29.0,30.0,0.0,1.0,81.0,16.0,39.0,108.0,117.0,44.0,52.0,0.0,0.0,23.0,0.0,72.0,82.0,61.0,37.0,54.0,94.0,57.0,0.0,31.0,173.0,0.0,1.0,0.0,0.0,0.0,35.0,0.0,0.0,17.0,24.0,11.0,80.0,56.0,0.0,26.0,16.0,26.0,0.0,14.0,0.0,39.0,51.0,0.0,43.0,0.0,80.0,11.0,17.0,0.0,0.0,0.0,38.0,0.0,21.0,15.0,80.0,0.0,0.0,1.0,0.0,3.0,0.0,83.0,0.0,0.0,26.0,91.0,0.0,73.0,80.0,0.0,0.0,105.0,18.0,0.0,0.0,0.0,90.0,88.0,0.0,38.0,0.0,35.0,0.0,0.0,1.0,0.0,89.0,96.0,32.0,116.0
358,102.0,11.0,1.0,37.0,10.0,6.0,0.0,1.0,122.0,0.0,0.0,31.0,66.0,18.0,18.0,0.0,0.0,13.0,0.0,96.0,81.0,83.0,85.0,20.0,71.0,69.0,0.0,50.0,50.0,0.0,43.0,0.0,0.0,0.0,63.0,0.0,0.0,11.0,0.0,0.0,42.0,141.0,0.0,48.0,61.0,57.0,54.0,24.0,0.0,35.0,28.0,0.0,12.0,0.0,73.0,0.0,0.0,0.0,0.0,0.0,14.0,21.0,60.0,43.0,76.0,5.0,0.0,0.0,0.0,75.0,0.0,15.0,0.0,0.0,64.0,57.0,3.0,55.0,56.0,0.0,1.0,70.0,40.0,0.0,0.0,0.0,119.0,105.0,0.0,71.0,7.0,24.0,0.0,0.0,0.0,0.0,125.0,63.0,88.0,49.0
359,150.0,0.0,0.0,28.0,23.0,0.0,0.0,0.0,113.0,18.0,0.0,58.0,54.0,0.0,32.0,0.0,0.0,0.0,0.0,16.0,21.0,133.0,58.0,12.0,18.0,35.0,2.0,14.0,139.0,0.0,60.0,0.0,0.0,0.0,51.0,0.0,0.0,0.0,0.0,56.0,43.0,101.0,0.0,31.0,121.0,56.0,32.0,37.0,0.0,36.0,0.0,0.0,0.0,0.0,111.0,34.0,59.0,0.0,0.0,19.0,0.0,27.0,1.0,15.0,50.0,83.0,0.0,38.0,0.0,76.0,0.0,0.0,0.0,0.0,49.0,81.0,7.0,106.0,28.0,0.0,0.0,84.0,50.0,0.0,18.0,0.0,46.0,34.0,0.0,15.0,0.0,40.0,0.0,0.0,0.0,0.0,104.0,26.0,90.0,22.0
360,0.0,29.0,0.0,26.0,3.0,12.0,0.0,0.0,86.0,18.0,0.0,115.0,41.0,37.0,17.0,0.0,0.0,0.0,0.0,32.0,51.0,244.0,46.0,44.0,44.0,0.0,0.0,61.0,105.0,0.0,27.0,0.0,32.0,0.0,23.0,0.0,0.0,49.0,0.0,31.0,73.0,30.0,0.0,19.0,69.0,48.0,6.0,44.0,0.0,0.0,0.0,0.0,0.0,0.0,38.0,0.0,29.0,0.0,77.0,0.0,13.0,15.0,11.0,126.0,40.0,40.0,14.0,64.0,0.0,150.0,0.0,50.0,0.0,0.0,0.0,79.0,36.0,95.0,54.0,0.0,0.0,46.0,38.0,0.0,12.0,0.0,76.0,155.0,6.0,20.0,0.0,40.0,0.0,40.0,0.0,5.0,63.0,45.0,86.0,0.0
361,52.0,21.0,0.0,0.0,4.0,0.0,0.0,0.0,68.0,28.0,0.0,39.0,0.0,38.0,11.0,0.0,11.0,0.0,0.0,45.0,78.0,169.0,4.0,5.0,54.0,53.0,0.0,0.0,60.0,0.0,0.0,0.0,40.0,32.0,20.0,0.0,0.0,40.0,13.0,63.0,24.0,26.0,0.0,38.0,57.0,10.0,53.0,40.0,0.0,0.0,2.0,0.0,1.0,0.0,37.0,0.0,6.0,81.0,40.0,29.0,0.0,14.0,4.0,103.0,121.0,52.0,0.0,10.0,0.0,93.0,0.0,39.0,0.0,0.0,45.0,125.0,55.0,96.0,37.0,0.0,0.0,0.0,18.0,0.0,0.0,0.0,136.0,152.0,0.0,0.0,0.0,83.0,0.0,26.0,0.0,0.0,60.0,15.0,28.0,0.0
362,102.0,21.0,0.0,0.0,22.0,87.0,0.0,0.0,30.0,38.0,0.0,32.0,114.0,37.0,0.0,13.0,0.0,34.0,0.0,54.0,26.0,102.0,64.0,0.0,104.0,47.0,20.0,61.0,70.0,0.0,32.0,0.0,23.0,0.0,17.0,0.0,0.0,77.0,5.0,57.0,57.0,79.0,4.0,30.0,0.0,106.0,37.0,7.0,18.0,24.0,48.0,0.0,0.0,0.0,27.0,0.0,57.0,52.0,64.0,0.0,8.0,0.0,0.0,1.0,42.0,16.0,0.0,2.0,0.0,67.0,0.0,92.0,0.0,0.0,18.0,98.0,7.0,12.0,9.0,0.0,0.0,26.0,0.0,0.0,0.0,0.0,137.0,100.0,32.0,0.0,0.0,27.0,0.0,0.0,0.0,0.0,72.0,31.0,27.0,40.0
363,80.0,0.0,0.0,14.0,0.0,19.0,0.0,3.0,0.0,46.0,0.0,42.0,116.0,15.0,0.0,0.0,0.0,23.0,0.0,152.0,75.0,75.0,29.0,18.0,62.0,0.0,0.0,87.0,189.0,0.0,24.0,0.0,0.0,0.0,0.0,0.0,0.0,83.0,21.0,1.0,93.0,57.0,24.0,10.0,0.0,97.0,25.0,32.0,47.0,91.0,0.0,0.0,0.0,0.0,31.0,1.0,24.0,0.0,48.0,0.0,30.0,0.0,20.0,0.0,0.0,64.0,0.0,5.0,0.0,93.0,0.0,129.0,0.0,0.0,37.0,29.0,0.0,25.0,78.0,0.0,0.0,54.0,101.0,0.0,0.0,0.0,117.0,172.0,2.0,0.0,0.0,54.0,0.0,50.0,0.0,46.0,56.0,0.0,32.0,22.0
364,46.0,0.0,0.0,0.0,6.0,13.0,0.0,0.0,63.0,43.0,0.0,46.0,81.0,1.0,0.0,0.0,0.0,42.0,0.0,124.0,57.0,58.0,34.0,69.0,55.0,0.0,0.0,56.0,120.0,0.0,62.0,0.0,0.0,25.0,8.0,0.0,0.0,107.0,13.0,16.0,60.0,75.0,0.0,11.0,29.0,76.0,2.0,28.0,20.0,41.0,12.0,0.0,39.0,0.0,32.0,0.0,56.0,71.0,13.0,0.0,23.0,0.0,20.0,26.0,21.0,40.0,0.0,5.0,0.0,85.0,0.0,79.0,3.0,0.0,0.0,63.0,0.0,18.0,49.0,0.0,0.0,50.0,103.0,0.0,22.0,0.0,85.0,117.0,34.0,0.0,0.0,77.0,0.0,33.0,0.0,5.0,38.0,24.0,5.0,101.0
365,49.0,0.0,8.0,0.0,83.0,121.0,0.0,0.0,83.0,1.0,0.0,124.0,58.0,57.0,0.0,0.0,0.0,19.0,0.0,106.0,75.0,51.0,46.0,62.0,137.0,21.0,0.0,41.0,94.0,0.0,10.0,0.0,0.0,6.0,0.0,0.0,0.0,91.0,0.0,29.0,23.0,129.0,0.0,0.0,39.0,62.0,18.0,0.0,0.0,55.0,0.0,0.0,69.0,0.0,48.0,0.0,39.0,59.0,0.0,0.0,0.0,1.0,0.0,59.0,8.0,73.0,0.0,26.0,0.0,67.0,20.0,13.0,2.0,0.0,0.0,80.0,0.0,19.0,60.0,0.0,0.0,0.0,73.0,0.0,0.0,4.0,116.0,88.0,1.0,0.0,0.0,8.0,0.0,0.0,0.0,0.0,0.0,46.0,26.0,67.0
366,0.0,0.0,0.0,0.0,40.0,51.0,2.0,0.0,59.0,19.0,0.0,12.0,45.0,56.0,0.0,0.0,0.0,2.0,0.0,32.0,2.0,49.0,0.0,37.0,105.0,41.0,0.0,59.0,63.0,0.0,0.0,0.0,0.0,26.0,0.0,11.0,0.0,96.0,0.0,0.0,14.0,52.0,0.0,0.0,3.0,45.0,0.0,22.0,28.0,0.0,0.0,0.0,61.0,0.0,63.0,57.0,2.0,54.0,50.0,21.0,3.0,0.0,0.0,12.0,16.0,53.0,0.0,32.0,0.0,48.0,0.0,40.0,2.0,0.0,0.0,83.0,0.0,0.0,19.0,0.0,0.0,47.0,34.0,0.0,0.0,0.0,91.0,51.0,7.0,0.0,0.0,13.0,0.0,22.0,0.0,18.0,0.0,7.0,27.0,38.0
367,108.0,0.0,0.0,14.0,47.0,121.0,5.0,0.0,147.0,0.0,0.0,77.0,117.0,64.0,7.0,0.0,0.0,0.0,0.0,78.0,55.0,122.0,52.0,0.0,152.0,60.0,20.0,48.0,3.0,0.0,0.0,0.0,0.0,43.0,0.0,0.0,0.0,98.0,8.0,3.0,54.0,103.0,0.0,27.0,0.0,82.0,67.0,62.0,0.0,0.0,47.0,0.0,48.0,0.0,0.0,49.0,43.0,31.0,54.0,54.0,0.0,0.0,0.0,34.0,0.0,82.0,0.0,0.0,0.0,47.0,0.0,47.0,11.0,0.0,0.0,38.0,5.0,67.0,0.0,2.0,0.0,0.0,0.0,0.0,4.0,0.0,90.0,163.0,4.0,0.0,0.0,0.0,0.0,51.0,0.0,0.0,0.0,44.0,0.0,0.0
368,127.0,8.0,0.0,0.0,43.0,10.0,0.0,0.0,5.0,0.0,0.0,39.0,94.0,9.0,0.0,0.0,0.0,45.0,0.0,11.0,39.0,54.0,52.0,41.0,41.0,0.0,0.0,35.0,74.0,0.0,15.0,0.0,0.0,3.0,0.0,0.0,0.0,3.0,7.0,44.0,86.0,44.0,0.0,16.0,24.0,23.0,11.0,63.0,0.0,0.0,59.0,2.0,15.0,0.0,67.0,13.0,52.0,34.0,71.0,13.0,15.0,0.0,3.0,30.0,14.0,46.0,0.0,10.0,0.0,44.0,0.0,61.0,0.0,0.0,6.0,86.0,67.0,52.0,132.0,0.0,0.0,11.0,73.0,23.0,0.0,0.0,183.0,104.0,8.0,0.0,0.0,28.0,0.0,3.0,0.0,31.0,64.0,0.0,10.0,0.0
369,94.0,29.0,0.0,3.0,32.0,66.0,0.0,0.0,145.0,21.0,0.0,63.0,76.0,37.0,0.0,0.0,0.0,5.0,0.0,75.0,53.0,58.0,39.0,0.0,96.0,41.0,0.0,51.0,95.0,0.0,0.0,0.0,0.0,0.0,0.0,0.0,0.0,3.0,0.0,49.0,49.0,0.0,0.0,25.0,57.0,76.0,0.0,66.0,0.0,60.0,7.0,0.0,0.0,0.0,0.0,23.0,57.0,26.0,4.0,14.0,0.0,0.0,89.0,0.0,0.0,6.0,0.0,30.0,0.0,58.0,0.0,11.0,0.0,0.0,0.0,95.0,59.0,77.0,102.0,0.0,0.0,104.0,32.0,0.0,0.0,0.0,105.0,160.0,41.0,15.0,0.0,69.0,0.0,16.0,0.0,10.0,160.0,0.0,38.0,18.0
370,77.0,0.0,9.0,0.0,6.0,42.0,0.0,17.0,52.0,34.0,0.0,50.0,108.0,81.0,36.0,0.0,0.0,48.0,0.0,100.0,44.0,77.0,73.0,0.0,15.0,0.0,20.0,42.0,105.0,0.0,19.0,0.0,2.0,29.0,14.0,0.0,0.0,21.0,0.0,2.0,22.0,133.0,0.0,33.0,31.0,75.0,13.0,15.0,0.0,40.0,0.0,0.0,16.0,0.0,30.0,0.0,75.0,30.0,1.0,1.0,21.0,0.0,32.0,0.0,47.0,65.0,0.0,103.0,0.0,53.0,0.0,0.0,0.0,0.0,31.0,69.0,29.0,104.0,48.0,0.0,0.0,0.0,80.0,0.0,0.0,7.0,95.0,78.0,1.0,0.0,0.0,114.0,0.0,21.0,0.0,9.0,93.0,1.0,51.0,55.0
371,17.0,0.0,0.0,0.0,109.0,74.0,0.0,0.0,139.0,0.0,0.0,95.0,66.0,115.0,15.0,0.0,0.0,25.0,0.0,133.0,20.0,59.0,0.0,0.0,0.0,13.0,14.0,36.0,208.0,0.0,2.0,0.0,0.0,0.0,0.0,0.0,0.0,0.0,0.0,1.0,28.0,72.0,0.0,57.0,73.0,11.0,51.0,3.0,36.0,32.0,0.0,0.0,0.0,0.0,75.0,0.0,74.0,80.0,14.0,18.0,45.0,15.0,4.0,0.0,114.0,0.0,0.0,96.0,0.0,123.0,0.0,0.0,0.0,0.0,35.0,91.0,85.0,140.0,69.0,0.0,0.0,32.0,66.0,0.0,0.0,0.0,51.0,31.0,0.0,0.0,0.0,94.0,0.0,0.0,0.0,0.0,83.0,3.0,52.0,0.0
372,44.0,14.0,2.0,35.0,135.0,64.0,0.0,19.0,57.0,77.0,0.0,13.0,38.0,66.0,1.0,0.0,0.0,43.0,0.0,28.0,52.0,3.0,53.0,0.0,79.0,58.0,8.0,55.0,46.0,0.0,11.0,0.0,26.0,0.0,0.0,0.0,0.0,130.0,0.0,2.0,108.0,19.0,0.0,0.0,27.0,42.0,57.0,65.0,12.0,77.0,0.0,0.0,0.0,0.0,52.0,0.0,40.0,46.0,45.0,53.0,30.0,3.0,0.0,0.0,91.0,55.0,0.0,89.0,0.0,64.0,29.0,49.0,0.0,0.0,63.0,78.0,38.0,35.0,4.0,0.0,0.0,23.0,93.0,0.0,8.0,0.0,69.0,7.0,0.0,0.0,0.0,41.0,0.0,15.0,0.0,0.0,49.0,27.0,44.0,79.0
373,96.0,0.0,0.0,16.0,71.0,30.0,18.0,0.0,85.0,64.0,0.0,28.0,13.0,0.0,15.0,0.0,0.0,56.0,0.0,79.0,35.0,115.0,34.0,70.0,47.0,60.0,20.0,93.0,4.0,0.0,61.0,0.0,9.0,0.0,25.0,0.0,0.0,42.0,0.0,3.0,70.0,13.0,0.0,49.0,13.0,84.0,24.0,60.0,10.0,110.0,24.0,0.0,0.0,2.0,14.0,0.0,8.0,91.0,76.0,36.0,14.0,49.0,0.0,3.0,73.0,53.0,0.0,41.0,0.0,12.0,0.0,73.0,0.0,0.0,86.0,218.0,0.0,27.0,22.0,0.0,0.0,80.0,46.0,0.0,0.0,0.0,7.0,149.0,7.0,3.0,6.0,0.0,0.0,50.0,0.0,0.0,103.0,15.0,10.0,88.0
374,24.0,4.0,0.0,21.0,23.0,32.0,0.0,0.0,87.0,79.0,0.0,92.0,20.0,9.0,0.0,0.0,0.0,0.0,0.0,0.0,44.0,16.0,73.0,22.0,100.0,62.0,0.0,83.0,163.0,0.0,47.0,4.0,0.0,6.0,0.0,0.0,0.0,69.0,3.0,11.0,123.0,23.0,15.0,27.0,20.0,23.0,67.0,55.0,0.0,43.0,0.0,0.0,18.0,0.0,17.0,9.0,88.0,51.0,75.0,59.0,43.0,39.0,8.0,36.0,37.0,0.0,0.0,152.0,0.0,98.0,0.0,30.0,0.0,0.0,76.0,250.0,0.0,6.0,7.0,0.0,0.0,3.0,119.0,0.0,26.0,0.0,23.0,96.0,0.0,0.0,0.0,55.0,0.0,0.0,0.0,0.0,82.0,23.0,79.0,10.0
375,84.0,0.0,0.0,49.0,51.0,62.0,0.0,3.0,6.0,0.0,0.0,17.0,39.0,26.0,18.0,0.0,0.0,8.0,0.0,120.0,45.0,0.0,25.0,39.0,82.0,22.0,18.0,5.0,118.0,0.0,80.0,0.0,8.0,7.0,1.0,0.0,0.0,73.0,0.0,30.0,41.0,71.0,0.0,78.0,21.0,54.0,31.0,31.0,0.0,49.0,0.0,0.0,33.0,0.0,70.0,0.0,75.0,19.0,24.0,58.0,122.0,0.0,55.0,24.0,27.0,16.0,0.0,116.0,0.0,29.0,0.0,14.0,0.0,0.0,13.0,192.0,0.0,67.0,16.0,0.0,0.0,30.0,149.0,0.0,77.0,6.0,69.0,87.0,0.0,11.0,0.0,33.0,0.0,0.0,0.0,0.0,10.0,61.0,99.0,19.0
376,35.0,0.0,0.0,4.0,0.0,25.0,0.0,0.0,28.0,77.0,0.0,132.0,53.0,70.0,30.0,0.0,0.0,15.0,0.0,83.0,15.0,0.0,9.0,55.0,198.0,2.0,7.0,89.0,95.0,0.0,58.0,0.0,0.0,0.0,2.0,0.0,0.0,74.0,0.0,8.0,115.0,22.0,0.0,26.0,16.0,28.0,20.0,4.0,0.0,3.0,10.0,0.0,32.0,0.0,90.0,9.0,86.0,30.0,11.0,55.0,71.0,1.0,8.0,31.0,42.0,0.0,0.0,86.0,0.0,19.0,0.0,65.0,0.0,0.0,2.0,51.0,0.0,85.0,67.0,0.0,0.0,29.0,68.0,28.0,32.0,0.0,141.0,153.0,0.0,0.0,0.0,43.0,0.0,0.0,0.0,0.0,53.0,35.0,85.0,26.0
377,87.0,36.0,0.0,70.0,25.0,0.0,0.0,0.0,87.0,0.0,37.0,125.0,109.0,46.0,0.0,0.0,0.0,27.0,0.0,85.0,99.0,41.0,30.0,58.0,117.0,64.0,0.0,38.0,200.0,0.0,5.0,0.0,0.0,0.0,13.0,0.0,0.0,32.0,17.0,19.0,28.0,78.0,0.0,29.0,17.0,38.0,0.0,19.0,0.0,41.0,51.0,0.0,47.0,0.0,93.0,0.0,0.0,5.0,4.0,0.0,42.0,0.0,21.0,24.0,88.0,0.0,0.0,0.0,0.0,0.0,0.0,91.0,0.0,0.0,29.0,102.0,2.0,86.0,42.0,0.0,0.0,107.0,27.0,0.0,0.0,0.0,127.0,75.0,0.0,36.0,0.0,28.0,0.0,0.0,0.0,0.0,92.0,104.0,43.0,114.0
378,128.0,10.0,0.0,39.0,3.0,11.0,0.0,0.0,114.0,0.0,0.0,46.0,55.0,21.0,12.0,0.0,0.0,17.0,0.0,98.0,102.0,52.0,100.0,19.0,88.0,79.0,0.0,69.0,79.0,0.0,47.0,0.0,0.0,0.0,8.0,0.0,0.0,26.0,0.0,9.0,46.0,170.0,0.0,52.0,57.0,69.0,60.0,31.0,0.0,39.0,30.0,0.0,16.0,0.0,78.0,0.0,11.0,6.0,6.0,0.0,17.0,22.0,62.0,50.0,71.0,15.0,0.0,0.0,0.0,68.0,0.0,17.0,0.0,0.0,69.0,84.0,7.0,69.0,52.0,0.0,0.0,80.0,51.0,0.0,0.0,0.0,154.0,89.0,0.0,69.0,6.0,18.0,0.0,0.0,0.0,0.0,112.0,71.0,42.0,50.0
379,177.0,0.0,0.0,27.0,12.0,7.0,0.0,0.0,107.0,29.0,0.0,71.0,54.0,4.0,38.0,0.0,0.0,5.0,0.0,47.0,31.0,108.0,75.0,12.0,35.0,44.0,0.0,19.0,159.0,0.0,65.0,0.0,0.0,0.0,57.0,0.0,0.0,19.0,0.0,66.0,49.0,129.0,0.0,36.0,107.0,61.0,37.0,47.0,0.0,41.0,0.0,0.0,1.0,0.0,121.0,31.0,73.0,8.0,8.0,15.0,3.0,25.0,2.0,25.0,61.0,102.0,0.0,34.0,0.0,87.0,0.0,7.0,0.0,0.0,54.0,104.0,13.0,120.0,25.0,0.0,0.0,85.0,64.0,0.0,16.0,0.0,82.0,21.0,0.0,11.0,0.0,34.0,0.0,0.0,0.0,0.0,94.0,5.0,91.0,29.0
380,16.0,26.0,0.0,25.0,0.0,22.0,0.0,0.0,38.0,21.0,0.0,111.0,55.0,42.0,13.0,0.0,0.0,6.0,0.0,30.0,72.0,210.0,59.0,42.0,62.0,8.0,0.0,62.0,103.0,0.0,32.0,0.0,32.0,0.0,29.0,0.0,0.0,22.0,0.0,43.0,82.0,52.0,0.0,23.0,64.0,55.0,10.0,54.0,0.0,6.0,0.0,0.0,2.0,0.0,44.0,0.0,45.0,11.0,88.0,0.0,16.0,13.0,11.0,136.0,42.0,59.0,0.0,70.0,0.0,182.0,0.0,49.0,0.0,0.0,3.0,88.0,38.0,110.0,0.0,0.0,0.0,39.0,51.0,0.0,10.0,0.0,90.0,131.0,1.0,15.0,0.0,54.0,0.0,0.0,0.0,4.0,48.0,48.0,104.0,2.0
381,49.0,18.0,0.0,0.0,0.0,14.0,0.0,0.0,71.0,25.0,0.0,53.0,3.0,46.0,7.0,0.0,10.0,7.0,0.0,36.0,92.0,87.0,16.0,10.0,76.0,62.0,0.0,2.0,49.0,0.0,3.0,0.0,40.0,29.0,24.0,0.0,0.0,68.0,0.0,71.0,35.0,44.0,0.0,42.0,47.0,35.0,57.0,51.0,0.0,5.0,2.0,0.0,5.0,0.0,32.0,0.0,23.0,96.0,53.0,28.0,5.0,11.0,6.0,113.0,114.0,80.0,0.0,22.0,0.0,112.0,0.0,31.0,0.0,0.0,48.0,116.0,65.0,109.0,53.0,0.0,0.0,0.0,35.0,0.0,0.0,0.0,137.0,160.0,0.0,0.0,0.0,86.0,0.0,26.0,0.0,0.0,71.0,19.0,39.0,0.0
382,133.0,17.0,0.0,0.0,12.0,104.0,0.0,0.0,47.0,35.0,0.0,42.0,119.0,46.0,0.0,12.0,0.0,43.0,0.0,41.0,31.0,61.0,77.0,0.0,125.0,58.0,17.0,88.0,63.0,0.0,37.0,0.0,22.0,0.0,20.0,0.0,0.0,109.0,0.0,63.0,23.0,100.0,1.0,34.0,0.0,120.0,42.0,14.0,16.0,33.0,50.0,0.0,6.0,0.0,27.0,0.0,75.0,70.0,75.0,0.0,14.0,0.0,1.0,5.0,28.0,33.0,0.0,9.0,0.0,63.0,0.0,91.0,0.0,0.0,23.0,76.0,13.0,24.0,22.0,0.0,0.0,28.0,0.0,0.0,0.0,0.0,141.0,98.0,21.0,0.0,0.0,20.0,0.0,0.0,0.0,0.0,71.0,37.0,29.0,37.0
383,99.0,0.0,0.0,14.0,0.0,40.0,0.0,1.0,13.0,5.0,0.0,57.0,125.0,25.0,0.0,0.0,0.0,34.0,0.0,133.0,74.0,48.0,46.0,16.0,71.0,0.0,0.0,107.0,181.0,0.0,30.0,0.0,0.0,0.0,3.0,0.0,0.0,93.0,1.0,5.0,108.0,82.0,19.0,15.0,0.0,115.0,23.0,44.0,0.0,103.0,2.0,0.0,8.0,0.0,26.0,0.0,32.0,13.0,58.0,1.0,33.0,0.0,23.0,3.0,0.0,84.0,0.0,4.0,0.0,87.0,0.0,126.0,0.0,0.0,42.0,13.0,4.0,36.0,93.0,0.0,0.0,58.0,129.0,0.0,0.0,0.0,111.0,202.0,0.0,0.0,0.0,0.0,0.0,45.0,0.0,46.0,57.0,6.0,32.0,34.0
384,48.0,0.0,0.0,0.0,0.0,28.0,0.0,0.0,78.0,36.0,0.0,55.0,89.0,11.0,0.0,0.0,0.0,52.0,0.0,106.0,53.0,36.0,49.0,67.0,60.0,10.0,0.0,73.0,130.0,0.0,68.0,0.0,0.0,22.0,10.0,0.0,0.0,146.0,0.0,20.0,76.0,99.0,0.0,15.0,33.0,77.0,0.0,36.0,19.0,55.0,13.0,0.0,49.0,0.0,36.0,0.0,81.0,83.0,18.0,3.0,26.0,0.0,21.0,28.0,8.0,51.0,0.0,8.0,0.0,77.0,0.0,68.0,1.0,0.0,5.0,47.0,0.0,32.0,69.0,0.0,0.0,56.0,117.0,0.0,19.0,0.0,80.0,123.0,23.0,0.0,0.0,76.0,0.0,37.0,0.0,6.0,30.0,31.0,6.0,102.0
385,66.0,0.0,6.0,0.0,69.0,124.0,0.0,0.0,91.0,0.0,0.0,132.0,63.0,69.0,0.0,0.0,0.0,28.0,0.0,83.0,74.0,28.0,61.0,59.0,157.0,34.0,0.0,46.0,86.0,0.0,17.0,0.0,0.0,3.0,3.0,0.0,0.0,119.0,0.0,34.0,40.0,155.0,0.0,5.0,32.0,59.0,23.0,13.0,0.0,65.0,1.0,0.0,81.0,0.0,56.0,0.0,60.0,74.0,10.0,5.0,0.0,0.0,6.0,57.0,0.0,93.0,0.0,48.0,0.0,58.0,15.0,23.0,1.0,0.0,5.0,63.0,0.0,36.0,76.0,0.0,0.0,0.0,80.0,0.0,0.0,2.0,102.0,92.0,0.0,0.0,0.0,5.0,0.0,0.0,0.0,0.0,0.0,55.0,41.0,66.0
386,9.0,0.0,0.0,2.0,28.0,69.0,0.0,0.0,61.0,11.0,0.0,4.0,52.0,72.0,0.0,0.0,0.0,10.0,0.0,5.0,30.0,24.0,18.0,45.0,119.0,57.0,0.0,56.0,60.0,0.0,6.0,0.0,0.0,23.0,1.0,9.0,0.0,120.0,0.0,6.0,22.0,78.0,0.0,7.0,0.0,61.0,7.0,36.0,26.0,10.0,2.0,0.0,71.0,0.0,58.0,54.0,13.0,67.0,60.0,28.0,2.0,0.0,4.0,15.0,0.0,63.0,0.0,44.0,0.0,42.0,0.0,31.0,0.0,0.0,0.0,81.0,7.0,20.0,27.0,0.0,0.0,56.0,34.0,0.0,0.0,0.0,71.0,56.0,0.0,0.0,0.0,23.0,0.0,12.0,0.0,15.0,0.0,17.0,28.0,31.0
387,106.0,0.0,0.0,17.0,28.0,135.0,3.0,0.0,149.0,0.0,0.0,77.0,120.0,78.0,8.0,0.0,0.0,8.0,0.0,63.0,65.0,24.0,66.0,0.0,177.0,78.0,17.0,53.0,0.0,0.0,8.0,0.0,0.0,40.0,5.0,0.0,0.0,105.0,8.0,9.0,55.0,127.0,0.0,35.0,0.0,92.0,66.0,66.0,0.0,9.0,47.0,0.0,53.0,0.0,0.0,18.0,53.0,44.0,57.0,63.0,0.0,0.0,5.0,39.0,0.0,99.0,0.0,6.0,0.0,56.0,0.0,49.0,0.0,0.0,0.0,43.0,15.0,78.0,6.0,0.0,0.0,6.0,0.0,0.0,1.0,0.0,67.0,157.0,0.0,0.0,0.0,2.0,0.0,10.0,0.0,0.0,4.0,53.0,1.0,0.0
388,128.0,7.0,0.0,4.0,27.0,24.0,0.0,0.0,8.0,0.0,0.0,32.0,106.0,19.0,0.0,0.0,0.0,55.0,0.0,0.0,41.0,21.0,52.0,39.0,51.0,8.0,0.0,34.0,82.0,0.0,24.0,0.0,0.0,0.0,5.0,0.0,0.0,9.0,7.0,52.0,85.0,67.0,0.0,28.0,10.0,20.0,13.0,66.0,0.0,12.0,66.0,2.0,18.0,0.0,77.0,9.0,68.0,46.0,77.0,22.0,26.0,0.0,8.0,36.0,0.0,46.0,0.0,11.0,0.0,53.0,0.0,55.0,0.0,0.0,6.0,100.0,80.0,57.0,66.0,0.0,0.0,18.0,77.0,17.0,0.0,0.0,169.0,114.0,0.0,0.0,0.0,29.0,0.0,0.0,0.0,29.0,63.0,10.0,32.0,0.0
389,91.0,29.0,0.0,7.0,12.0,77.0,0.0,0.0,0.0,36.0,0.0,63.0,84.0,40.0,0.0,0.0,0.0,17.0,0.0,58.0,54.0,54.0,67.0,0.0,95.0,48.0,0.0,63.0,109.0,0.0,12.0,0.0,0.0,0.0,2.0,0.0,0.0,6.0,0.0,59.0,51.0,6.0,0.0,37.0,41.0,0.0,13.0,82.0,0.0,74.0,9.0,0.0,2.0,0.0,6.0,21.0,67.0,39.0,1.0,17.0,0.0,0.0,99.0,5.0,0.0,2.0,0.0,33.0,0.0,62.0,0.0,0.0,0.0,0.0,0.0,72.0,74.0,83.0,107.0,0.0,0.0,108.0,0.0,0.0,0.0,0.0,85.0,129.0,33.0,12.0,0.0,87.0,0.0,4.0,0.0,8.0,170.0,10.0,51.0,10.0
390,70.0,0.0,7.0,7.0,0.0,55.0,0.0,16.0,75.0,27.0,0.0,64.0,116.0,90.0,36.0,0.0,0.0,58.0,0.0,86.0,42.0,56.0,88.0,0.0,28.0,8.0,18.0,44.0,131.0,0.0,23.0,0.0,0.0,26.0,23.0,0.0,0.0,23.0,0.0,10.0,21.0,148.0,0.0,40.0,15.0,74.0,21.0,20.0,0.0,47.0,0.0,0.0,18.0,0.0,33.0,0.0,84.0,45.0,0.0,7.0,25.0,0.0,39.0,0.0,19.0,58.0,0.0,111.0,0.0,50.0,0.0,0.0,0.0,0.0,32.0,77.0,34.0,107.0,48.0,0.0,0.0,18.0,85.0,0.0,0.0,5.0,87.0,70.0,0.0,0.0,0.0,127.0,0.0,3.0,0.0,6.0,74.0,6.0,60.0,41.0
391,13.0,0.0,0.0,1.0,61.0,83.0,0.0,0.0,157.0,0.0,0.0,89.0,73.0,113.0,13.0,0.0,0.0,36.0,0.0,83.0,19.0,36.0,12.0,0.0,2.0,20.0,12.0,28.0,221.0,0.0,8.0,0.0,0.0,0.0,7.0,0.0,0.0,1.0,0.0,4.0,24.0,94.0,0.0,61.0,74.0,13.0,61.0,15.0,34.0,54.0,0.0,0.0,4.0,0.0,75.0,0.0,100.0,96.0,13.0,25.0,50.0,11.0,4.0,0.0,89.0,0.0,0.0,116.0,0.0,115.0,0.0,0.0,0.0,0.0,47.0,90.0,91.0,24.0,81.0,0.0,0.0,31.0,64.0,0.0,1.0,0.0,27.0,24.0,0.0,0.0,0.0,92.0,0.0,0.0,0.0,0.0,101.0,21.0,55.0,0.0
392,50.0,11.0,1.0,37.0,91.0,68.0,0.0,17.0,72.0,70.0,0.0,20.0,31.0,63.0,0.0,0.0,0.0,52.0,0.0,17.0,50.0,0.0,58.0,0.0,82.0,71.0,6.0,69.0,37.0,0.0,33.0,0.0,24.0,0.0,1.0,0.0,0.0,133.0,0.0,0.0,109.0,26.0,0.0,4.0,18.0,44.0,59.0,22.0,10.0,79.0,0.0,0.0,5.0,0.0,52.0,0.0,49.0,52.0,42.0,58.0,29.0,0.0,0.0,0.0,28.0,59.0,0.0,97.0,0.0,53.0,26.0,45.0,0.0,0.0,85.0,96.0,38.0,48.0,2.0,0.0,0.0,28.0,26.0,0.0,3.0,0.0,51.0,0.0,0.0,0.0,0.0,48.0,0.0,11.0,0.0,0.0,48.0,28.0,43.0,65.0
393,111.0,0.0,0.0,18.0,42.0,35.0,16.0,0.0,91.0,59.0,0.0,24.0,24.0,0.0,14.0,0.0,0.0,64.0,0.0,63.0,33.0,94.0,42.0,71.0,59.0,64.0,18.0,90.0,0.0,0.0,73.0,0.0,7.0,0.0,35.0,0.0,0.0,42.0,0.0,2.0,79.0,20.0,0.0,49.0,6.0,96.0,29.0,77.0,7.0,131.0,0.0,0.0,4.0,1.0,15.0,0.0,15.0,102.0,73.0,34.0,12.0,49.0,3.0,20.0,51.0,54.0,0.0,57.0,0.0,3.0,0.0,61.0,0.0,0.0,100.0,241.0,0.0,51.0,29.0,0.0,0.0,83.0,2.0,0.0,0.0,0.0,0.0,67.0,0.0,1.0,5.0,2.0,0.0,49.0,0.0,0.0,0.0,30.0,10.0,74.0
394,27.0,3.0,0.0,33.0,19.0,43.0,0.0,0.0,89.0,82.0,0.0,92.0,26.0,11.0,0.0,0.0,0.0,7.0,0.0,0.0,42.0,0.0,17.0,30.0,0.0,62.0,0.0,85.0,176.0,0.0,55.0,3.0,0.0,0.0,4.0,0.0,0.0,65.0,2.0,8.0,125.0,29.0,12.0,46.0,4.0,34.0,65.0,51.0,0.0,47.0,1.0,0.0,17.0,0.0,14.0,6.0,95.0,51.0,76.0,62.0,43.0,37.0,7.0,40.0,43.0,0.0,0.0,153.0,0.0,88.0,0.0,25.0,0.0,0.0,77.0,259.0,0.0,25.0,7.0,0.0,0.0,20.0,128.0,0.0,28.0,0.0,27.0,116.0,0.0,0.0,0.0,49.0,0.0,0.0,0.0,0.0,70.0,31.0,81.0,0.0
395,95.0,0.0,0.0,47.0,42.0,76.0,0.0,0.0,25.0,0.0,0.0,31.0,54.0,27.0,12.0,0.0,0.0,10.0,0.0,102.0,41.0,0.0,34.0,34.0,103.0,30.0,16.0,6.0,149.0,0.0,88.0,0.0,6.0,0.0,9.0,0.0,0.0,80.0,0.0,38.0,35.0,89.0,0.0,80.0,7.0,72.0,44.0,31.0,0.0,56.0,0.0,0.0,45.0,0.0,64.0,0.0,90.0,22.0,22.0,54.0,93.0,0.0,8.0,34.0,20.0,15.0,0.0,116.0,0.0,23.0,0.0,4.0,0.0,0.0,0.0,194.0,0.0,78.0,14.0,0.0,0.0,0.0,171.0,0.0,81.0,5.0,73.0,91.0,0.0,10.0,0.0,27.0,0.0,0.0,0.0,0.0,0.0,69.0,125.0,14.0
396,43.0,0.0,0.0,0.0,0.0,35.0,0.0,0.0,40.0,70.0,0.0,137.0,31.0,72.0,30.0,0.0,0.0,15.0,0.0,65.0,37.0,0.0,26.0,52.0,225.0,9.0,5.0,103.0,0.0,0.0,61.0,0.0,0.0,0.0,9.0,0.0,0.0,86.0,0.0,8.0,110.0,63.0,0.0,28.0,4.0,38.0,21.0,10.0,0.0,7.0,7.0,0.0,36.0,0.0,89.0,7.0,93.0,30.0,2.0,53.0,67.0,0.0,10.0,52.0,36.0,0.0,0.0,77.0,0.0,24.0,0.0,56.0,0.0,0.0,5.0,55.0,0.0,97.0,67.0,0.0,0.0,39.0,85.0,25.0,33.0,0.0,145.0,168.0,0.0,0.0,0.0,47.0,0.0,0.0,0.0,0.0,48.0,52.0,96.0,20.0
397,92.0,38.0,0.0,65.0,16.0,6.0,0.0,0.0,98.0,0.0,32.0,126.0,0.0,43.0,0.0,0.0,0.0,24.0,0.0,33.0,105.0,27.0,47.0,65.0,150.0,68.0,0.0,48.0,222.0,0.0,17.0,0.0,0.0,0.0,16.0,0.0,0.0,49.0,17.0,21.0,34.0,105.0,0.0,25.0,5.0,45.0,0.0,19.0,0.0,40.0,0.0,0.0,44.0,0.0,88.0,0.0,2.0,11.0,0.0,0.0,46.0,0.0,30.0,34.0,82.0,0.0,0.0,0.0,0.0,8.0,0.0,93.0,0.0,0.0,29.0,91.0,0.0,105.0,49.0,0.0,0.0,121.0,32.0,0.0,0.0,0.0,133.0,103.0,0.0,35.0,0.0,0.0,0.0,0.0,0.0,0.0,109.0,112.0,50.0,109.0
398,140.0,11.0,0.0,33.0,0.0,13.0,0.0,0.0,126.0,0.0,0.0,48.0,0.0,13.0,12.0,0.0,0.0,18.0,0.0,86.0,103.0,41.0,108.0,17.0,108.0,94.0,0.0,76.0,101.0,0.0,48.0,0.0,0.0,0.0,18.0,0.0,0.0,35.0,0.0,9.0,43.0,188.0,0.0,47.0,57.0,77.0,65.0,33.0,0.0,39.0,41.0,0.0,12.0,0.0,75.0,0.0,12.0,23.0,0.0,0.0,11.0,14.0,68.0,56.0,54.0,14.0,0.0,0.0,0.0,74.0,0.0,13.0,0.0,0.0,67.0,0.0,8.0,74.0,66.0,0.0,0.0,95.0,61.0,0.0,0.0,0.0,157.0,107.0,0.0,0.0,0.0,17.0,0.0,0.0,0.0,0.0,123.0,76.0,38.0,47.0
399,183.0,0.0,0.0,30.0,2.0,5.0,0.0,0.0,116.0,25.0,0.0,61.0,82.0,0.0,39.0,0.0,0.0,10.0,0.0,34.0,27.0,97.0,80.0,10.0,51.0,50.0,0.0,20.0,184.0,0.0,67.0,0.0,0.0,0.0,64.0,0.0,0.0,30.0,0.0,80.0,43.0,15.0,0.0,33.0,101.0,68.0,37.0,39.0,0.0,38.0,5.0,0.0,0.0,0.0,123.0,29.0,0.0,13.0,11.0,11.0,0.0,21.0,2.0,37.0,48.0,104.0,0.0,42.0,0.0,24.0,0.0,0.0,0.0,0.0,63.0,112.0,10.0,141.0,32.0,0.0,0.0,95.0,71.0,0.0,13.0,0.0,86.0,37.0,0.0,10.0,0.0,38.0,0.0,0.0,0.0,0.0,101.0,1.0,90.0,19.0
400,16.0,23.0,0.0,20.0,0.0,34.0,0.0,0.0,36.0,13.0,0.0,106.0,69.0,58.0,14.0,0.0,0.0,15.0,0.0,16.0,10.0,201.0,64.0,43.0,69.0,8.0,0.0,66.0,130.0,0.0,32.0,0.0,15.0,0.0,34.0,0.0,0.0,32.0,0.0,51.0,92.0,62.0,0.0,15.0,56.0,63.0,18.0,51.0,0.0,1.0,0.0,0.0,0.0,0.0,43.0,0.0,60.0,25.0,93.0,0.0,10.0,11.0,17.0,151.0,32.0,81.0,0.0,70.0,0.0,104.0,0.0,50.0,0.0,0.0,3.0,101.0,34.0,131.0,6.0,0.0,0.0,47.0,53.0,0.0,3.0,0.0,93.0,131.0,0.0,13.0,0.0,56.0,0.0,0.0,0.0,0.0,45.0,44.0,104.0,0.0
